3 0.23673115079365079 0.32671957671957674 0.1498015873015873 0.15608465608465608
3 0.4088541666666667 0.6830357142857143 0.21453373015873015 0.3091931216931217
3 0.4693700396825397 0.31547619047619047 0.12896825396825398 0.1865079365079365
3 0.22730654761904762 0.10267857142857142 0.09325396825396826 0.07804232804232804
5 0.7905505952380952 0.3705357142857143 0.049107142857142856 0.15013227513227514
5 0.49367559523809523 0.11755952380952381 0.02703373015873016 0.082010582010582
5 0.7057291666666666 0.1572420634920635 0.028273809523809524 0.09292328042328042
5 0.3552827380952381 0.2015542328042328 0.032242063492063495 0.10449735449735449
5 0.306671626984127 0.10615079365079365 0.025297619047619048 0.07738095238095238
5 0.6819196428571429 0.05720899470899471 0.020833333333333332 0.06845238095238096
1 0.38430059523809523 0.7982804232804233 0.036458333333333336 0.02546296296296296
5 0.41455853174603174 0.14070767195767195 0.02628968253968254 0.08630952380952381
5 0.3890128968253968 0.11028439153439154 0.023313492063492064 0.0796957671957672
0 0.4616443452380952 0.3777414021164021 0.030186011904761903 0.009821428571428571
2 0.4661458333333333 0.03373015873015873 0.07465277777777778 0.06746031746031746
4 0.05704365079365079 0.13872354497354497 0.025049603174603176 0.0916005291005291
0 0.20943948412698413 0.3737863756613756 0.03041914682539683 0.01046626984126984
4 0.16815476190476192 0.10085978835978836 0.014136904761904762 0.05919312169312169
4 0.014136904761904762 0.1853505291005291 0.027281746031746032 0.10218253968253968
5 0.3115079365079365 0.04282407407407408 0.017857142857142856 0.06316137566137567