5 0.5519748263888888 0.6263020833333334 0.06966145833333333 0.23466435185185186
3 0.9675564236111112 0.6053240740740741 0.0642361111111111 0.25491898148148145
3 0.2868923611111111 0.16796875 0.1037326388888889 0.11400462962962964
3 0.6870659722222222 0.1193576388888889 0.09526909722222222 0.09461805555555555
5 0.10557725694444445 0.3506944444444444 0.045572916666666664 0.15248842592592593
5 0.2392578125 0.2594039351851852 0.038411458333333336 0.13512731481481483
5 0.5044487847222222 0.18504050925925927 0.036458333333333336 0.11429398148148148
5 0.09342447916666667 0.23292824074074073 0.03927951388888889 0.12123842592592593
5 0.2025824652777778 0.1847511574074074 0.03233506944444445 0.10850694444444445
5 0.1323784722222222 0.06799768518518519 0.027560763888888888 0.08015046296296297
5 0.6309678819444444 0.1685474537037037 0.033203125 0.10040509259259259
5 0.6775173611111112 0.015625 0.038411458333333336 0.03125
5 0.5851779513888888 0.041666666666666664 0.027560763888888888 0.078125
5 0.04296875 0.027199074074074073 0.020616319444444444 0.05439814814814815
3 0.1418185763888889 0.015625 0.0661892361111111 0.030960648148148147
5 0.016493055555555556 0.044270833333333336 0.0234375 0.07349537037037036
3 0.5338541666666666 0.019965277777777776 0.12044270833333333 0.03993055555555555
5 0.5075954861111112 0.11791087962962964 0.03146701388888889 0.07320601851851852
1 0.3038194444444444 0.20384837962962962 0.015842013888888888 0.012152777777777778
3 0.7608506944444444 0.015769675925925927 0.045355902777777776 0.03153935185185185
2 0.30078125 0.017361111111111112 0.2267795138888889 0.03443287037037037
1 0.70521484375 0.1429021990740741 0.013467881944444446 0.01021701388888889
1 0.15185112847222224 0.01330150462962963 0.010290798611111112 0.007864583333333333