3 0.5602678571428571 0.5805224867724867 0.1388888888888889 0.17592592592592593
2 0.3733878968253968 0.4131944444444444 0.14434523809523808 0.23644179894179895
3 0.5040922619047619 0.3374669312169312 0.06870039682539683 0.0763888888888889
3 0.6674107142857143 0.3343253968253968 0.08978174603174603 0.09854497354497355
3 0.5198412698412699 0.27414021164021163 0.061507936507936505 0.06580687830687831
5 0.26091269841269843 0.8940145502645502 0.0818452380952381 0.21197089947089948
3 0.11780753968253968 0.4074074074074074 0.08506944444444445 0.12863756613756613
5 0.2591765873015873 0.6061507936507936 0.04836309523809524 0.15641534391534392
5 0.7315228174603174 0.4482473544973545 0.037698412698412696 0.10383597883597884
5 0.18191964285714285 0.18154761904761904 0.023561507936507936 0.036044973544973546
5 0.6831597222222222 0.3986441798941799 0.035962301587301584 0.09292328042328042
5 0.6097470238095238 0.18733465608465608 0.026537698412698412 0.0333994708994709
5 0.9826388888888888 0.8606150793650794 0.03447420634920635 0.22817460317460317
5 0.494171626984127 0.17939814814814814 0.024553571428571428 0.03273809523809524
2 0.22834325396825395 0.03277116402116402 0.08870039682539682 0.03234126984126984
3 0.12450396825396826 0.3373015873015873 0.0689484126984127 0.07572751322751323
5 0.31535218253968256 0.2744708994708995 0.020337301587301588 0.05324074074074074
5 0.3348363095238095 0.19651455026455025 0.0243328373015873 0.03455026455026455
5 0.43278769841269843 0.18022486772486773 0.025297619047619048 0.03505291005291005
3 0.08023313492063493 0.20337301587301587 0.06572420634920635 0.06481481481481481
5 0.2571453373015873 0.1823776455026455 0.024709821428571428 0.029758597883597884
5 0.28675347222222225 0.1802910052910053 0.022165178571428572 0.03293981481481482
3 0.1029265873015873 0.17212301587301587 0.051835317460317464 0.0291005291005291
5 0.3783482142857143 0.18022486772486773 0.029017857142857144 0.037037037037037035
3 0.3923611111111111 0.175760582010582 0.05530753968253968 0.030753968253968252
5 0.21825396825396826 0.16335978835978837 0.019097222222222224 0.02976190476190476
5 0.017361111111111112 0.8993055555555556 0.034722222222222224 0.2013888888888889
1 0.3852926587301587 0.5124007936507936 0.016617063492063492 0.010912698412698412
3 0.027281746031746032 0.1896494708994709 0.03571428571428571 0.036375661375661374
0 0.5794890873015873 0.6461640211640212 0.030009920634920636 0.010912698412698412
5 0.30679563492063494 0.1636904761904762 0.022817460317460316 0.028769841269841268
6 0.13159226190476192 0.029219576719576718 0.10519345238095237 0.04071097883597884
6 0.619640376984127 0.03001984126984127 0.07825892857142858 0.037840608465608466
3 0.779375 0.13755291005291004 0.03425347222222223 0.017847222222222223
5 0.7850124007936509 0.13929563492063493 0.018377976190476188 0.021157407407407406
5 0.8134771825396826 0.1420436507936508 0.0172296626984127 0.02066798941798942
3 0.7673015873015874 0.13370701058201057 0.03877480158730159 0.017331349206349204
3 0.7324652777777778 0.13495370370370371 0.025592757936507934 0.011560846560846562
3 0.699389880952381 0.13313822751322751 0.04446428571428571 0.01623015873015873
3 0.47200644841269845 0.13021494708994708 0.02847718253968254 0.02210648148148148
3 0.488702876984127 0.1249239417989418 0.04116319444444445 0.026474867724867724
3 0.37669146825396826 0.12863756613756613 0.030691964285714284 0.022357804232804233
3 0.21656001984126982 0.11943452380952381 0.02546875 0.02164351851851852
2 0.030342261904761907 0.14020833333333332 0.060687003968253966 0.06194113756613757
6 0.12080605158730158 0.14793981481481483 0.08239583333333333 0.05575396825396825
5 0.24478918650793652 0.16166666666666665 0.018040674603174604 0.029272486772486773
5 0.2597718253968254 0.1691931216931217 0.02194940476190476 0.03101190476190476
5 0.29190724206349206 0.16369378306878307 0.02021825396825397 0.03042989417989418
5 0.34390128968253963 0.18888227513227512 0.018249007936507935 0.034487433862433865
5 0.9027554563492063 0.198614417989418 0.025949900793650792 0.037318121693121695