5 0.9128689236111112 0.86328125 0.10503472222222222 0.2734375
5 0.6775173611111112 0.5918692129629629 0.0920138888888889 0.27719907407407407
5 0.7163628472222222 0.8272569444444444 0.11371527777777778 0.3454861111111111
5 0.5112847222222222 0.6672453703703703 0.08311631944444445 0.2803819444444444
5 0.3260633680555556 0.8699363425925926 0.10221354166666667 0.2601273148148148
5 0.4136284722222222 0.46889467592592593 0.06966145833333333 0.2170138888888889
5 0.1392144097222222 0.11168981481481481 0.03515625 0.12760416666666666
5 0.2260199652777778 0.3198784722222222 0.05555555555555555 0.18460648148148148
5 0.5913628472222222 0.10807291666666667 0.04405381944444445 0.12905092592592593
5 0.20930989583333334 0.06741898148148148 0.03428819444444445 0.11516203703703703
5 0.2609592013888889 0.03804976851851852 0.03211805555555555 0.07609953703703703
5 0.7208116319444444 0.11212384259259259 0.043619791666666664 0.13368055555555555
5 0.2407769097222222 0.22511574074074073 0.05056423611111111 0.14265046296296297
5 0.3657769097222222 0.25578703703703703 0.061848958333333336 0.1802662037037037
5 0.5093315972222222 0.21354166666666666 0.04774305555555555 0.1467013888888889
5 0.4657118055555556 0.058015046296296294 0.032552083333333336 0.11284722222222222
5 0.5315755208333334 0.15306712962962962 0.043619791666666664 0.13483796296296297
5 0.3794487847222222 0.04224537037037037 0.03233506944444445 0.08449074074074074
5 0.4970703125 0.019386574074074073 0.03515625 0.038483796296296294
5 0.3191189236111111 0.013310185185185185 0.030598958333333332 0.02662037037037037