3 0.8199869791666666 0.30454282407407407 0.17708333333333334 0.23813657407407407
3 0.4692925347222222 0.2113715277777778 0.1911892361111111 0.25028935185185186
3 0.17860243055555555 0.5368923611111112 0.2803819444444444 0.3151041666666667
3 0.7724609375 0.15436921296296297 0.13368055555555555 0.18258101851851852
3 0.4226345486111111 0.8271122685185185 0.4474826388888889 0.3443287037037037
3 0.12608506944444445 0.0970775462962963 0.10828993055555555 0.13831018518518517
5 0.5553385416666666 0.4292534722222222 0.06727430555555555 0.2152777777777778
5 0.6592881944444444 0.3187210648148148 0.057074652777777776 0.18518518518518517
5 0.4201388888888889 0.5549768518518519 0.08875868055555555 0.2757523148148148
3 0.06510416666666667 0.18098958333333334 0.13020833333333334 0.1545138888888889
5 0.030164930555555556 0.3120659722222222 0.059895833333333336 0.171875
3 0.8001302083333334 0.030815972222222224 0.0822482638888889 0.06163194444444445
5 0.14973958333333334 0.25593171296296297 0.07552083333333333 0.1519097222222222
5 0.5979817708333334 0.08347800925925926 0.03342013888888889 0.11226851851851852
5 0.3617621527777778 0.030237268518518517 0.040364583333333336 0.060474537037037035
5 0.6278211805555556 0.12210648148148148 0.03515625 0.13020833333333334
1 0.10991753472222222 0.6420717592592593 0.036458333333333336 0.02488425925925926
0 0.4387478298611111 0.30747395833333335 0.0341796875 0.012511574074074074
3 0.19140625 0.027633101851851853 0.10655381944444445 0.055266203703703706
1 0.1831597222222222 0.02850115740740741 0.016927083333333332 0.011574074074074073
0 0.7995876736111112 0.3783275462962963 0.038411458333333336 0.014756944444444444
1 0.7605251736111112 0.21585648148148148 0.022135416666666668 0.015625
1 0.041304253472222226 0.22946759259259258 0.0229296875 0.014736689814814815
4 0.0788845486111111 0.24609375 0.04014756944444445 0.14033564814814814
1 0.11891710069444444 0.27936053240740744 0.014307725694444447 0.012902199074074075
1 0.8040364583333334 0.03674768518518518 0.015407986111111112 0.011863425925925927