2 0.46899801587301587 0.3802910052910053 0.14310515873015872 0.24603174603174602
5 0.7390873015873016 0.7541335978835979 0.06646825396825397 0.23445767195767195
3 0.125 0.32919973544973546 0.12053571428571429 0.11772486772486772
3 0.6267361111111112 0.1962632275132275 0.05084325396825397 0.06316137566137567
3 0.5491071428571429 0.1712962962962963 0.039186507936507936 0.04794973544973545
5 0.22135416666666666 0.4978505291005291 0.052083333333333336 0.14186507936507936
3 0.34188988095238093 0.1908068783068783 0.04811507936507937 0.052248677248677246
5 0.6804315476190477 0.4234457671957672 0.041914682539682536 0.12334656084656084
5 0.17633928571428573 0.4123677248677249 0.036210317460317464 0.1173941798941799
3 0.6056547619047619 0.11507936507936507 0.036458333333333336 0.042328042328042326
5 0.31721230158730157 0.4416335978835979 0.04017857142857143 0.12764550264550265
1 0.4595734126984127 0.47619047619047616 0.018353174603174604 0.012896825396825396
5 0.2586805555555556 0.35631613756613756 0.031746031746031744 0.09689153439153439
3 0.5689484126984127 0.09441137566137567 0.029265873015873016 0.03406084656084656
3 0.5095486111111112 0.13657407407407407 0.03546626984126984 0.03835978835978836
5 0.6598462301587301 0.2728174603174603 0.024553571428571428 0.07804232804232804
5 0.6605902777777778 0.3609457671957672 0.027281746031746032 0.09490740740740741
5 0.5009920634920635 0.22470238095238096 0.02058531746031746 0.06415343915343916
5 0.40649801587301587 0.26157407407407407 0.025049603174603176 0.07175925925925926
5 0.3479662698412698 0.31283068783068785 0.029513888888888888 0.08994708994708994
5 0.23449900793650794 0.29034391534391535 0.027281746031746032 0.07705026455026455
5 0.3152281746031746 0.3414351851851852 0.03125 0.07837301587301587
5 0.15959821428571427 0.36789021164021163 0.03273809523809524 0.10185185185185185
5 0.43725198412698413 0.22470238095238096 0.018849206349206348 0.0625
5 0.33271329365079366 0.23875661375661375 0.019593253968253968 0.06283068783068783
5 0.49342757936507936 0.17046957671957672 0.017857142857142856 0.051587301587301584
3 0.33482142857142855 0.1087962962962963 0.031001984126984128 0.03373015873015873
5 0.41183035714285715 0.1359126984126984 0.01488095238095238 0.04332010582010582
5 0.36247519841269843 0.2781084656084656 0.024057539682539684 0.07076719576719577
5 0.45498511904761907 0.2511574074074074 0.020089285714285716 0.045965608465608467
5 0.4045138888888889 0.3460648148148148 0.02703373015873016 0.10185185185185185
5 0.37723214285714285 0.24867724867724866 0.021825396825396824 0.06349206349206349
5 0.3012152777777778 0.3948412698412698 0.033482142857142856 0.10482804232804233
5 0.4573412698412698 0.1453373015873016 0.012648809523809524 0.040013227513227514
5 0.4486607142857143 0.12797619047619047 0.012896825396825396 0.03902116402116402
5 0.5427827380952381 0.0958994708994709 0.011160714285714286 0.034722222222222224
5 0.4742063492063492 0.1463293650793651 0.012648809523809524 0.04365079365079365
5 0.5122767857142857 0.16071428571428573 0.013640873015873016 0.04298941798941799
5 0.42584325396825395 0.11441798941798942 0.01314484126984127 0.030753968253968252
5 0.7946428571428571 0.13012566137566137 0.013392857142857142 0.03902116402116402
0 0.09850446428571429 0.3645205026455026 0.01984375 0.00675925925925926