2 0.4367559523809524 0.1974206349206349 0.11284722222222222 0.16898148148148148
5 0.8205605158730159 0.7033730158730159 0.06374007936507936 0.21792328042328044
3 0.5767609126984127 0.3386243386243386 0.09399801587301587 0.11937830687830688
3 0.5812251984126984 0.18700396825396826 0.05282738095238095 0.06613756613756613
3 0.8494543650793651 0.09705687830687831 0.037698412698412696 0.03869047619047619
5 0.38095238095238093 0.583994708994709 0.05505952380952381 0.18353174603174602
5 0.6919642857142857 0.5692791005291006 0.05803571428571429 0.16732804232804233
5 0.27356150793650796 0.498015873015873 0.047867063492063495 0.1527777777777778
3 0.5135168650793651 0.12946428571428573 0.04389880952380952 0.04894179894179894
3 0.5884176587301587 0.0765542328042328 0.033234126984126984 0.04365079365079365
5 0.6870039682539683 0.29464285714285715 0.031994047619047616 0.09623015873015874
5 0.7904265873015873 0.3531746031746032 0.040674603174603176 0.1173941798941799
5 0.65625 0.22536375661375663 0.024553571428571428 0.07705026455026455
5 0.31708829365079366 0.18568121693121692 0.028769841269841268 0.05952380952380952
5 0.7166418650793651 0.19427910052910052 0.021081349206349208 0.0667989417989418
4 0.05530753968253968 0.404265873015873 0.038938492063492064 0.11937830687830688
5 0.05071924603174603 0.34771825396825395 0.09102182539682539 0.09722222222222222
3 0.6214037698412699 0.020833333333333332 0.021081349206349208 0.022156084656084655
3 0.5923859126984127 0.017361111111111112 0.01984126984126984 0.01984126984126984
5 0.3630952380952381 0.1531084656084656 0.027777777777777776 0.0539021164021164
3 0.5124007936507936 0.028935185185185185 0.0248015873015873 0.02447089947089947
0 0.5741840277777778 0.37541335978835977 0.023616071428571427 0.008432539682539682
5 0.8592509920634921 0.060515873015873016 0.012648809523809524 0.03207671957671958
6 0.5109300595238095 0.7818154761904762 0.262953869047619 0.4363690476190476