3 0.38392857142857145 0.7273478835978836 0.17906746031746032 0.22982804232804233
3 0.6040426587301587 0.685515873015873 0.13219246031746032 0.19345238095238096
2 0.41617063492063494 0.4017857142857143 0.14136904761904762 0.21031746031746032
3 0.03273809523809524 0.47023809523809523 0.06547619047619048 0.1283068783068783
3 0.40476190476190477 0.2501653439153439 0.04985119047619048 0.040013227513227514
3 0.08891369047619048 0.40029761904761907 0.07242063492063493 0.08134920634920635
3 0.06101190476190476 0.4330357142857143 0.07341269841269842 0.09126984126984126
5 0.19866071428571427 0.4755291005291005 0.031746031746031744 0.09887566137566138
2 0.1338045634920635 0.26091269841269843 0.06398809523809523 0.07175925925925926
5 0.23189484126984128 0.3857473544973545 0.023313492063492064 0.07705026455026455
5 0.2943948412698413 0.3728505291005291 0.022817460317460316 0.06977513227513228
3 0.6297123015873016 0.35267857142857145 0.043402777777777776 0.09887566137566138
5 0.3239087301587302 0.31415343915343913 0.020833333333333332 0.05489417989417989
2 0.028893849206349208 0.18683862433862433 0.057787698412698416 0.07374338624338625
5 0.24640376984126985 0.2701719576719577 0.018353174603174604 0.047619047619047616
5 0.19977678571428573 0.29480820105820105 0.020089285714285716 0.051587301587301584
1 0.3509424603174603 0.8009259259259259 0.026041666666666668 0.018518518518518517
5 0.4904513888888889 0.23214285714285715 0.012896825396825396 0.03935185185185185
3 0.10317460317460317 0.20651455026455026 0.05233134920634921 0.03406084656084656
0 0.5928819444444444 0.7486772486772487 0.03447420634920635 0.012896825396825396
1 0.40009176587301587 0.4931283068783069 0.014392361111111111 0.010459656084656084
2 0.5978224206349206 0.2117824074074074 0.058534226190476185 0.0618452380952381
5 0.1432514880952381 0.20199404761904763 0.019332837301587302 0.029388227513227515
5 0.17425843253968254 0.20255291005291004 0.020848214285714286 0.031851851851851846