5 0.7796223958333334 0.31626157407407407 0.06315104166666667 0.19126157407407407
5 0.2710503472222222 0.5620659722222222 0.08072916666666667 0.2552083333333333
5 0.3772786458333333 0.19299768518518517 0.05881076388888889 0.16811342592592593
5 0.3174913194444444 0.7800925925925926 0.09418402777777778 0.32957175925925924
5 0.06575520833333333 0.8499710648148148 0.11610243055555555 0.2994791666666667
5 0.3415798611111111 0.4340277777777778 0.0703125 0.22945601851851852
5 0.5072699652777778 0.5510706018518519 0.07573784722222222 0.2690972222222222
5 0.19108072916666666 0.07552083333333333 0.043402777777777776 0.1339699074074074
5 0.5305989583333334 0.40726273148148145 0.0700954861111111 0.1941550925925926
5 0.3038194444444444 0.26070601851851855 0.053385416666666664 0.17824074074074073
5 0.05392795138888889 0.37037037037037035 0.09114583333333333 0.1953125
5 0.4357638888888889 0.039641203703703706 0.040581597222222224 0.07928240740740741
5 0.3355034722222222 0.08550347222222222 0.04210069444444445 0.1284722222222222
5 0.1286892361111111 0.04701967592592592 0.03624131944444445 0.09403935185185185
5 0.3428819444444444 0.024305555555555556 0.037543402777777776 0.04861111111111111