3 0.6775173611111112 0.3068576388888889 0.1935763888888889 0.2277199074074074
3 0.4956597222222222 0.4486400462962963 0.19140625 0.27922453703703703
5 0.3233506944444444 0.6232638888888888 0.07769097222222222 0.2488425925925926
5 0.2146267361111111 0.4046585648148148 0.05360243055555555 0.19386574074074073
5 0.1872829861111111 0.1957465277777778 0.045355902777777776 0.13744212962962962
5 0.1222873263888889 0.31452546296296297 0.05078125 0.16811342592592593
5 0.3421223958333333 0.2042824074074074 0.044921875 0.14149305555555555
5 0.5155164930555556 0.23408564814814814 0.050347222222222224 0.13975694444444445
5 0.2692057291666667 0.1746238425925926 0.03797743055555555 0.1244212962962963
5 0.3094618055555556 0.04586226851851852 0.027777777777777776 0.09172453703703703
5 0.8916015625 0.027777777777777776 0.0627170138888889 0.05555555555555555
1 0.5067925347222223 0.5200491898148148 0.026731770833333335 0.02668113425925926
5 0.982421875 0.6051793981481481 0.03515625 0.23177083333333334
1 0.7352430555555556 0.3648726851851852 0.021484375 0.02025462962962963