3 0.1626984126984127 0.6782407407407407 0.1956845238095238 0.22585978835978837
2 0.2682291666666667 0.39186507936507936 0.1644345238095238 0.22817460317460317
3 0.4791666666666667 0.3290343915343915 0.047619047619047616 0.06117724867724868
3 0.4983878968253968 0.2824074074074074 0.03819444444444445 0.04398148148148148
5 0.6811755952380952 0.5555555555555556 0.04241071428571429 0.12466931216931217
3 0.49330357142857145 0.238260582010582 0.033482142857142856 0.041666666666666664
5 0.6155753968253969 0.5257936507936508 0.03571428571428571 0.12400793650793651
3 0.7619047619047619 0.2404100529100529 0.03149801587301587 0.03207671957671958
5 0.6493055555555556 0.4904100529100529 0.033482142857142856 0.1001984126984127
3 0.5555555555555556 0.251984126984127 0.031994047619047616 0.037037037037037035
2 0.4538690476190476 0.18551587301587302 0.032242063492063495 0.05026455026455026
5 0.7952628968253969 0.24272486772486773 0.018353174603174604 0.03505291005291005
3 0.5411706349206349 0.22718253968253968 0.025297619047619048 0.031084656084656083
5 0.5659722222222222 0.2837301587301587 0.015376984126984126 0.046296296296296294
5 0.8373015873015873 0.25148809523809523 0.018601190476190476 0.03802910052910053
3 0.5343650793650794 0.1832440476190476 0.017328869047619048 0.020419973544973546
5 0.08581349206349206 0.37797619047619047 0.05654761904761905 0.06746031746031746
0 0.11098710317460317 0.7734788359788359 0.034970238095238096 0.012566137566137565
3 0.5137648809523809 0.21081349206349206 0.023065476190476192 0.02546296296296296
5 0.341765873015873 0.26884920634920634 0.01488095238095238 0.03141534391534392
1 0.2421875 0.4937169312169312 0.015376984126984126 0.008928571428571428
5 0.3786483134920635 0.2508664021164021 0.012256944444444445 0.034970238095238096
5 0.47739831349206346 0.20145502645502647 0.006981646825396825 0.02482142857142857
5 0.4820362103174603 0.2051521164021164 0.00808779761904762 0.022152777777777775
5 0.054191468253968256 0.359457671957672 0.026041666666666668 0.06779100529100529
5 0.43861607142857145 0.22470238095238096 0.00992063492063492 0.031746031746031744
4 0.9792584325396825 0.2887929894179894 0.01282986111111111 0.04286706349206349
5 0.44948908730158726 0.2354100529100529 0.011383928571428571 0.03166666666666667
5 0.36714781746031744 0.24404431216931216 0.010009920634920635 0.03166666666666667
5 0.5471279761904762 0.2032142857142857 0.007755456349206349 0.021302910052910053
5 0.564811507936508 0.2112797619047619 0.008998015873015873 0.023786375661375665
5 0.81015625 0.24007275132275133 0.010758928571428572 0.031203703703703702
5 0.9098090277777777 0.2441005291005291 0.018685515873015875 0.035734126984126986
4 0.9823784722222222 0.30034391534391536 0.012457837301587301 0.022900132275132275
1 0.47720238095238093 0.3493783068783069 0.00882440476190476 0.006729497354497355
3 0.5648040674603174 0.18603174603174602 0.016088789682539684 0.017820767195767195
3 0.5130208333333334 0.17994708994708994 0.016356646825396826 0.016911375661375662
3 0.5532911706349206 0.17286044973544973 0.014593253968253969 0.014735449735449737
3 0.5732539682539682 0.1718617724867725 0.014459325396825396 0.016005291005291005
3 0.5355059523809523 0.16486772486772486 0.016364087301587303 0.01509589947089947
3 0.6504067460317461 0.22033068783068782 0.021262400793650795 0.024189814814814817
3 0.6476984126984127 0.1797850529100529 0.012098214285714287 0.015297619047619048
3 0.6524900793650794 0.17270171957671956 0.010434027777777778 0.01501653439153439
5 0.6565500992063492 0.2372718253968254 0.012725694444444446 0.03363425925925926