3 0.29228670634920634 0.5796957671957672 0.19072420634920634 0.29927248677248675
2 0.2682291666666667 0.2614087301587302 0.2874503968253968 0.328042328042328
5 0.4782986111111111 0.7235449735449735 0.08110119047619048 0.27744708994708994
3 0.5311259920634921 0.23776455026455026 0.09995039682539683 0.1164021164021164
3 0.7315228174603174 0.09259259259259259 0.06324404761904762 0.08763227513227513
3 0.5374503968253969 0.06481481481481481 0.05704365079365079 0.05787037037037037
5 0.578125 0.4816468253968254 0.056051587301587304 0.1822089947089947
5 0.626984126984127 0.37003968253968256 0.04836309523809524 0.15211640211640212
3 0.6039186507936508 0.11425264550264551 0.061755952380952384 0.07705026455026455
5 0.8030753968253969 0.22999338624338625 0.03546626984126984 0.1078042328042328
5 0.6204117063492064 0.23859126984126985 0.03273809523809524 0.10978835978835978
5 0.466765873015873 0.13095238095238096 0.023809523809523808 0.0796957671957672
5 0.7135416666666666 0.19990079365079366 0.031001984126984128 0.10449735449735449
5 0.6567460317460317 0.2614087301587302 0.034970238095238096 0.11706349206349206
5 0.4599454365079365 0.3568121693121693 0.04092261904761905 0.1402116402116402
5 0.4409722222222222 0.3004298941798942 0.036458333333333336 0.12169312169312169
3 0.722594246031746 0.033234126984126984 0.041914682539682536 0.05787037037037037
5 0.589781746031746 0.15542328042328044 0.030257936507936508 0.08531746031746032
6 0.6438492063492064 0.033234126984126984 0.05803571428571429 0.06646825396825397
1 0.20287698412698413 0.41021825396825395 0.020833333333333332 0.01455026455026455
5 0.5675843253968254 0.0269510582010582 0.016617063492063492 0.050595238095238096
0 0.28608630952380953 0.6979166666666666 0.046378968253968256 0.016203703703703703
5 0.13975694444444445 0.1661706349206349 0.025297619047619048 0.06547619047619048
5 0.0767609126984127 0.13012566137566137 0.056051587301587304 0.061507936507936505
0 0.5177132936507937 0.27136243386243386 0.025615079365079365 0.008538359788359788