3 0.2052331349206349 0.6476521164021164 0.15600198412698413 0.18154761904761904
3 0.17547123015873015 0.9019510582010583 0.24851190476190477 0.19576719576719576
3 0.36706349206349204 0.4634589947089947 0.0992063492063492 0.1130952380952381
2 0.5182291666666666 0.35796957671957674 0.12872023809523808 0.18882275132275134
5 0.5461309523809523 0.7179232804232805 0.05654761904761905 0.18287037037037038
5 0.5266617063492064 0.5649801587301587 0.04290674603174603 0.14351851851851852
3 0.20386904761904762 0.5233134920634921 0.10540674603174603 0.13558201058201058
5 0.7752976190476191 0.6868386243386243 0.04141865079365079 0.16302910052910052
5 0.6640625 0.578042328042328 0.04141865079365079 0.148478835978836
3 0.6112351190476191 0.2898478835978836 0.05580357142857143 0.06018518518518518
3 0.505828373015873 0.20403439153439154 0.04017857142857143 0.04497354497354497
3 0.22333829365079366 0.40757275132275134 0.10416666666666667 0.12235449735449735
3 0.8236607142857143 0.26951058201058203 0.034970238095238096 0.05720899470899471
3 0.5668402777777778 0.15773809523809523 0.02976190476190476 0.032407407407407406
5 0.28137400793650796 0.3201058201058201 0.023313492063492064 0.06481481481481481
5 0.6875 0.40062830687830686 0.030753968253968252 0.09523809523809523
3 0.6103670634920635 0.15625 0.028273809523809524 0.03505291005291005
5 0.30766369047619047 0.2933201058201058 0.022321428571428572 0.062169312169312166
5 0.16815476190476192 0.47271825396825395 0.03968253968253968 0.10714285714285714
5 0.4097222222222222 0.31812169312169314 0.022817460317460316 0.06977513227513228
5 0.4324156746031746 0.23032407407407407 0.01636904761904762 0.047619047619047616
5 0.42745535714285715 0.29646164021164023 0.021577380952380952 0.06448412698412699
5 0.6173115079365079 0.2371031746031746 0.018601190476190476 0.04662698412698413
1 0.1775793650793651 0.7094907407407407 0.024305555555555556 0.017526455026455025
3 0.8315972222222222 0.2027116402116402 0.04513888888888889 0.07308201058201058
5 0.6101190476190477 0.19411375661375663 0.014384920634920634 0.040013227513227514
5 0.5751488095238095 0.2671957671957672 0.021825396825396824 0.06084656084656084
3 0.6320684523809523 0.14252645502645503 0.024553571428571428 0.02447089947089947
3 0.5236855158730159 0.15029761904761904 0.036210317460317464 0.034722222222222224
5 0.6292162698412699 0.19047619047619047 0.01240079365079365 0.03935185185185185
5 0.5621279761904762 0.2048611111111111 0.013888888888888888 0.04298941798941799
5 0.4670138888888889 0.16947751322751323 0.012648809523809524 0.03670634920634921
5 0.5451388888888888 0.16815476190476192 0.011656746031746032 0.03439153439153439
5 0.12721478174603174 0.3990013227513227 0.054774305555555555 0.06972222222222223
5 0.3551587301587302 0.1917989417989418 0.023561507936507936 0.0333994708994709
5 0.43365575396825395 0.16633597883597884 0.012648809523809524 0.03505291005291005
5 0.20684523809523808 0.3237433862433862 0.03050595238095238 0.040013227513227514
4 0.264578373015873 0.2051521164021164 0.014193948412698412 0.04466269841269841
0 0.3560565476190476 0.4960383597883598 0.026135912698412696 0.007744708994708995