3 0.33271329365079366 0.24173280423280424 0.12648809523809523 0.13855820105820105
3 0.6612103174603174 0.13095238095238096 0.08234126984126984 0.10383597883597884
5 0.1687748015873016 0.2390873015873016 0.045882936507936505 0.1335978835978836
5 0.23883928571428573 0.33465608465608465 0.04662698412698413 0.15806878306878308
5 0.2543402777777778 0.1583994708994709 0.04117063492063492 0.10515873015873016
5 0.5593998015873016 0.16765873015873015 0.033234126984126984 0.10945767195767196
5 0.21887400793650794 0.2048611111111111 0.04265873015873016 0.11210317460317461
6 0.47160218253968256 0.049933862433862435 0.0726686507936508 0.09986772486772487
5 0.33544146825396826 0.11789021164021164 0.031746031746031744 0.09259259259259259
5 0.40811011904761907 0.042162698412698416 0.023065476190476192 0.07473544973544974
5 0.2449156746031746 0.0710978835978836 0.03794642857142857 0.06084656084656084
0 0.3088392857142857 0.2828968253968254 0.028521825396825396 0.009606481481481481
5 0.3855406746031746 0.031746031746031744 0.02132936507936508 0.06283068783068783
5 0.30654761904761907 0.08713624338624339 0.026785714285714284 0.08498677248677249
5 0.26413690476190477 0.09854497354497355 0.028521825396825396 0.07804232804232804
4 0.043154761904761904 0.18353174603174602 0.032242063492063495 0.10747354497354497
4 0.10193452380952381 0.11011904761904762 0.03273809523809524 0.09656084656084656
5 0.30766369047619047 0.0441468253968254 0.031001984126984128 0.06018518518518518
4 0.01523561507936508 0.1465839947089947 0.03046875 0.10870039682539683
1 0.6607986111111112 0.15992063492063494 0.014357638888888889 0.010201719576719576