3 0.7264384920634921 0.40343915343915343 0.16046626984126985 0.2251984126984127
5 0.4046378968253968 0.8745039682539683 0.11408730158730158 0.2509920634920635
3 0.5307539682539683 0.03951719576719577 0.06398809523809523 0.0701058201058201
3 0.6293402777777778 0.045965608465608467 0.06522817460317461 0.09060846560846561
5 0.26450892857142855 0.4001322751322751 0.05381944444444445 0.1736111111111111
5 0.02914186507936508 0.501818783068783 0.05828373015873016 0.20767195767195767
5 0.19729662698412698 0.179728835978836 0.03819444444444445 0.11044973544973545
5 0.8426339285714286 0.35813492063492064 0.052083333333333336 0.15707671957671956
5 0.35962301587301587 0.2347883597883598 0.036210317460317464 0.12863756613756613
5 0.37810019841269843 0.15674603174603174 0.03447420634920635 0.10416666666666667
5 0.02554563492063492 0.3639219576719577 0.05109126984126984 0.13326719576719576
6 0.5234375 0.31613756613756616 0.11160714285714286 0.2294973544973545
5 0.8611111111111112 0.041501322751322754 0.022569444444444444 0.06911375661375661
5 0.6806795634920635 0.02066798941798942 0.02058531746031746 0.04133597883597884
5 0.40401785714285715 0.04365079365079365 0.021577380952380952 0.07407407407407407
5 0.2222222222222222 0.07142857142857142 0.03422619047619048 0.07407407407407407
5 0.44208829365079366 0.03935185185185185 0.022569444444444444 0.0744047619047619
0 0.738219246031746 0.49255952380952384 0.037450396825396824 0.013558201058201057
0 0.5210813492063492 0.39269179894179895 0.03273809523809524 0.011904761904761904