3 0.13616071428571427 0.4935515873015873 0.1800595238095238 0.19411375661375663
3 0.5646081349206349 0.36706349206349204 0.11904761904761904 0.16335978835978837
5 0.21031746031746032 0.6931216931216931 0.07217261904761904 0.23214285714285715
3 0.5458829365079365 0.21908068783068782 0.0642361111111111 0.0873015873015873
3 0.6713789682539683 0.20601851851851852 0.0845734126984127 0.1087962962962963
3 0.5363343253968254 0.1455026455026455 0.06001984126984127 0.07076719576719577
5 0.296875 0.3543320105820106 0.03844246031746032 0.12202380952380952
3 0.6541418650793651 0.1314484126984127 0.054563492063492064 0.05919312169312169
5 0.46552579365079366 0.25281084656084657 0.030257936507936508 0.09722222222222222
3 0.6605902777777778 0.07572751322751323 0.040426587301587304 0.04497354497354497
3 0.3617311507936508 0.9484126984126984 0.2837301587301587 0.10317460317460317
5 0.2757936507936508 0.22503306878306878 0.027281746031746032 0.08961640211640212
1 0.09598214285714286 0.5572089947089947 0.0248015873015873 0.017526455026455025
5 0.42373511904761907 0.19890873015873015 0.023809523809523808 0.08300264550264551
5 0.4670138888888889 0.12351190476190477 0.018849206349206348 0.060515873015873016
5 0.43874007936507936 0.1431878306878307 0.02132936507936508 0.0625
5 0.5849454365079365 0.06001984126984127 0.015873015873015872 0.045304232804232805
5 0.4857390873015873 0.07506613756613757 0.015128968253968254 0.04398148148148148
5 0.46143353174603174 0.06994047619047619 0.016121031746031748 0.04794973544973545
5 0.4124503968253968 0.16997354497354497 0.023065476190476192 0.06878306878306878
5 0.1922123015873016 0.15591931216931218 0.04365079365079365 0.06646825396825397
2 0.515625 0.01951058201058201 0.054811507936507936 0.03902116402116402
4 0.01314484126984127 0.1974206349206349 0.022321428571428572 0.07903439153439154
3 0.8356894841269841 0.07589285714285714 0.025049603174603176 0.04398148148148148
5 0.5262896825396826 0.08416005291005291 0.016617063492063492 0.05324074074074074
3 0.6412450396825397 0.01570767195767196 0.033482142857142856 0.031084656084656083
5 0.6904761904761905 0.04183201058201058 0.013888888888888888 0.03968253968253968
5 0.5317460317460317 0.05125661375661376 0.018105158730158732 0.04398148148148148
5 0.6070188492063492 0.031084656084656083 0.011408730158730158 0.03439153439153439
5 0.5696924603174603 0.03356481481481482 0.013888888888888888 0.03869047619047619
5 0.6788194444444444 0.017857142857142856 0.010416666666666666 0.03273809523809524
1 0.5547395833333334 0.4230324074074074 0.019799107142857143 0.014715608465608465