3 0.38306051587301587 0.7046957671957672 0.12797619047619047 0.2056878306878307
2 0.2881944444444444 0.47685185185185186 0.17063492063492064 0.2781084656084656
3 0.5333581349206349 0.5456349206349206 0.0954861111111111 0.1388888888888889
5 0.8142361111111112 0.7288359788359788 0.06001984126984127 0.18584656084656084
5 0.06398809523809523 0.6223544973544973 0.08655753968253968 0.12962962962962962
5 0.6372767857142857 0.5580357142857143 0.034722222222222224 0.11441798941798942
3 0.16381448412698413 0.4203042328042328 0.0679563492063492 0.09755291005291006
5 0.7015128968253969 0.5542328042328042 0.037698412698412696 0.12235449735449735
3 0.49875992063492064 0.2701719576719577 0.03869047619047619 0.03505291005291005
5 0.43799603174603174 0.5291005291005291 0.03422619047619048 0.10218253968253968
3 0.43725198412698413 0.27529761904761907 0.03968253968253968 0.045304232804232805
2 0.3854166666666667 0.27827380952380953 0.06349206349206349 0.08895502645502645
5 0.7662450396825397 0.5367063492063492 0.036458333333333336 0.12466931216931217
5 0.7342509920634921 0.44130291005291006 0.027777777777777776 0.08498677248677249
5 0.6267361111111112 0.4503968253968254 0.028769841269841268 0.0882936507936508
5 0.7889384920634921 0.3272156084656085 0.03869047619047619 0.050595238095238096
5 0.6821676587301587 0.47007275132275134 0.035962301587301584 0.08862433862433862
5 0.4568452380952381 0.4697420634920635 0.026537698412698412 0.09060846560846561
5 0.7963789682539683 0.49074074074074076 0.032242063492063495 0.09887566137566138
3 0.1593501984126984 0.2630621693121693 0.050347222222222224 0.04927248677248677
3 0.17745535714285715 0.36342592592592593 0.05555555555555555 0.05588624338624339
5 0.5636160714285714 0.44345238095238093 0.027281746031746032 0.08333333333333333
5 0.5540674603174603 0.33134920634920634 0.018353174603174604 0.05191798941798942
5 0.5766369047619048 0.29017857142857145 0.015625 0.04265873015873016
1 0.37375992063492064 0.7756283068783069 0.023313492063492064 0.016203703703703703
6 0.5054563492063492 0.41517857142857145 0.04365079365079365 0.1078042328042328
5 0.37686011904761907 0.3414351851851852 0.018105158730158732 0.05191798941798942
5 0.6867559523809523 0.37549603174603174 0.02628968253968254 0.07804232804232804
5 0.3246527777777778 0.2962962962962963 0.01488095238095238 0.04398148148148148
3 0.9441964285714286 0.22123015873015872 0.06646825396825397 0.0291005291005291
5 0.6212797619047619 0.22602513227513227 0.020089285714285716 0.026455026455026454
2 0.5002480158730159 0.10433201058201058 0.10639880952380952 0.03406084656084656
3 0.12065972222222222 0.2552910052910053 0.02703373015873016 0.02943121693121693
5 0.4894593253968254 0.24189814814814814 0.01711309523809524 0.026124338624338623
5 0.5322420634920635 0.25496031746031744 0.012152777777777778 0.031084656084656083
5 0.5884176587301587 0.2294973544973545 0.019097222222222224 0.026785714285714284
3 0.41691468253968256 0.2294973544973545 0.023313492063492064 0.023809523809523808
5 0.28869047619047616 0.3058862433862434 0.016121031746031748 0.04828042328042328
0 0.5332068452380953 0.5878505291005292 0.02549107142857143 0.008521825396825397
5 0.3033234126984127 0.2724867724867725 0.011656746031746032 0.03571428571428571
5 0.3446180555555556 0.26421957671957674 0.01066468253968254 0.034722222222222224
5 0.01922123015873016 0.5884589947089947 0.03844246031746032 0.1259920634920635
5 0.17299107142857142 0.31977513227513227 0.01488095238095238 0.03835978835978836
5 0.6440972222222222 0.23429232804232805 0.015625 0.027777777777777776
5 0.7326388888888888 0.23561507936507936 0.021577380952380952 0.031746031746031744
5 0.3353174603174603 0.27827380952380953 0.010912698412698412 0.032407407407407406
5 0.3194444444444444 0.2681878306878307 0.012648809523809524 0.035383597883597885
1 0.28303819444444445 0.6001554232804233 0.017326388888888888 0.01269510582010582
1 0.16290178571428574 0.4512863756613757 0.011800595238095238 0.008664021164021164