3 0.6857638888888888 0.6119378306878307 0.15228174603174602 0.23941798941798942
3 0.38268849206349204 0.8184523809523809 0.19717261904761904 0.32771164021164023
3 0.5035962301587301 0.4287367724867725 0.0992063492063492 0.13624338624338625
3 0.9657738095238095 0.4280753968253968 0.06845238095238096 0.11375661375661375
3 0.5906498015873016 0.22238756613756613 0.04290674603174603 0.05026455026455026
3 0.5412946428571429 0.1810515873015873 0.031746031746031744 0.03736772486772487
3 0.8531746031746031 0.2404100529100529 0.02628968253968254 0.05787037037037037
2 0.4623015873015873 0.1357473544973545 0.03521825396825397 0.054563492063492064
5 0.43191964285714285 0.25033068783068785 0.017361111111111112 0.05092592592592592
5 0.17671130952380953 0.3492063492063492 0.028273809523809524 0.08167989417989419
3 0.9285714285714286 0.25744047619047616 0.0642361111111111 0.054563492063492064
5 0.6252480158730159 0.32572751322751325 0.024057539682539684 0.0744047619047619
5 0.9035218253968254 0.29927248677248675 0.023065476190476192 0.06712962962962964
5 0.04898313492063492 0.37351190476190477 0.0716765873015873 0.07837301587301587
5 0.4779265873015873 0.22767857142857142 0.01636904761904762 0.046957671957671955
3 0.28075396825396826 0.22883597883597884 0.09573412698412699 0.05357142857142857
3 0.560515873015873 0.15608465608465608 0.0248015873015873 0.02976190476190476
5 0.9572172619047619 0.2857142857142857 0.0248015873015873 0.06018518518518518
5 0.3819444444444444 0.20982142857142858 0.015625 0.04298941798941799
3 0.5737847222222222 0.11177248677248677 0.02132936507936508 0.03009259259259259
0 0.6935763888888888 0.708994708994709 0.034722222222222224 0.012566137566137565
2 0.5167410714285714 0.10714285714285714 0.0441468253968254 0.040013227513227514
6 0.40922619047619047 0.16302910052910052 0.04117063492063492 0.06316137566137567
5 0.24801587301587302 0.2838955026455027 0.023809523809523808 0.0582010582010582
5 0.7388392857142857 0.23602843915343916 0.016121031746031748 0.04877645502645503
0 0.35813492063492064 0.9484126984126984 0.046875 0.016534391534391533
5 0.46416170634920634 0.17542989417989419 0.011904761904761904 0.036044973544973546
5 0.6045386904761905 0.179728835978836 0.01314484126984127 0.036375661375661374
5 0.5085119047619048 0.178234126984127 0.011071428571428572 0.033409391534391535
0 0.494171626984127 0.4750992063492064 0.022624007936507935 0.008928571428571428
5 0.48623511904761907 0.18452380952380953 0.013888888888888888 0.03835978835978836
5 0.7245337301587302 0.20043320105820106 0.012738095238095238 0.03994047619047619
5 0.5924751984126985 0.15359457671957674 0.009007936507936508 0.026124338624338623
5 0.11259920634920635 0.3244047619047619 0.0248015873015873 0.06481481481481481
4 0.21572916666666667 0.27871693121693125 0.027056051587301587 0.06531084656084656
6 0.5355282738095238 0.12465608465608465 0.02445436507936508 0.03635912698412699
5 0.48159722222222223 0.16667328042328042 0.009357638888888888 0.031580687830687834
5 0.4995089285714286 0.1689153439153439 0.008040674603174603 0.02592592592592593
5 0.49673115079365077 0.15098214285714284 0.008918650793650795 0.02592592592592593
5 0.5802579365079364 0.1511772486772487 0.008856646825396825 0.026693121693121692
5 0.5881448412698413 0.16759589947089948 0.011284722222222222 0.02847222222222222
5 0.7363541666666666 0.21244047619047618 0.01242063492063492 0.03442791005291005