3 0.3289930555555556 0.453042328042328 0.10143849206349206 0.1378968253968254
2 0.2197420634920635 0.32572751322751325 0.13020833333333334 0.22156084656084657
2 0.6305803571428571 0.5656415343915344 0.2611607142857143 0.4837962962962963
5 0.8089037698412699 0.9262566137566137 0.08060515873015874 0.1474867724867725
5 0.1341765873015873 0.62119708994709 0.051835317460317464 0.17294973544973544
3 0.4816468253968254 0.3998015873015873 0.04861111111111111 0.11706349206349206
3 0.39732142857142855 0.1800595238095238 0.04513888888888889 0.044642857142857144
5 0.7524801587301587 0.3602843915343915 0.033234126984126984 0.105489417989418
5 0.8054315476190477 0.4044312169312169 0.03968253968253968 0.11673280423280423
5 0.8841765873015873 0.36078042328042326 0.031746031746031744 0.09953703703703703
2 0.2400793650793651 0.18287037037037038 0.07142857142857142 0.10945767195767196
5 0.4045138888888889 0.37119708994708994 0.033482142857142856 0.09391534391534391
5 0.078125 0.31630291005291006 0.02628968253968254 0.07738095238095238
5 0.36693948412698413 0.2976190476190476 0.023065476190476192 0.0763888888888889
5 0.6340525793650794 0.2951388888888889 0.03050595238095238 0.07407407407407407
1 0.6429811507936508 0.791005291005291 0.02976190476190476 0.018849206349206348
5 0.1572420634920635 0.27546296296296297 0.0220734126984127 0.06514550264550265
5 0.5074404761904762 0.30886243386243384 0.030257936507936508 0.06613756613756613
5 0.46999007936507936 0.19444444444444445 0.018353174603174604 0.05092592592592592
5 0.4375 0.21494708994708994 0.01984126984126984 0.05257936507936508
5 0.6075148809523809 0.16071428571428573 0.027529761904761904 0.04332010582010582
1 0.33382936507936506 0.490244708994709 0.017857142857142856 0.012896825396825396
5 0.6906001984126984 0.3498677248677249 0.036210317460317464 0.09424603174603174
5 0.10094246031746032 0.25165343915343913 0.021081349206349208 0.0625
5 0.16951884920634921 0.20023148148148148 0.018353174603174604 0.051587301587301584
5 0.7154017857142857 0.15426587301587302 0.03249007936507937 0.041005291005291
5 0.5922619047619048 0.25595238095238093 0.02628968253968254 0.07671957671957672
5 0.34685019841269843 0.17824074074074073 0.01636904761904762 0.04497354497354497
5 0.7196180555555556 0.4469246031746032 0.036210317460317464 0.08597883597883597
5 0.7001488095238095 0.3179563492063492 0.032242063492063495 0.08300264550264551
5 0.13727678571428573 0.1853505291005291 0.020089285714285716 0.04497354497354497
5 0.43191964285714285 0.15641534391534392 0.014136904761904762 0.0419973544973545
3 0.31063988095238093 0.18121693121693122 0.056299603174603176 0.06547619047619048
5 0.49342757936507936 0.14682539682539683 0.0220734126984127 0.03736772486772487
5 0.5372023809523809 0.16815476190476192 0.019345238095238096 0.04365079365079365
5 0.12562003968253968 0.22420634920634921 0.024057539682539684 0.05886243386243386
5 0.19518849206349206 0.17526455026455026 0.014632936507936508 0.045304232804232805
5 0.5726686507936508 0.16732804232804233 0.029017857142857144 0.04497354497354497
5 0.18303571428571427 0.17179232804232805 0.01488095238095238 0.046296296296296294
5 0.7718253968253969 0.16104497354497355 0.03794642857142857 0.046296296296296294
5 0.6887400793650794 0.14831349206349206 0.02703373015873016 0.03902116402116402
5 0.35193452380952384 0.1527777777777778 0.014632936507936508 0.03935185185185185
5 0.13033234126984128 0.22271825396825398 0.027529761904761904 0.06117724867724868
1 0.22510168650793652 0.41869708994709 0.015059523809523809 0.011663359788359789