3 0.44208829365079366 0.6559193121693122 0.18055555555555555 0.24966931216931218
6 0.38169642857142855 0.2569444444444444 0.09027777777777778 0.16765873015873015
5 0.22172619047619047 0.5033068783068783 0.05133928571428571 0.1650132275132275
5 0.6236359126984127 0.33052248677248675 0.033482142857142856 0.1173941798941799
5 0.08283730158730158 0.41451719576719576 0.038938492063492064 0.1378968253968254
5 0.5096726190476191 0.3093584656084656 0.03273809523809524 0.10846560846560846
5 0.09895833333333333 0.9484126984126984 0.09052579365079365 0.10284391534391535
5 0.27914186507936506 0.23015873015873015 0.028273809523809524 0.08234126984126984
5 0.7378472222222222 0.25992063492063494 0.029017857142857144 0.08928571428571429
3 0.6369047619047619 0.034722222222222224 0.026537698412698412 0.03042328042328042
5 0.8761160714285714 0.13657407407407407 0.019345238095238096 0.05919312169312169
5 0.7220982142857143 0.2005621693121693 0.024057539682539684 0.07076719576719577
5 0.5411706349206349 0.18336640211640212 0.024553571428571428 0.062169312169312166
5 0.4730902777777778 0.14401455026455026 0.017857142857142856 0.05787037037037037
5 0.25037202380952384 0.19973544973544974 0.03050595238095238 0.06712962962962964
5 0.5378224206349206 0.25496031746031744 0.03125 0.10152116402116403
0 0.4185267857142857 0.7458664021164021 0.04290674603174603 0.015873015873015872
5 0.37003968253968256 0.14484126984126985 0.018849206349206348 0.05787037037037037
5 0.5522569444444444 0.07905753968253967 0.015776289682539683 0.041292989417989416
5 0.5715525793650794 0.05324074074074074 0.01314484126984127 0.04034391534391534
5 0.5204613095238095 0.22668650793650794 0.023313492063492064 0.07903439153439154
5 0.4259672619047619 0.09771825396825397 0.016121031746031748 0.04894179894179894
5 0.9102827380952382 0.0578339947089947 0.012765376984126983 0.034133597883597884
5 0.2218501984126984 0.19411375661375663 0.037450396825396824 0.0625
5 0.8875124007936508 0.0546494708994709 0.011932043650793651 0.03256613756613757
5 0.5591021825396826 0.024206349206349207 0.01130952380952381 0.030618386243386246
5 0.52578125 0.06699404761904762 0.012872023809523809 0.03830026455026455
5 0.8592187499999999 0.039699074074074074 0.012219742063492064 0.030062830687830687
5 0.9037946428571428 0.03756613756613757 0.011604662698412697 0.028703703703703703
5 0.6104910714285714 0.036375661375661374 0.010168650793650794 0.03273809523809524
5 0.6832837301587301 0.05572089947089947 0.012648809523809524 0.036044973544973546
5 0.8465302579365079 0.05385912698412699 0.008350694444444445 0.03256613756613757