3 0.4106987847222222 0.07306134259259259 0.1423611111111111 0.14612268518518517
3 0.8650173611111112 0.3414351851851852 0.1840277777777778 0.2065972222222222
3 0.4883897569444444 0.7209201388888888 0.2847222222222222 0.4195601851851852
3 0.4890407986111111 0.30179398148148145 0.1616753472222222 0.2065972222222222
5 0.8139105902777778 0.8880208333333334 0.1111111111111111 0.22366898148148148
5 0.2052951388888889 0.9006076388888888 0.11002604166666667 0.1987847222222222
5 0.0498046875 0.9043692129629629 0.09917534722222222 0.19126157407407407
3 0.1480034722222222 0.07928240740740741 0.1273871527777778 0.12991898148148148
6 0.2158203125 0.1675347222222222 0.1911892361111111 0.2427662037037037
1 0.8902994791666666 0.4029224537037037 0.028645833333333332 0.020833333333333332
5 0.0166015625 0.37572337962962965 0.033203125 0.22395833333333334
1 0.4996744791666667 0.36313657407407407 0.028211805555555556 0.018518518518518517
1 0.2289496527777778 0.2439236111111111 0.024739583333333332 0.019386574074074073
0 0.5128038194444444 0.88671875 0.06705729166666667 0.02199074074074074
3 0.4983723958333333 0.020399305555555556 0.10112847222222222 0.03501157407407408
1 0.4403211805555556 0.11183449074074074 0.019748263888888888 0.013888888888888888
1 0.517578125 0.011574074074074073 0.013888888888888888 0.011574074074074073