3 0.7336309523809523 0.5573743386243386 0.15401785714285715 0.20436507936507936
3 0.5045882936507936 0.4174933862433862 0.10342261904761904 0.1746031746031746
2 0.12165178571428571 0.5927579365079365 0.24330357142857142 0.3921957671957672
3 0.5467509920634921 0.23544973544973544 0.08754960317460317 0.11276455026455026
3 0.4099702380952381 0.25033068783068785 0.08407738095238096 0.11243386243386243
3 0.8627232142857143 0.1605489417989418 0.04439484126984127 0.06117724867724868
3 0.49169146825396826 0.14930555555555555 0.050347222222222224 0.0582010582010582
3 0.5654761904761905 0.17046957671957672 0.06101190476190476 0.07705026455026455
5 0.22433035714285715 0.3791335978835979 0.040426587301587304 0.11044973544973545
5 0.3107638888888889 0.33201058201058203 0.03819444444444445 0.10648148148148148
5 0.6667906746031746 0.20949074074074073 0.025793650793650792 0.07837301587301587
3 0.582093253968254 0.10499338624338625 0.041914682539682536 0.05489417989417989
5 0.6716269841269841 0.12516534391534392 0.018849206349206348 0.05654761904761905
5 0.2864583333333333 0.2369378306878307 0.026537698412698412 0.0873015873015873
2 0.5751488095238095 0.05489417989417989 0.07142857142857142 0.09887566137566138
3 0.6321924603174603 0.036375661375661374 0.03298611111111111 0.03670634920634921
1 0.03755704365079365 0.7581646825396826 0.032894345238095236 0.021286375661375662
5 0.3306051587301587 0.1595568783068783 0.027281746031746032 0.05853174603174603
5 0.6078869047619048 0.14517195767195767 0.019345238095238096 0.05952380952380952
3 0.6788194444444444 0.03273809523809524 0.02628968253968254 0.0291005291005291
0 0.7425595238095238 0.626984126984127 0.03993055555555555 0.014219576719576719
5 0.408234126984127 0.132771164021164 0.018105158730158732 0.050595238095238096
5 0.6649305555555556 0.0710978835978836 0.013888888888888888 0.040674603174603176
5 0.44990079365079366 0.14204695767195769 0.01984126984126984 0.05420304232804233
5 0.865203373015873 0.02595899470899471 0.013640873015873016 0.03835978835978836
4 0.03583829365079365 0.45337301587301587 0.044642857142857144 0.06613756613756613
5 0.5021081349206349 0.10317460317460317 0.018105158730158732 0.03935185185185185
5 0.46924603174603174 0.053075396825396824 0.013888888888888888 0.04133597883597884
3 0.8286210317460317 0.05588624338624339 0.019097222222222224 0.05191798941798942
0 0.40178323412698413 0.2759589947089947 0.019092261904761907 0.006944444444444444
5 0.8815724206349206 0.04580026455026455 0.012648809523809524 0.04398148148148148
1 0.5022321428571429 0.4675925925925926 0.020833333333333332 0.016203703703703703
5 0.5054563492063492 0.06514550264550265 0.015873015873015872 0.04034391534391534
5 0.38675843253968256 0.19703373015873019 0.02224702380952381 0.04745701058201058
5 0.3845362103174603 0.16970238095238094 0.02224702380952381 0.041947751322751324
5 0.43760664682539685 0.19110119047619048 0.027331349206349206 0.0686441798941799
5 0.42481646825396824 0.14246693121693121 0.019184027777777776 0.05665674603174604
1 0.5416939484126985 0.2661574074074074 0.013514384920634922 0.010112433862433863