5 0.10193452380952381 0.640542328042328 0.07762896825396826 0.22056878306878308
6 0.5445188492063492 0.23743386243386244 0.11532738095238096 0.20502645502645503
5 0.8975694444444444 0.7202380952380952 0.07192460317460317 0.24966931216931218
6 0.7770337301587301 0.43716931216931215 0.125 0.24537037037037038
6 0.4701140873015873 0.16633597883597884 0.13343253968253968 0.20205026455026456
3 0.23697916666666666 0.2243716931216931 0.12202380952380952 0.11937830687830688
5 0.6619543650793651 0.32060185185185186 0.039186507936507936 0.12665343915343916
5 0.04030257936507937 0.5066137566137566 0.06001984126984127 0.1722883597883598
5 0.18080357142857142 0.396494708994709 0.05381944444444445 0.14947089947089948
5 0.5829613095238095 0.531415343915344 0.057291666666666664 0.19345238095238096
5 0.2880704365079365 0.38508597883597884 0.050347222222222224 0.14186507936507936
3 0.6795634920634921 0.05406746031746032 0.049107142857142856 0.0582010582010582
5 0.33717757936507936 0.28058862433862436 0.036210317460317464 0.10945767195767196
5 0.054563492063492064 0.4363425925925926 0.06498015873015874 0.13227513227513227
5 0.6784474206349206 0.16815476190476192 0.02554563492063492 0.08333333333333333
5 0.8017113095238095 0.263723544973545 0.03447420634920635 0.1078042328042328
5 0.4099702380952381 0.38508597883597884 0.046378968253968256 0.14186507936507936
3 0.5908978174603174 0.06597222222222222 0.04811507936507937 0.05357142857142857
5 0.626984126984127 0.7642195767195767 0.14360119047619047 0.23115079365079366
5 0.7297867063492064 0.09821428571428571 0.020089285714285716 0.060515873015873016
1 0.7736855158730159 0.5243055555555556 0.025049603174603176 0.017526455026455025
5 0.4130704365079365 0.26438492063492064 0.03149801587301587 0.09821428571428571
5 0.3836805555555556 0.2025462962962963 0.028769841269841268 0.08597883597883597
5 0.6173115079365079 0.08234126984126984 0.01984126984126984 0.0582010582010582
5 0.7061011904761905 0.09408068783068783 0.018601190476190476 0.05588624338624339
5 0.6216517857142857 0.024966931216931217 0.016865079365079364 0.044642857142857144
5 0.7762896825396826 0.12632275132275134 0.024305555555555556 0.06712962962962964
5 0.7423115079365079 0.02199074074074074 0.013888888888888888 0.0419973544973545
3 0.6502976190476191 0.01603835978835979 0.030753968253968252 0.03207671957671958
5 0.6421130952380952 0.036044973544973546 0.014384920634920634 0.04133597883597884
5 0.7655009920634921 0.04728835978835979 0.01711309523809524 0.05191798941798942
5 0.7981150793650794 0.18948412698412698 0.029513888888888888 0.07242063492063493
5 0.5391865079365079 0.04943783068783069 0.015625 0.04662698412698413
5 0.9165426587301587 0.045965608465608467 0.019097222222222224 0.06084656084656084
1 0.5302579365079365 0.3089021164021164 0.016865079365079364 0.011650132275132273
5 0.7819940476190477 0.17509920634920634 0.026785714285714284 0.08465608465608465
5 0.5642361111111112 0.055224867724867725 0.016865079365079364 0.0496031746031746
0 0.2092013888888889 0.259755291005291 0.019593253968253968 0.008267195767195767
5 0.7755456349206349 0.018518518518518517 0.013888888888888888 0.037037037037037035
1 0.44518849206349204 0.24503968253968253 0.013640873015873016 0.00992063492063492
5 0.6825396825396826 0.010747354497354497 0.01488095238095238 0.021494708994708994