3 0.4429563492063492 0.5863095238095238 0.1800595238095238 0.2605820105820106
5 0.203125 0.8015873015873016 0.07688492063492064 0.2701719576719577
3 0.08258928571428571 0.28505291005291006 0.10491071428571429 0.14054232804232805
5 0.5631200396825397 0.781415343915344 0.07663690476190477 0.26521164021164023
3 0.04154265873015873 0.701223544973545 0.08308531746031746 0.3101851851851852
6 0.5323660714285714 0.26587301587301587 0.13988095238095238 0.2562830687830688
5 0.2490079365079365 0.576058201058201 0.05952380952380952 0.1884920634920635
5 0.07601686507936507 0.445271164021164 0.05530753968253968 0.1498015873015873
3 0.29985119047619047 0.10648148148148148 0.061755952380952384 0.059854497354497355
3 0.4079861111111111 0.12251984126984126 0.05704365079365079 0.06084656084656084
3 0.3776041666666667 0.9502314814814815 0.2571924603174603 0.09953703703703703
3 0.6159474206349206 0.19692460317460317 0.047867063492063495 0.08035714285714286
3 0.5538194444444444 0.09507275132275132 0.054563492063492064 0.06448412698412699
5 0.3400297619047619 0.320271164021164 0.03670634920634921 0.11474867724867725
6 0.1824156746031746 0.3093584656084656 0.08159722222222222 0.15046296296296297
5 0.6479414682539683 0.9203042328042328 0.09647817460317461 0.1593915343915344
3 0.5744047619047619 0.04249338624338624 0.03943452380952381 0.04332010582010582
5 0.5164930555555556 0.4322089947089947 0.047619047619047616 0.1388888888888889
5 0.3603670634920635 0.501984126984127 0.05704365079365079 0.1712962962962963
3 0.3820684523809524 0.09771825396825397 0.05505952380952381 0.06183862433862434
5 0.4176587301587302 0.3998015873015873 0.04836309523809524 0.1302910052910053
3 0.6028025793650794 0.136739417989418 0.06001984126984127 0.06547619047619048
1 0.4260912698412698 0.6714616402116402 0.030257936507936508 0.020833333333333332
5 0.39657738095238093 0.17410714285714285 0.02554563492063492 0.0787037037037037
5 0.45337301587301587 0.1498015873015873 0.0248015873015873 0.06382275132275132
5 0.4513888888888889 0.20833333333333334 0.026537698412698412 0.08664021164021164
5 0.654265873015873 0.1284722222222222 0.0220734126984127 0.06481481481481481
5 0.435515873015873 0.074239417989418 0.016865079365079364 0.0496031746031746
5 0.4867311507936508 0.12003968253968254 0.021825396825396824 0.06712962962962964
5 0.3325892857142857 0.25810185185185186 0.032242063492063495 0.07208994708994709
3 0.4609375 0.018187830687830687 0.041666666666666664 0.036375661375661374
5 0.6687748015873016 0.05191798941798942 0.015376984126984126 0.04927248677248677
0 0.5313368055555555 0.3582936507936508 0.026850198412698412 0.009907407407407408
5 0.6583581349206349 0.04298941798941799 0.016121031746031748 0.04563492063492063
5 0.3265128968253968 0.07308201058201058 0.019097222222222224 0.05092592592592592
5 0.6329365079365079 0.08878968253968254 0.02058531746031746 0.05654761904761905
0 0.08110119047619048 0.3212632275132275 0.026041666666666668 0.00958994708994709
5 0.5131448412698413 0.01273148148148148 0.013640873015873016 0.02546296296296296
5 0.5603918650793651 0.014384920634920634 0.013888888888888888 0.028769841269841268
5 0.9640376984126984 0.017195767195767195 0.012152777777777778 0.03373015873015873
3 0.6257936507936508 0.07201388888888889 0.043878968253968254 0.04964616402116402