3 0.16344246031746032 0.7013888888888888 0.23561507936507936 0.25132275132275134
2 0.263640873015873 0.25744047619047616 0.17038690476190477 0.28835978835978837
6 0.5333581349206349 0.3125 0.14112103174603174 0.2708333333333333
3 0.6951884920634921 0.22602513227513227 0.08903769841269842 0.09490740740740741
5 0.7720734126984127 0.43039021164021163 0.050595238095238096 0.1498015873015873
5 0.3539186507936508 0.5466269841269841 0.057539682539682536 0.19510582010582012
5 0.10280257936507936 0.320271164021164 0.04092261904761905 0.11706349206349206
5 0.8256448412698413 0.3943452380952381 0.04117063492063492 0.1388888888888889
5 0.39384920634920634 0.43898809523809523 0.0662202380952381 0.1455026455026455
3 0.5732886904761905 0.12632275132275134 0.06696428571428571 0.082010582010582
1 0.1130952380952381 0.7847222222222222 0.033482142857142856 0.02546296296296296
5 0.1338045634920635 0.25462962962962965 0.056299603174603176 0.09523809523809523
5 0.7568204365079365 0.16848544973544974 0.031746031746031744 0.08068783068783068
3 0.6046626984126984 0.02132936507936508 0.03844246031746032 0.04265873015873016
5 0.39074900793650796 0.16236772486772486 0.028025793650793652 0.08630952380952381
3 0.35751488095238093 0.21246693121693122 0.03373015873015873 0.0992063492063492
2 0.6520337301587301 0.07308201058201058 0.06944444444444445 0.10813492063492064
5 0.6690228174603174 0.16203703703703703 0.026537698412698412 0.0701058201058201
5 0.3524305555555556 0.12367724867724868 0.023065476190476192 0.06812169312169312
5 0.6979166666666666 0.14798280423280424 0.025297619047619048 0.06448412698412699
2 0.3975694444444444 0.041666666666666664 0.06646825396825397 0.08333333333333333
5 0.5518353174603174 0.01984126984126984 0.014136904761904762 0.03935185185185185
3 0.5856894841269841 0.06084656084656084 0.040426587301587304 0.04894179894179894
5 0.10143849206349206 0.2015542328042328 0.026537698412698412 0.05886243386243386
5 0.9476686507936508 0.14963624338624337 0.016617063492063492 0.07738095238095238
5 0.23053075396825398 0.0517526455026455 0.04017857142857143 0.04894179894179894
1 0.5302132936507937 0.4175462962962963 0.02189732142857143 0.013918650793650796
2 0.468546626984127 0.15108796296296295 0.07800347222222222 0.15178902116402115