3 0.595734126984127 0.3680555555555556 0.13120039682539683 0.1789021164021164
2 0.4021577380952381 0.24173280423280424 0.21329365079365079 0.3115079365079365
3 0.1817956349206349 0.22453703703703703 0.11904761904761904 0.1292989417989418
5 0.08159722222222222 0.6565806878306878 0.08581349206349206 0.23544973544973544
5 0.6887400793650794 0.5107473544973545 0.05704365079365079 0.20932539682539683
3 0.5985863095238095 0.1626984126984127 0.08060515873015874 0.0958994708994709
5 0.8231646825396826 0.4203042328042328 0.05257936507936508 0.17096560846560846
5 0.6479414682539683 0.25744047619047616 0.04017857142857143 0.12301587301587301
3 0.6634424603174603 0.07060185185185185 0.06572420634920635 0.08763227513227513
5 0.7394593253968254 0.26884920634920634 0.03373015873015873 0.12301587301587301
5 0.5417906746031746 0.1087962962962963 0.022321428571428572 0.07473544973544974
1 0.5887896825396826 0.42294973544973546 0.022817460317460316 0.016203703703703703
5 0.19543650793650794 0.10367063492063493 0.043154761904761904 0.07275132275132275
3 0.3607390873015873 0.0248015873015873 0.05133928571428571 0.0496031746031746
5 0.4279513888888889 0.04332010582010582 0.020833333333333332 0.061507936507936505
5 0.2751736111111111 0.23578042328042328 0.036210317460317464 0.1173941798941799
5 0.3342013888888889 0.0873015873015873 0.022569444444444444 0.07076719576719577
3 0.603546626984127 0.019345238095238096 0.043402777777777776 0.03869047619047619
1 0.3715277777777778 0.37665343915343913 0.020337301587301588 0.013227513227513227
5 0.6598462301587301 0.10681216931216932 0.025049603174603176 0.07572751322751323
5 0.628968253968254 0.11888227513227513 0.023561507936507936 0.07506613756613757
5 0.5659722222222222 0.07853835978835978 0.021825396825396824 0.06613756613756613
5 0.5157490079365079 0.0882936507936508 0.024057539682539684 0.07407407407407407
5 0.5208333333333334 0.040013227513227514 0.017609126984126984 0.05125661375661376
5 0.45870535714285715 0.06977513227513228 0.03249007936507937 0.042328042328042326
5 0.5869295634920635 0.08878968253968254 0.027777777777777776 0.06316137566137567
3 0.8732638888888888 0.02628968253968254 0.03422619047619048 0.05257936507936508
5 0.25818452380952384 0.13260582010582012 0.024305555555555556 0.07738095238095238
4 0.23387896825396826 0.025793650793650792 0.015873015873015872 0.051587301587301584
4 0.05133928571428571 0.14699074074074073 0.02554563492063492 0.08862433862433862
5 0.390625 0.074239417989418 0.025049603174603176 0.05257936507936508
5 0.6138392857142857 0.042162698412698416 0.021577380952380952 0.06117724867724868
5 0.5033482142857143 0.06597222222222222 0.018849206349206348 0.0582010582010582
5 0.31299603174603174 0.04794973544973545 0.023065476190476192 0.06283068783068783
4 0.01351686507936508 0.19047619047619047 0.02703373015873016 0.10515873015873016
5 0.27331349206349204 0.15228174603174602 0.033234126984126984 0.08035714285714286
1 0.5933779761904762 0.18746362433862435 0.014136904761904762 0.010320767195767196
5 0.3814484126984127 0.05803571428571429 0.018353174603174604 0.059854497354497355
5 0.5963541666666666 0.06167328042328042 0.018849206349206348 0.05125661375661376
5 0.00744047619047619 0.10912698412698413 0.014632936507936508 0.05886243386243386
5 0.8345734126984127 0.00496031746031746 0.015625 0.00992063492063492