6 0.7239583333333334 0.41999421296296297 0.4982638888888889 0.6695601851851852
3 0.341796875 0.25202546296296297 0.1330295138888889 0.16261574074074073
3 0.21495225694444445 0.1255787037037037 0.11024305555555555 0.12210648148148148
3 0.3302951388888889 0.06597222222222222 0.08355034722222222 0.08883101851851852
5 0.37890625 0.037037037037037035 0.04600694444444445 0.07262731481481481
1 0.8260633680555556 0.6708622685185185 0.037543402777777776 0.02662037037037037
5 0.2868923611111111 0.027777777777777776 0.04904513888888889 0.05555555555555555
5 0.013780381944444444 0.033130787037037035 0.027560763888888888 0.06626157407407407
1 0.22937065972222223 0.1572945601851852 0.015911458333333333 0.011383101851851853
0 0.34107421875 0.08973090277777779 0.019097222222222224 0.006203703703703704
0 0.3497482638888889 0.29907696759259256 0.03286024305555555 0.011047453703703703