3 0.7802734375 0.3355034722222222 0.1579861111111111 0.19155092592592593
3 0.8602430555555556 0.1527777777777778 0.1343315972222222 0.12586805555555555
3 0.9443359375 0.7413194444444444 0.111328125 0.3506944444444444
5 0.5419921875 0.5258969907407407 0.060980902777777776 0.21354166666666666
5 0.5646701388888888 0.7686631944444444 0.08463541666666667 0.2786458333333333
5 0.3217230902777778 0.2964409722222222 0.045572916666666664 0.14554398148148148
5 0.14268663194444445 0.8962673611111112 0.11783854166666667 0.2074652777777778
5 0.6134982638888888 0.39351851851851855 0.05447048611111111 0.1808449074074074
3 0.6700303819444444 0.05164930555555555 0.14322916666666666 0.08362268518518519
5 0.1640625 0.21397569444444445 0.03993055555555555 0.12384259259259259
5 0.44140625 0.9088541666666666 0.09765625 0.18229166666666666
5 0.2451171875 0.24189814814814814 0.04014756944444445 0.1328125
5 0.4273003472222222 0.2214988425925926 0.041449652777777776 0.12731481481481483
5 0.6616753472222222 0.15335648148148148 0.033854166666666664 0.10966435185185185
5 0.5666232638888888 0.23046875 0.03732638888888889 0.1255787037037037
5 0.3973524305555556 0.0970775462962963 0.03125 0.0954861111111111
5 0.4802517361111111 0.045572916666666664 0.028211805555555556 0.08506944444444445
5 0.5526258680555556 0.03414351851851852 0.03537326388888889 0.06828703703703703
5 0.3245442708333333 0.03978587962962963 0.025390625 0.07696759259259259
1 0.7980685763888888 0.3881481481481482 0.02491753472222222 0.016241319444444444
3 0.5779079861111112 0.028645833333333332 0.07921006944444445 0.057291666666666664
5 0.2951388888888889 0.01750578703703704 0.04774305555555555 0.03501157407407408
5 0.4534505208333333 0.010127314814814815 0.05295138888888889 0.02025462962962963
0 0.8871223958333334 0.18890046296296298 0.0265234375 0.0076620370370370375
4 0.016927083333333332 0.021267361111111112 0.020833333333333332 0.042534722222222224
0 0.5879817708333334 0.04178819444444444 0.018778211805555556 0.005885416666666666
0 0.7246875 0.06826678240740741 0.016328125 0.0071730324074074075