6 0.19866071428571427 0.7013888888888888 0.39732142857142855 0.5958994708994709
5 0.35119047619047616 0.9017857142857143 0.059027777777777776 0.19576719576719576
5 0.6773313492063492 0.8984788359788359 0.05654761904761905 0.20304232804232805
5 0.4966517857142857 0.6173941798941799 0.032242063492063495 0.10912698412698413
5 0.5808531746031746 0.5532407407407407 0.024553571428571428 0.083994708994709
3 0.5199652777777778 0.35813492063492064 0.025793650793650792 0.03141534391534392
3 0.5522073412698413 0.40773809523809523 0.03249007936507937 0.041005291005291
6 0.7646329365079365 0.40244708994708994 0.06721230158730158 0.0796957671957672
5 0.5469990079365079 0.5300925925925926 0.023065476190476192 0.07572751322751323
5 0.5308779761904762 0.47701719576719576 0.018601190476190476 0.0582010582010582
5 0.47445436507936506 0.5125661375661376 0.02132936507936508 0.07605820105820106
5 0.42844742063492064 0.4859457671957672 0.019345238095238096 0.06415343915343916
5 0.44320436507936506 0.3781415343915344 0.012152777777777778 0.03373015873015873
5 0.7397073412698413 0.45965608465608465 0.018849206349206348 0.05125661375661376
5 0.574280753968254 0.4298941798941799 0.014384920634920634 0.04828042328042328
5 0.5174851190476191 0.4041005291005291 0.014384920634920634 0.040674603174603176
3 0.7197420634920635 0.35714285714285715 0.027529761904761904 0.028769841269841268
5 0.4366319444444444 0.44477513227513227 0.016617063492063492 0.049933862433862435
5 0.5425347222222222 0.36673280423280424 0.011656746031746032 0.03042328042328042
5 0.4957837301587302 0.4459325396825397 0.015625 0.05357142857142857
5 0.4749503968253968 0.46378968253968256 0.018601190476190476 0.045304232804232805
5 0.40662202380952384 0.3774801587301587 0.012152777777777778 0.034722222222222224
5 0.4824975198412699 0.3777380952380952 0.011314484126984126 0.032023809523809524
5 0.4157986111111111 0.3662367724867725 0.011904761904761904 0.031746031746031744
5 0.4931795634920635 0.40773809523809523 0.014384920634920634 0.041666666666666664
5 0.46416170634920634 0.37334656084656087 0.010912698412698412 0.0333994708994709
5 0.8435391865079366 0.37747354497354496 0.01544890873015873 0.029771825396825397
5 0.0726686507936508 0.509755291005291 0.03695436507936508 0.04298941798941799
5 0.5586135912698412 0.35660383597883594 0.009260912698412699 0.02584325396825397
5 0.9897073412698413 0.4095568783068783 0.02058531746031746 0.03306878306878307
5 0.9505034722222222 0.39610780423280423 0.029233630952380952 0.024583333333333336
5 0.5012400793650794 0.39037698412698413 0.012152777777777778 0.0333994708994709
4 0.9203199404761905 0.407989417989418 0.01292906746031746 0.03747685185185185
4 0.8808184523809524 0.39526124338624335 0.012294146825396826 0.03261904761904762
4 0.8629737103174604 0.391005291005291 0.00949156746031746 0.03023148148148148
3 0.7362772817460318 0.34092261904761906 0.0290625 0.02091600529100529
5 0.7452331349206349 0.35494047619047614 0.009992559523809523 0.019031084656084656
5 0.5685119047619047 0.38389880952380956 0.011656746031746032 0.033095238095238094
5 0.5748883928571428 0.36634589947089946 0.009600694444444445 0.02687830687830688
5 0.497405753968254 0.35253968253968254 0.008501984126984127 0.02267526455026455
5 0.4605109126984127 0.35469246031746027 0.008871527777777779 0.024874338624338625
5 0.47297123015873016 0.34066137566137566 0.007604166666666667 0.02159060846560847
5 0.48504712301587305 0.3477017195767196 0.006688988095238095 0.020651455026455028
5 0.46184771825396825 0.3380787037037037 0.006617063492063492 0.01680224867724868
4 0.38443204365079364 0.36319444444444443 0.006636904761904762 0.025109126984126987
4 0.39310019841269844 0.3609821428571428 0.006222718253968254 0.025552248677248677
5 0.5119122023809525 0.3399735449735449 0.006500496031746032 0.017212301587301585
5 0.48918898809523814 0.33739748677248677 0.005724206349206349 0.018525132275132278
6 0.5405605158730159 0.3143452380952381 0.016106150793650794 0.03083994708994709
3 0.5664310515873016 0.3187962962962963 0.014645337301587302 0.016845238095238094
5 0.495875496031746 0.3275496031746032 0.004749503968253968 0.015261243386243385
5 0.5136383928571429 0.3163822751322751 0.005267857142857143 0.014966931216931217
5 0.4797123015873016 0.3580257936507937 0.008891369047619047 0.027622354497354496
5 0.5215252976190476 0.31210648148148146 0.005133928571428571 0.014695767195767194
5 0.5012946428571429 0.3129100529100529 0.006039186507936508 0.01509589947089947
5 0.6346180555555556 0.3397751322751323 0.007095734126984127 0.020496031746031745