3 0.2891710069444444 0.7743055555555556 0.3528645833333333 0.3151041666666667
3 0.1906467013888889 0.33781828703703703 0.1306423611111111 0.16030092592592593
3 0.4631076388888889 0.3645833333333333 0.18424479166666666 0.16493055555555555
5 0.8949652777777778 0.46484375 0.06358506944444445 0.15914351851851852
5 0.2918836805555556 0.51953125 0.07508680555555555 0.17390046296296297
5 0.3968098958333333 0.5163483796296297 0.08094618055555555 0.1791087962962963
3 0.04481336805555555 0.3194444444444444 0.0896267361111111 0.1394675925925926
5 0.4358723958333333 0.14076967592592593 0.06358506944444445 0.08246527777777778
5 0.7817925347222222 0.24623842592592593 0.04600694444444445 0.10532407407407407
5 0.849609375 0.12471064814814815 0.05360243055555555 0.07349537037037036
5 0.2345920138888889 0.14872685185185186 0.06532118055555555 0.08217592592592593
5 0.7501085069444444 0.4739583333333333 0.054036458333333336 0.16145833333333334
5 0.5528428819444444 0.12962962962962962 0.05881076388888889 0.07928240740740741
5 0.6514756944444444 0.3489583333333333 0.04796006944444445 0.1362847222222222
5 0.7647569444444444 0.11313657407407407 0.055338541666666664 0.07378472222222222
5 0.3307291666666667 0.3719618055555556 0.048394097222222224 0.14033564814814814
5 0.4580078125 0.4053819444444444 0.058159722222222224 0.15393518518518517
5 0.6265190972222222 0.24522569444444445 0.038411458333333336 0.10821759259259259
5 0.6620008680555556 0.2651909722222222 0.042317708333333336 0.10040509259259259
5 0.029188368055555556 0.5154803240740741 0.05837673611111111 0.17418981481481483
5 0.09950086805555555 0.2825520833333333 0.04969618055555555 0.12876157407407407
5 0.3939887152777778 0.2662037037037037 0.04188368055555555 0.10966435185185185
5 0.5550130208333334 0.27025462962962965 0.043402777777777776 0.1076388888888889
3 0.03493923611111111 0.43041087962962965 0.06987847222222222 0.16666666666666666
5 0.3218315972222222 0.2621527777777778 0.03819444444444445 0.10590277777777778
5 0.3465711805555556 0.2808159722222222 0.04210069444444445 0.11487268518518519
1 0.3874782986111111 0.8072916666666666 0.03602430555555555 0.029513888888888888
5 0.2766927083333333 0.2903645833333333 0.04709201388888889 0.1154513888888889
5 0.5067274305555556 0.24797453703703703 0.05447048611111111 0.08391203703703703
5 0.4458550347222222 0.24146412037037038 0.051215277777777776 0.08912037037037036