3 0.5545634920634921 0.749834656084656 0.15500992063492064 0.23875661375661375
3 0.22916666666666666 0.45419973544973546 0.09573412698412699 0.08862433862433862
5 0.4609375 0.6622784391534392 0.050595238095238096 0.15343915343915343
3 0.621031746031746 0.38591269841269843 0.054811507936507936 0.06415343915343916
3 0.5813492063492064 0.42724867724867727 0.06324404761904762 0.09424603174603174
2 0.8762400793650794 0.31729497354497355 0.05530753968253968 0.07506613756613757
6 0.4131944444444444 0.41517857142857145 0.20510912698412698 0.2056878306878307
3 0.5223214285714286 0.3298611111111111 0.03993055555555555 0.04662698412698413
5 0.9367559523809523 0.5677910052910053 0.03298611111111111 0.10185185185185185
3 0.5923859126984127 0.30770502645502645 0.04241071428571429 0.047619047619047616
5 0.9156746031746031 0.4583333333333333 0.02554563492063492 0.0744047619047619
3 0.6201636904761905 0.2691798941798942 0.030009920634920636 0.03439153439153439
3 0.9466765873015873 0.33465608465608465 0.048859126984126984 0.041666666666666664
5 0.6236359126984127 0.33548280423280424 0.01636904761904762 0.03935185185185185
5 0.08092261904761903 0.438369708994709 0.06809275793650794 0.06572089947089947
5 0.6496775793650794 0.500165343915344 0.027529761904761904 0.09523809523809523
5 0.8267609126984127 0.3812830687830688 0.017857142857142856 0.055224867724867725
3 0.6662946428571429 0.28587962962962965 0.03373015873015873 0.040013227513227514
5 0.5677083333333334 0.35730820105820105 0.019345238095238096 0.054563492063492064
5 0.6715029761904762 0.36921296296296297 0.019097222222222224 0.06084656084656084
2 0.5770089285714286 0.22238756613756613 0.04836309523809524 0.046296296296296294
5 0.9343998015873016 0.351521164021164 0.018105158730158732 0.047619047619047616
5 0.9759424603174603 0.3637566137566138 0.019097222222222224 0.05324074074074074
2 0.6341418650793651 0.24148809523809522 0.02703373015873016 0.03854828042328042
3 0.884967757936508 0.23708333333333334 0.020865575396825396 0.02169973544973545
5 0.5183531746031746 0.2923280423280423 0.01240079365079365 0.031084656084656083
5 0.8049355158730159 0.2853835978835979 0.011408730158730158 0.035383597883597885
5 0.6352926587301587 0.29811507936507936 0.011904761904761904 0.040013227513227514
1 0.9456398809523809 0.5907738095238095 0.009672619047619048 0.010582010582010581
5 0.6636904761904762 0.32919973544973546 0.016121031746031748 0.046296296296296294
5 0.019717261904761904 0.49537037037037035 0.03943452380952381 0.09854497354497355
5 0.5780133928571429 0.2759160052910053 0.011631944444444445 0.03243716931216931
5 0.9962797619047619 0.3768187830687831 0.00744047619047619 0.051587301587301584
1 0.5368874007936508 0.8396164021164021 0.02628968253968254 0.021111111111111112
1 0.9213566468253968 0.4713227513227513 0.007827380952380952 0.008207671957671957
0 0.20435515873015875 0.4784887566137566 0.019134424603174605 0.0074834656084656085
1 0.35678819444444443 0.494781746031746 0.01335813492063492 0.010439814814814815
5 0.5528373015873016 0.254348544973545 0.008819444444444446 0.025932539682539682
0 0.5727157738095239 0.45183201058201056 0.015848214285714285 0.006805555555555555
4 0.24196924603174602 0.3568386243386243 0.015086805555555555 0.051501322751322756
4 0.26280505952380956 0.3373776455026455 0.013911210317460319 0.038941798941798944
5 0.649469246031746 0.2807738095238095 0.010853174603174602 0.03277116402116402
2 0.5972718253968253 0.24512896825396824 0.028549107142857143 0.03902777777777778
5 0.6837872023809525 0.26716931216931217 0.009047619047619047 0.028677248677248676
3 0.656875 0.2383862433862434 0.019159226190476192 0.02072420634920635
3 0.6760218253968253 0.24898478835978835 0.023859126984126986 0.027953042328042327
3 0.6937227182539683 0.23622023809523812 0.020248015873015873 0.02072420634920635
3 0.6533531746031747 0.2233366402116402 0.017534722222222222 0.015181878306878305
3 0.6173189484126984 0.2157473544973545 0.015905257936507936 0.015423280423280424
6 0.9079588293650793 0.2502843915343915 0.0338045634920635 0.04581018518518518
2 0.831187996031746 0.21436838624338625 0.021919642857142856 0.031603835978835974
5 0.8573115079365079 0.24299603174603177 0.0074131944444444445 0.02019510582010582