2 0.4046378968253968 0.5730820105820106 0.21279761904761904 0.230489417989418
3 0.3828125 0.8409391534391535 0.2177579365079365 0.1574074074074074
3 0.6974206349206349 0.8239087301587301 0.14434523809523808 0.1875
3 0.5824652777777778 0.7008928571428571 0.1195436507936508 0.1349206349206349
3 0.7439236111111112 0.6779100529100529 0.1001984126984127 0.12202380952380952
5 0.17237103174603174 0.8080357142857143 0.07589285714285714 0.16038359788359788
3 0.6094990079365079 0.5390211640211641 0.07936507936507936 0.09325396825396826
3 0.6982886904761905 0.45965608465608465 0.0597718253968254 0.06613756613756613
6 0.7346230158730159 0.35631613756613756 0.06944444444444445 0.1078042328042328
3 0.7648809523809523 0.5170304232804233 0.06572420634920635 0.08564814814814815
5 0.6457093253968254 0.45089285714285715 0.018849206349206348 0.05191798941798942
3 0.7705853174603174 0.40343915343915343 0.035962301587301584 0.040013227513227514
5 0.8232886904761905 0.5613425925925926 0.028025793650793652 0.08664021164021164
5 0.035590277777777776 0.6547619047619048 0.07093253968253968 0.10383597883597884
3 0.7841021825396826 0.43898809523809523 0.042162698412698416 0.04794973544973545
5 0.7493799603174603 0.5795304232804233 0.027529761904761904 0.07903439153439154
2 0.8521825396825397 0.3191137566137566 0.044642857142857144 0.045965608465608467
5 0.8201884920634921 0.41451719576719576 0.014384920634920634 0.045304232804232805
3 0.8622271825396826 0.37119708994708994 0.02703373015873016 0.031746031746031744
5 0.6127232142857143 0.4485780423280423 0.01636904761904762 0.049933862433862435
5 0.6278521825396826 0.4070767195767196 0.01314484126984127 0.03902116402116402
0 0.6810515873015873 0.8880621693121693 0.03422619047619048 0.01521164021164021
1 0.3508184523809524 0.6749338624338624 0.015376984126984126 0.010912698412698412
0 0.562562003968254 0.7423115079365079 0.026041666666666668 0.00992063492063492
5 0.8446279761904761 0.4110019841269841 0.013167162698412699 0.042083333333333334
5 0.7880704365079365 0.4695767195767196 0.021577380952380952 0.05026455026455026
5 0.1341765873015873 0.5421626984126984 0.04563492063492063 0.07572751322751323
5 0.6923363095238095 0.37566137566137564 0.012648809523809524 0.036044973544973546
0 0.736202876984127 0.7182142857142858 0.026723710317460316 0.011825396825396824
1 0.5987202380952381 0.5602645502645502 0.009923115079365078 0.01003968253968254
5 0.8516071428571428 0.3943716931216931 0.01101438492063492 0.035823412698412695
6 0.8165128968253967 0.3443419312169312 0.03009424603174603 0.05134259259259259
3 0.7942733134920635 0.3453108465608466 0.018608630952380953 0.023521825396825395