3 0.23549107142857142 0.2273478835978836 0.12152777777777778 0.11937830687830688
5 0.638640873015873 0.5906084656084656 0.05654761904761905 0.21329365079365079
3 0.5095486111111112 0.1583994708994709 0.07465277777777778 0.07671957671957672
3 0.6075148809523809 0.1886574074074074 0.08680555555555555 0.10383597883597884
5 0.7793898809523809 0.4027777777777778 0.046378968253968256 0.15575396825396826
5 0.7266865079365079 0.4851190476190476 0.050595238095238096 0.17857142857142858
5 0.8618551587301587 0.4689153439153439 0.047371031746031744 0.16203703703703703
3 0.7398313492063492 0.0205026455026455 0.03720238095238095 0.041005291005291
3 0.5915178571428571 0.08845899470899471 0.047867063492063495 0.056878306878306875
3 0.716765873015873 0.057374338624338626 0.0441468253968254 0.047619047619047616
3 0.4572172619047619 0.09689153439153439 0.04513888888888889 0.056216931216931214
5 0.9763144841269841 0.8726851851851852 0.04712301587301587 0.25462962962962965
5 0.44828869047619047 0.26421957671957674 0.03521825396825397 0.1078042328042328
5 0.6686507936507936 0.3331679894179894 0.037698412698412696 0.12169312169312169
5 0.3392857142857143 0.24421296296296297 0.031001984126984128 0.10119047619047619
5 0.6385168650793651 0.30753968253968256 0.032242063492063495 0.11078042328042328
2 0.5787450396825397 0.03902116402116402 0.057787698412698416 0.07771164021164022
6 0.2818700396825397 0.6618716931216931 0.30084325396825395 0.519510582010582
5 0.7803819444444444 0.09490740740740741 0.01984126984126984 0.05853174603174603
5 0.7229662698412699 0.1410383597883598 0.0220734126984127 0.07076719576719577
5 0.7780257936507936 0.1636904761904762 0.024057539682539684 0.07705026455026455
2 0.09995039682539683 0.6309523809523809 0.19990079365079366 0.6372354497354498
5 0.40848214285714285 0.19593253968253968 0.026785714285714284 0.0701058201058201
5 0.6427405753968255 0.09239417989417989 0.019330357142857142 0.059920634920634916
1 0.22532242063492064 0.8782043650793651 0.037450396825396824 0.02591600529100529
4 0.0822172619047619 0.20386904761904762 0.022569444444444444 0.07903439153439154
5 0.4990079365079365 0.09871031746031746 0.020089285714285716 0.050595238095238096
5 0.6580853174603175 0.05998015873015873 0.015178571428571428 0.046375661375661376
5 0.21354166666666666 0.4351851851851852 0.03993055555555555 0.10152116402116403
5 0.5152529761904762 0.09226190476190477 0.01984126984126984 0.054563492063492064
5 0.5311259920634921 0.08052248677248677 0.015625 0.05555555555555555
5 0.5786210317460317 0.14087301587301587 0.024305555555555556 0.062169312169312166
5 0.4156746031746032 0.15906084656084657 0.024057539682539684 0.06779100529100529
5 0.6781994047619048 0.04480820105820106 0.017361111111111112 0.04861111111111111
5 0.6185515873015873 0.020006613756613757 0.013392857142857142 0.03835978835978836
5 0.6324404761904762 0.031084656084656083 0.011904761904761904 0.041666666666666664
5 0.6650545634920635 0.017857142857142856 0.014384920634920634 0.035383597883597885
5 0.5308779761904762 0.02132936507936508 0.012648809523809524 0.037037037037037035
4 0.33752480158730164 0.11471891534391535 0.021904761904761903 0.06417989417989418