3 0.443328373015873 0.27645502645502645 0.15079365079365079 0.20171957671957672
5 0.15848214285714285 0.26008597883597884 0.053323412698412696 0.14715608465608465
5 0.32502480158730157 0.2526455026455027 0.04389880952380952 0.14715608465608465
5 0.2642609126984127 0.20072751322751323 0.04389880952380952 0.13293650793650794
5 0.32961309523809523 0.10631613756613757 0.03373015873015873 0.10582010582010581
5 0.36693948412698413 0.15426587301587302 0.036210317460317464 0.11507936507936507
5 0.4908234126984127 0.07027116402116403 0.029017857142857144 0.09689153439153439
5 0.4453125 0.04249338624338624 0.027281746031746032 0.08498677248677249
0 0.42224702380952384 0.34093915343915343 0.0339781746031746 0.013888888888888888
5 0.4280753968253968 0.02595899470899471 0.0220734126984127 0.05191798941798942
4 0.1433531746031746 0.0798611111111111 0.03720238095238095 0.10317460317460317