3 0.2183779761904762 0.42394179894179895 0.2160218253968254 0.2275132275132275
3 0.6485615079365079 0.5749007936507936 0.19816468253968253 0.3177910052910053
3 0.21341765873015872 0.2566137566137566 0.14583333333333334 0.20667989417989419
3 0.6009424603174603 0.19047619047619047 0.10689484126984126 0.1292989417989418
5 0.30691964285714285 0.8802910052910053 0.11656746031746032 0.23941798941798942
3 0.6558779761904762 0.03505291005291005 0.06646825396825397 0.0701058201058201
5 0.484375 0.3272156084656085 0.05084325396825397 0.164021164021164
5 0.42410714285714285 0.24537037037037038 0.04538690476190476 0.148478835978836
5 0.07254464285714286 0.5620039682539683 0.06721230158730158 0.2447089947089947
5 0.3679315476190476 0.5629960317460317 0.0744047619047619 0.23974867724867724
5 0.5045882936507936 0.10896164021164022 0.03695436507936508 0.10152116402116403
5 0.39174107142857145 0.4029431216931217 0.053323412698412696 0.1722883597883598
5 0.6581101190476191 0.2691798941798942 0.046875 0.14781746031746032
5 0.5595238095238095 0.3392857142857143 0.04935515873015873 0.1712962962962963
5 0.19915674603174602 0.02546296296296296 0.038938492063492064 0.05092592592592592
5 0.5714285714285714 0.10400132275132275 0.031001984126984128 0.08664021164021164
5 0.3916170634920635 0.023644179894179895 0.023809523809523808 0.04728835978835979
1 0.5963963293650794 0.2292526455026455 0.018437500000000002 0.013389550264550265
1 0.16493055555555555 0.5008267195767195 0.027281746031746032 0.021825396825396824
1 0.6448412698412699 0.6845238095238095 0.035962301587301584 0.0248015873015873
1 0.1939484126984127 0.3158068783068783 0.023065476190476192 0.01488095238095238