6 0.5932539682539683 0.12582671957671956 0.10243055555555555 0.18154761904761904
3 0.0546875 0.2900132275132275 0.109375 0.14649470899470898
5 0.291046626984127 0.5502645502645502 0.07465277777777778 0.22123015873015872
5 0.8483382936507936 0.8454034391534392 0.10912698412698413 0.3091931216931217
5 0.06101190476190476 0.447255291005291 0.0763888888888889 0.1736111111111111
5 0.6061507936507936 0.31960978835978837 0.04439484126984127 0.14583333333333334
5 0.5281498015873016 0.435515873015873 0.04662698412698413 0.17989417989417988
5 0.2490079365079365 0.25 0.041914682539682536 0.11904761904761904
3 0.7390873015873016 0.06580687830687831 0.060267857142857144 0.07903439153439154
5 0.07973710317460317 0.5775462962962963 0.0900297619047619 0.21957671957671956
5 0.2681051587301587 0.3645833333333333 0.047619047619047616 0.14814814814814814
5 0.35714285714285715 0.3029100529100529 0.047619047619047616 0.13161375661375663
5 0.29117063492063494 0.20122354497354497 0.03670634920634921 0.10582010582010581
5 0.7436755952380952 0.22685185185185186 0.03571428571428571 0.11904761904761904
3 0.5419146825396826 0.031746031746031744 0.05580357142857143 0.06349206349206349
5 0.6695188492063492 0.25744047619047616 0.039186507936507936 0.12103174603174603
5 0.33110119047619047 0.3792989417989418 0.046130952380952384 0.15079365079365079
5 0.4095982142857143 0.19576719576719576 0.03149801587301587 0.10284391534391535
3 0.6463293650793651 0.022156084656084655 0.04712301587301587 0.04431216931216931
5 0.4779265873015873 0.13508597883597884 0.026537698412698412 0.09126984126984126
5 0.41418650793650796 0.09937169312169312 0.024057539682539684 0.07473544973544974
5 0.7044890873015873 0.02976190476190476 0.020337301587301588 0.056878306878306875
5 0.4807787698412698 0.014054232804232803 0.015376984126984126 0.028108465608465607
5 0.4720982142857143 0.0894510582010582 0.026041666666666668 0.06514550264550265
5 0.7425595238095238 0.014219576719576719 0.015873015873015872 0.028439153439153438
4 0.17906746031746032 0.9474206349206349 0.09697420634920635 0.10515873015873016
1 0.5899652777777777 0.19336640211640213 0.014751984126984126 0.011068121693121692
5 0.380828373015873 0.04811507936507937 0.02703373015873016 0.06183862433862434
5 0.9185267857142857 0.013888888888888888 0.013640873015873016 0.027777777777777776