3 0.7434275793650794 0.1896494708994709 0.1111111111111111 0.15641534391534392
3 0.5291418650793651 0.07953042328042328 0.0763888888888889 0.08895502645502645
5 0.9067460317460317 0.5894510582010583 0.06845238095238096 0.23578042328042328
5 0.4330357142857143 0.453042328042328 0.06076388888888889 0.20601851851851852
3 0.6850198412698413 0.06911375661375661 0.0726686507936508 0.08366402116402116
5 0.2248263888888889 0.25297619047619047 0.04092261904761905 0.1359126984126984
5 0.5611359126984127 0.19328703703703703 0.03521825396825397 0.12235449735449735
5 0.35119047619047616 0.3402777777777778 0.053323412698412696 0.1593915343915344
5 0.05084325396825397 0.3816137566137566 0.06125992063492063 0.17592592592592593
5 0.03881448412698413 0.257771164021164 0.0496031746031746 0.14517195767195767
5 0.4332837301587302 0.22271825396825398 0.03571428571428571 0.12367724867724868
5 0.8430059523809523 0.1843584656084656 0.043154761904761904 0.11772486772486772
5 0.40302579365079366 0.08101851851851852 0.028025793650793652 0.08763227513227513
3 0.6062748015873016 0.03257275132275132 0.06374007936507936 0.06514550264550265
5 0.2900545634920635 0.02595899470899471 0.051587301587301584 0.05191798941798942
5 0.4408482142857143 0.10069444444444445 0.02703373015873016 0.09259259259259259
0 0.7454117063492064 0.23941798941798942 0.02628968253968254 0.00992063492063492
5 0.05009920634920635 0.10499338624338625 0.06547619047619048 0.08234126984126984