6 0.2982390873015873 0.3288690476190476 0.09399801587301587 0.20535714285714285
3 0.2109375 0.7979497354497355 0.16468253968253968 0.1908068783068783
3 0.7806299603174603 0.34523809523809523 0.09821428571428571 0.1283068783068783
3 0.13256448412698413 0.36491402116402116 0.09672619047619048 0.13921957671957672
5 0.07415674603174603 0.6827050264550265 0.07390873015873016 0.13194444444444445
5 0.2568204365079365 0.5504298941798942 0.05133928571428571 0.16567460317460317
5 0.20473710317460317 0.5003306878306878 0.040674603174603176 0.14682539682539683
3 0.8410218253968254 0.2757936507936508 0.06522817460317461 0.08300264550264551
5 0.03968253968253968 0.5558862433862434 0.07911706349206349 0.15873015873015872
5 0.10726686507936507 0.6145833333333334 0.05828373015873016 0.16071428571428573
5 0.21750992063492064 0.2962962962962963 0.027529761904761904 0.07936507936507936
3 0.8196924603174603 0.3083664021164021 0.06324404761904762 0.09424603174603174
3 0.2585565476190476 0.08250661375661375 0.026041666666666668 0.03042328042328042
3 0.8650793650793651 0.13227513227513227 0.06225198412698413 0.07308201058201058
3 0.32316468253968256 0.06018518518518518 0.023313492063492064 0.02976190476190476
3 0.816468253968254 0.11656746031746032 0.036210317460317464 0.03935185185185185
5 0.26872519841269843 0.17956349206349206 0.01636904761904762 0.05588624338624339
3 0.33990575396825395 0.04546957671957672 0.019345238095238096 0.023148148148148147
3 0.7858382936507936 0.07738095238095238 0.051587301587301584 0.036044973544973546
5 0.9651537698412699 0.09755291005291006 0.014384920634920634 0.03935185185185185
1 0.1293402777777778 0.41220238095238093 0.016617063492063492 0.012566137566137565
5 0.28955853174603174 0.09308862433862433 0.010912698412698412 0.037698412698412696
0 0.3023313492063492 0.3956679894179894 0.022321428571428572 0.00958994708994709
1 0.7698487103174604 0.38408068783068783 0.015605158730158731 0.011924603174603175