3 0.3811848958333333 0.18344907407407407 0.21484375 0.23987268518518517
3 0.1771918402777778 0.34765625 0.2092013888888889 0.25752314814814814
3 0.4653862847222222 0.4269386574074074 0.2152777777777778 0.29484953703703703
3 0.6701388888888888 0.15147569444444445 0.2243923611111111 0.22916666666666666
5 0.06032986111111111 0.7350983796296297 0.1091579861111111 0.3605324074074074
5 0.8060980902777778 0.34794560185185186 0.06705729166666667 0.2300347222222222
5 0.7293836805555556 0.05396412037037037 0.05251736111111111 0.10792824074074074
5 0.9839409722222222 0.14308449074074073 0.03211805555555555 0.16956018518518517
5 0.19639756944444445 0.08738425925925926 0.05078125 0.16637731481481483
1 0.1742621527777778 0.42766203703703703 0.036675347222222224 0.025752314814814815
5 0.014322916666666666 0.048032407407407406 0.028645833333333332 0.09606481481481481
5 0.3211805555555556 0.04282407407407408 0.04904513888888889 0.08564814814814815
1 0.7183159722222222 0.22757523148148148 0.026909722222222224 0.019386574074074073
1 0.4123263888888889 0.2505787037037037 0.029513888888888888 0.02199074074074074
0 0.4728732638888889 0.5325520833333334 0.055989583333333336 0.018229166666666668
5 0.2121310763888889 0.03284143518518518 0.053168402777777776 0.06539351851851852