3 0.642609126984127 0.5317460317460317 0.13839285714285715 0.2003968253968254
5 0.1732390873015873 0.8293650793650794 0.08407738095238096 0.2648809523809524
5 0.7764136904761905 0.8908730158730159 0.08209325396825397 0.21825396825396826
3 0.12437996031746032 0.32589285714285715 0.12053571428571429 0.11706349206349206
3 0.4185267857142857 0.22685185185185186 0.061755952380952384 0.0625
3 0.49206349206349204 0.32523148148148145 0.07688492063492064 0.09623015873015874
3 0.9595734126984127 0.21296296296296297 0.05431547619047619 0.05787037037037037
5 0.04079861111111111 0.6727843915343915 0.06671626984126984 0.18518518518518517
5 0.2958829365079365 0.5251322751322751 0.04935515873015873 0.15707671957671956
3 0.5282738095238095 0.2123015873015873 0.060515873015873016 0.08068783068783068
5 0.2508680555555556 0.4601521164021164 0.03720238095238095 0.12962962962962962
5 0.1515376984126984 0.5168650793650794 0.04712301587301587 0.14417989417989419
3 0.6325644841269841 0.07605820105820106 0.026537698412698412 0.03141534391534392
3 0.3400297619047619 0.1863425925925926 0.047619047619047616 0.049933862433862435
5 0.1505456349206349 0.4343584656084656 0.04092261904761905 0.08167989417989419
5 0.21428571428571427 0.3273809523809524 0.03125 0.08895502645502645
1 0.6409970238095238 0.6071428571428571 0.02058531746031746 0.01984126984126984
5 0.9713541666666666 0.15426587301587302 0.01636904761904762 0.04365079365079365
5 0.3819444444444444 0.2888558201058201 0.027529761904761904 0.08498677248677249
5 0.5189732142857143 0.27728174603174605 0.027281746031746032 0.07903439153439154
5 0.4556051587301587 0.1455026455026455 0.015376984126984126 0.044642857142857144
3 0.792906746031746 0.2080026455026455 0.022817460317460316 0.060515873015873016
5 0.38256448412698413 0.1865079365079365 0.017609126984126984 0.04662698412698413
5 0.35553075396825395 0.22569444444444445 0.019097222222222224 0.059854497354497355
6 0.5514632936507936 0.14087301587301587 0.04117063492063492 0.07572751322751323
1 0.4869890873015873 0.35082010582010587 0.014117063492063493 0.01066468253968254
0 0.09685019841269842 0.3599537037037037 0.019097222222222224 0.008928571428571428
5 0.5096726190476191 0.14814814814814814 0.016617063492063492 0.04332010582010582
5 0.5060763888888888 0.09738756613756613 0.010416666666666666 0.03207671957671958
5 0.3742559523809524 0.242228835978836 0.018105158730158732 0.054563492063492064
5 0.5905257936507936 0.08432539682539683 0.010912698412698412 0.028108465608465607
5 0.38764880952380953 0.16021825396825398 0.01711309523809524 0.04398148148148148
5 0.6474454365079365 0.11359126984126984 0.011160714285714286 0.0333994708994709
5 0.6090029761904762 0.08134920634920635 0.009672619047619048 0.027447089947089946