2 0.4324156746031746 0.34837962962962965 0.19890873015873015 0.25462962962962965
5 0.3149801587301587 0.8373015873015873 0.08630952380952381 0.2622354497354497
3 0.7542162698412699 0.17261904761904762 0.07068452380952381 0.08101851851851852
5 0.24193948412698413 0.9105489417989417 0.09672619047619048 0.1789021164021164
3 0.21788194444444445 0.2665343915343915 0.16964285714285715 0.0958994708994709
5 0.8872767857142857 0.5378637566137566 0.05257936507936508 0.16534391534391535
3 0.6592261904761905 0.10052910052910052 0.04241071428571429 0.06316137566137567
5 0.2482638888888889 0.34242724867724866 0.03670634920634921 0.11243386243386243
5 0.5713045634920635 0.14566798941798942 0.02058531746031746 0.0625
5 0.6078869047619048 0.18204365079365079 0.0248015873015873 0.07142857142857142
5 0.8076636904761905 0.09623015873015874 0.018601190476190476 0.05588624338624339
5 0.6755952380952381 0.15162037037037038 0.020337301587301588 0.06547619047619048
5 0.8753720238095238 0.15873015873015872 0.024305555555555556 0.07175925925925926
3 0.6945684523809523 0.037698412698412696 0.03993055555555555 0.03670634920634921
3 0.9005456349206349 0.015542328042328041 0.030009920634920636 0.03042328042328042
3 0.7232142857142857 0.028769841269841268 0.028025793650793652 0.03306878306878307
1 0.4021577380952381 0.4451058201058201 0.020833333333333332 0.012566137566137565
5 0.7508680555555556 0.0441468253968254 0.014384920634920634 0.04398148148148148
4 0.30766369047619047 0.18716931216931218 0.018105158730158732 0.07275132275132275
5 0.908234126984127 0.04546957671957672 0.012896825396825396 0.04298941798941799
4 0.5322420634920635 0.05853174603174603 0.014632936507936508 0.045304232804232805
3 0.4314236111111111 0.07853835978835978 0.05357142857142857 0.050595238095238096
5 0.8752480158730159 0.09656084656084656 0.020337301587301588 0.057539682539682536
5 0.8458581349206349 0.037533068783068786 0.013392857142857142 0.042328042328042326
5 0.9300595238095238 0.05539021164021164 0.017609126984126984 0.047619047619047616
4 0.3654513888888889 0.207010582010582 0.02132936507936508 0.08763227513227513
5 0.794890873015873 0.03042328042328042 0.013640873015873016 0.04365079365079365
5 0.7819940476190477 0.03042328042328042 0.013392857142857142 0.04133597883597884