6 0.4738343253968254 0.5229828042328042 0.26959325396825395 0.5773809523809523
3 0.8152281746031746 0.20089285714285715 0.08159722222222222 0.11541005291005291
5 0.32837301587301587 0.41650132275132273 0.03844246031746032 0.13955026455026456
3 0.27554563492063494 0.25727513227513227 0.07961309523809523 0.11772486772486772
5 0.3515625 0.2845568783068783 0.031001984126984128 0.0992063492063492
3 0.13764880952380953 0.21726190476190477 0.059027777777777776 0.07771164021164022
3 0.8421378968253969 0.13773148148148148 0.05505952380952381 0.06944444444444445
3 0.4350198412698413 0.21147486772486773 0.10143849206349206 0.10714285714285714
1 0.4801587301587302 0.7918320105820106 0.030753968253968252 0.01951058201058201
3 0.38157242063492064 0.07043650793650794 0.027529761904761904 0.04894179894179894
5 0.011656746031746032 0.22073412698412698 0.023313492063492064 0.04794973544973545
1 0.8098735119047619 0.23853174603174604 0.013668154761904762 0.00949074074074074
3 0.8319816468253969 0.1662169312169312 0.050729166666666665 0.07243386243386243
1 0.27718005952380953 0.2971362433862434 0.01386656746031746 0.010886243386243387
4 0.12745535714285713 0.2898611111111111 0.02259920634920635 0.05303240740740741
3 0.8307465277777778 0.022632275132275132 0.05544642857142857 0.04526124338624339