3 0.10416666666666667 0.39037698412698413 0.2078373015873016 0.23511904761904762
3 0.5128968253968254 0.6922949735449735 0.21800595238095238 0.32341269841269843
3 0.30481150793650796 0.22156084656084657 0.10466269841269842 0.144510582010582
3 0.4554811507936508 0.2027116402116402 0.09970238095238096 0.1455026455026455
5 0.1052827380952381 0.8797949735449735 0.10987103174603174 0.2404100529100529
2 0.5199652777777778 0.0851521164021164 0.1212797619047619 0.16964285714285715
3 0.65625 0.105489417989418 0.07415674603174603 0.08300264550264551
5 0.5337301587301587 0.4624669312169312 0.05505952380952381 0.14583333333333334
5 0.7769097222222222 0.49421296296296297 0.05381944444444445 0.19014550264550265
5 0.1117311507936508 0.6820436507936508 0.08705357142857142 0.23511904761904762
5 0.23772321428571427 0.6506283068783069 0.07514880952380952 0.24603174603174602
5 0.22705853174603174 0.320271164021164 0.045882936507936505 0.14087301587301587
5 0.7217261904761905 0.21378968253968253 0.031001984126984128 0.11607142857142858
5 0.37041170634920634 0.4001322751322751 0.04712301587301587 0.16633597883597884
5 0.25210813492063494 0.46478174603174605 0.05952380952380952 0.17592592592592593
5 0.26599702380952384 0.9226190476190477 0.09771825396825397 0.15476190476190477
3 0.6428571428571429 0.03505291005291005 0.057539682539682536 0.06911375661375661
5 0.3758680555555556 0.5901124338624338 0.06646825396825397 0.2156084656084656
5 0.6029265873015873 0.19361772486772486 0.031994047619047616 0.10185185185185185
5 0.22767857142857142 0.1529431216931217 0.0339781746031746 0.09523809523809523
5 0.33271329365079366 0.5395171957671958 0.05803571428571429 0.2046957671957672
1 0.4858531746031746 0.8097486772486772 0.0374702380952381 0.028650793650793652
5 0.2996031746031746 0.05125661375661376 0.04513888888888889 0.06580687830687831
4 0.014136904761904762 0.17989417989417988 0.028273809523809524 0.10482804232804233
5 0.699156746031746 0.06696428571428571 0.022569444444444444 0.07142857142857142
5 0.3852926587301587 0.07043650793650794 0.022817460317460316 0.07242063492063493
5 0.8697916666666666 0.06812169312169312 0.028025793650793652 0.07341269841269842
5 0.40575396825396826 0.018849206349206348 0.016865079365079364 0.037698412698412696
0 0.048854166666666664 0.47805555555555557 0.035386904761904765 0.01310846560846561
3 0.4477926587301587 0.028439153439153438 0.03447420634920635 0.056878306878306875
4 0.05220734126984127 0.13624338624338625 0.0248015873015873 0.08763227513227513
3 0.36334325396825395 0.020337301587301588 0.05431547619047619 0.040674603174603176
5 0.4253472222222222 0.01917989417989418 0.017361111111111112 0.03835978835978836
0 0.30022569444444447 0.2638425925925926 0.02470486111111111 0.008290343915343916
0 0.4483531746031746 0.24330357142857142 0.024253472222222225 0.00923941798941799