3 0.26946924603174605 0.36226851851851855 0.19866071428571427 0.2585978835978836
3 0.4539930555555556 0.5720899470899471 0.2400793650793651 0.36607142857142855
3 0.7223462301587301 0.22685185185185186 0.10218253968253968 0.13921957671957672
3 0.5 0.07605820105820106 0.07688492063492064 0.09093915343915344
6 0.527281746031746 0.28058862433862436 0.11706349206349206 0.2328042328042328
3 0.4021577380952381 0.10978835978835978 0.10342261904761904 0.13194444444444445
3 0.3349454365079365 0.21279761904761904 0.12400793650793651 0.13260582010582012
3 0.6112351190476191 0.03736772486772487 0.07043650793650794 0.07473544973544974
3 0.6733630952380952 0.12632275132275134 0.07514880952380952 0.10383597883597884
5 0.16629464285714285 0.2700066137566138 0.047619047619047616 0.14616402116402116
3 0.37214781746031744 0.05505952380952381 0.07837301587301587 0.07936507936507936
3 0.7073412698412699 0.06630291005291006 0.0642361111111111 0.08267195767195767
5 0.2770337301587302 0.09474206349206349 0.033234126984126984 0.09821428571428571
5 0.19506448412698413 0.1476521164021164 0.03373015873015873 0.1111111111111111
5 0.7666170634920635 0.12384259259259259 0.034970238095238096 0.10284391534391535
1 0.23375496031746032 0.4340277777777778 0.027281746031746032 0.0205026455026455
5 0.7431795634920635 0.02943121693121693 0.023313492063492064 0.05886243386243386
1 0.5208333333333334 0.3601190476190476 0.022569444444444444 0.016203703703703703
0 0.4185267857142857 0.6921296296296297 0.04265873015873016 0.020833333333333332
4 0.955109126984127 0.9508928571428571 0.07762896825396826 0.09821428571428571
4 0.016882440476190474 0.2189318783068783 0.03376488095238095 0.13594907407407408
0 0.7220833333333333 0.26641534391534394 0.02685515873015873 0.01015542328042328
0 0.3844890873015873 0.13400793650793652 0.024250992063492065 0.007748015873015873