6 0.4677579365079365 0.4556878306878307 0.1783234126984127 0.3941798941798942
3 0.04749503968253968 0.40558862433862436 0.09499007936507936 0.12863756613756613
2 0.7595486111111112 0.6038359788359788 0.28125 0.4503968253968254
2 0.16815476190476192 0.7795965608465608 0.33630952380952384 0.4408068783068783
5 0.9739583333333334 0.38938492063492064 0.04017857142857143 0.10284391534391535
3 0.32415674603174605 0.2275132275132275 0.07787698412698413 0.08630952380952381
3 0.3852926587301587 0.18683862433862433 0.04265873015873016 0.050595238095238096
3 0.45349702380952384 0.19378306878306878 0.043154761904761904 0.0539021164021164
2 0.8699156746031746 0.1626984126984127 0.06101190476190476 0.08068783068783068
5 0.9495287698412699 0.2959656084656085 0.03050595238095238 0.08432539682539683
5 0.5297619047619048 0.27728174603174605 0.025793650793650792 0.07804232804232804
5 0.5809771825396826 0.29646164021164023 0.028025793650793652 0.08267195767195767
3 0.45027281746031744 0.15608465608465608 0.04017857142857143 0.05324074074074074
3 0.5298859126984127 0.17691798941798942 0.047371031746031744 0.057539682539682536
2 0.7085813492063492 0.10416666666666667 0.048859126984126984 0.08167989417989419
2 0.36507936507936506 0.1228505291005291 0.047619047619047616 0.08002645502645503
2 0.3932291666666667 0.06812169312169312 0.05084325396825397 0.05555555555555555
5 0.19977678571428573 0.31398809523809523 0.026537698412698412 0.08697089947089948
3 0.5049032738095238 0.1267824074074074 0.035354662698412705 0.04207010582010582
3 0.9718501984126984 0.25578703703703703 0.056299603174603176 0.08333333333333333
5 0.8861607142857143 0.22635582010582012 0.024553571428571428 0.06779100529100529
5 0.7220982142857143 0.1896494708994709 0.016617063492063492 0.06018518518518518
5 0.2605406746031746 0.21957671957671956 0.03819444444444445 0.05654761904761905
5 0.6092509920634921 0.26157407407407407 0.023065476190476192 0.07572751322751323
5 0.5694444444444444 0.20436507936507936 0.020337301587301588 0.06117724867724868
2 0.30802579365079363 0.37303902116402116 0.1300248015873016 0.20564814814814814
3 0.291046626984127 0.27562830687830686 0.05952380952380952 0.0667989417989418
5 0.6974206349206349 0.15591931216931218 0.015625 0.04828042328042328
1 0.46837797619047616 0.6279761904761905 0.023065476190476192 0.01521164021164021
5 0.6762152777777778 0.16387566137566137 0.016121031746031748 0.0502281746031746
5 0.9291914682539683 0.1841931216931217 0.018105158730158732 0.05092592592592592
3 0.4325694444444444 0.09729828042328043 0.029020337301587304 0.02861772486772487
5 0.8453621031746031 0.18601190476190477 0.01488095238095238 0.05191798941798942
5 0.9418402777777778 0.17774470899470898 0.017857142857142856 0.0496031746031746
3 0.4729389880952381 0.06674603174603175 0.021547619047619048 0.023842592592592592
5 0.9682638888888889 0.20953703703703702 0.02027777777777778 0.047314814814814816
5 0.9676636904761905 0.19212632275132274 0.019940476190476192 0.04417328042328043
5 0.3976934523809524 0.25727513227513227 0.021825396825396824 0.05952380952380952
5 0.4010416666666667 0.21709656084656084 0.021825396825396824 0.052248677248677246
5 0.5698164682539683 0.14864417989417988 0.019097222222222224 0.0496031746031746
5 0.28100198412698413 0.1787367724867725 0.0248015873015873 0.04794973544973545
5 0.2216889880952381 0.16670304232804234 0.021066468253968254 0.04470238095238095
5 0.33196924603174605 0.12235449735449735 0.011656746031746032 0.03439153439153439
1 0.9888938492063492 0.4205787037037037 0.010416666666666666 0.011243386243386243
5 0.6812524801587302 0.09013558201058201 0.009672619047619048 0.03042328042328042
1 0.9572941468253968 0.310952380952381 0.008090277777777778 0.007724867724867725
0 0.29898313492063494 0.4469246031746032 0.02628968253968254 0.00992063492063492
0 0.7915600198412699 0.7989550264550265 0.043097718253968256 0.009341931216931217
4 0.2100124007936508 0.16280753968253966 0.012524801587301588 0.04774140211640212
2 0.4654191468253968 0.09529761904761905 0.03176587301587302 0.04984126984126984
3 0.5281473214285713 0.1438558201058201 0.03657986111111111 0.029305555555555557
5 0.6806001984126984 0.1383664021164021 0.011455853174603174 0.030998677248677248
5 0.6672693452380952 0.10726521164021165 0.00941468253968254 0.03286375661375661
2 0.5162748015873015 0.04397486772486772 0.03153769841269841 0.04622354497354497
5 0.28385912698412696 0.14043650793650794 0.030813492063492064 0.027926587301587303
3 0.5148859126984127 0.11024801587301587 0.025171130952380952 0.030909391534391532
3 0.5149975198412698 0.08949404761904761 0.024950396825396823 0.021785714285714283
3 0.5503224206349207 0.05961309523809524 0.016118551587301588 0.020902777777777777
5 0.5340848214285714 0.08948412698412699 0.007904265873015874 0.027962962962962964
5 0.5428769841269842 0.08496693121693122 0.008390376984126985 0.026243386243386242
5 0.6713888888888889 0.06916997354497353 0.007222222222222223 0.021617063492063493
5 0.6926116071428572 0.060522486772486776 0.006631944444444444 0.01886574074074074
5 0.6139955357142858 0.10083994708994709 0.006316964285714285 0.029011243386243387
2 0.4382266865079365 0.07329034391534392 0.03225198412698412 0.042189153439153436