2 0.44828869047619047 0.35532407407407407 0.09102182539682539 0.18022486772486773
6 0.2621527777777778 0.38822751322751325 0.10987103174603174 0.17427248677248677
6 0.9422123015873016 0.3090277777777778 0.11557539682539683 0.12566137566137567
5 0.8075396825396826 0.8463955026455027 0.06398809523809523 0.23941798941798942
2 0.4103422619047619 0.2275132275132275 0.05084325396825397 0.08333333333333333
6 0.5396825396825397 0.32258597883597884 0.0597718253968254 0.12235449735449735
3 0.4895833333333333 0.27298280423280424 0.03447420634920635 0.04365079365079365
6 0.5109126984126984 0.17592592592592593 0.03373015873015873 0.05952380952380952
5 0.37313988095238093 0.31746031746031744 0.018601190476190476 0.059854497354497355
3 0.5409226190476191 0.230489417989418 0.031001984126984128 0.03505291005291005
5 0.6119791666666666 0.38244047619047616 0.024057539682539684 0.07705026455026455
5 0.39025297619047616 0.34937169312169314 0.022321428571428572 0.06812169312169312
3 0.4774305555555556 0.24818121693121692 0.0339781746031746 0.035383597883597885
3 0.4976438492063492 0.21941137566137567 0.028521825396825396 0.03736772486772487
3 0.7118055555555556 0.19262566137566137 0.022817460317460316 0.0248015873015873
5 0.6008184523809523 0.34523809523809523 0.023313492063492064 0.06514550264550265
4 0.2013888888888889 0.3237433862433862 0.016121031746031748 0.056878306878306875
5 0.7176339285714286 0.20816798941798942 0.01240079365079365 0.031746031746031744
3 0.5570436507936508 0.19411375661375663 0.019097222222222224 0.02546296296296296
4 0.21540178571428573 0.3253968253968254 0.013392857142857142 0.05324074074074074
1 0.2545386904761905 0.4585747354497355 0.014384920634920634 0.010380291005291005
5 0.8750049603174603 0.21966931216931215 0.018861607142857142 0.03222222222222222
5 0.4573412698412698 0.1865079365079365 0.009176587301587302 0.03009259259259259
1 0.44480654761904764 0.4279100529100529 0.011636904761904762 0.008597883597883597