3 0.5052083333333334 0.5284391534391535 0.1480654761904762 0.2113095238095238
3 0.6483134920634921 0.375 0.12822420634920634 0.17625661375661375
5 0.40314980158730157 0.8655753968253969 0.08630952380952381 0.267526455026455
3 0.3970734126984127 0.34226190476190477 0.11681547619047619 0.13293650793650794
5 0.755828373015873 0.55869708994709 0.05357142857142857 0.19246031746031747
5 0.6401289682539683 0.595568783068783 0.06324404761904762 0.19940476190476192
5 0.8004712301587301 0.3697089947089947 0.03794642857142857 0.12433862433862433
5 0.24231150793650794 0.3862433862433862 0.04712301587301587 0.144510582010582
5 0.8157242063492064 0.48726851851851855 0.04935515873015873 0.16633597883597884
5 0.4928075396825397 0.3449074074074074 0.03670634920634921 0.12632275132275134
3 0.8874007936507936 0.056216931216931214 0.045882936507936505 0.05257936507936508
5 0.36929563492063494 0.238260582010582 0.03373015873015873 0.09788359788359788
5 0.6739831349206349 0.23726851851851852 0.029017857142857144 0.09623015873015874
5 0.5435267857142857 0.289021164021164 0.03125 0.10449735449735449
5 0.7653769841269841 0.2724867724867725 0.026041666666666668 0.09854497354497355
2 0.4025297619047619 0.05935846560846561 0.09821428571428571 0.11871693121693122
5 0.024553571428571428 0.802744708994709 0.049107142857142856 0.26785714285714285
5 0.2390873015873016 0.3103505291005291 0.041914682539682536 0.08895502645502645
5 0.5359623015873016 0.22999338624338625 0.03149801587301587 0.07705026455026455
5 0.5778769841269841 0.18931878306878308 0.027777777777777776 0.08134920634920635
1 0.5007440476190477 0.5962301587301587 0.026785714285714284 0.018849206349206348
5 0.5782490079365079 0.10201719576719577 0.018353174603174604 0.062169312169312166
5 0.4867311507936508 0.17377645502645503 0.02554563492063492 0.07705026455026455
5 0.6937003968253969 0.09292328042328042 0.017361111111111112 0.054563492063492064
5 0.4330357142857143 0.2199074074074074 0.02976190476190476 0.08796296296296297
5 0.474578373015873 0.13095238095238096 0.02132936507936508 0.06382275132275132
5 0.4029017857142857 0.16137566137566137 0.026537698412698412 0.07837301587301587
5 0.5045882936507936 0.09937169312169312 0.017857142857142856 0.059854497354497355
5 0.5323660714285714 0.05324074074074074 0.01488095238095238 0.04728835978835979
5 0.5203373015873016 0.03521825396825397 0.015873015873015872 0.042328042328042326
5 0.5085565476190477 0.016534391534391533 0.012896825396825396 0.03306878306878307
5 0.569513888888889 0.030482804232804236 0.012757936507936508 0.03922949735449735
5 0.4193948412698413 0.19295634920634921 0.025297619047619048 0.08101851851851852
5 0.6517857142857143 0.04828042328042328 0.012896825396825396 0.04332010582010582
1 0.38095238095238093 0.3814484126984127 0.018849206349206348 0.012566137566137565
5 0.6052083333333332 0.04912367724867725 0.013541666666666667 0.042298280423280425
5 0.489171626984127 0.06779100529100529 0.01554563492063492 0.048938492063492066
5 0.5317460317460317 0.016203703703703703 0.014384920634920634 0.032407407407407406
5 0.39088541666666665 0.10383597883597884 0.048132440476190474 0.0582010582010582
5 0.6687748015873016 0.012896825396825396 0.010416666666666666 0.025793650793650792
4 0.33516121031746027 0.12290674603174603 0.015014880952380951 0.0680026455026455
4 0.258390376984127 0.08548611111111111 0.01414186507936508 0.05613425925925926
4 0.06938740079365079 0.20554232804232803 0.02461061507936508 0.04921957671957672
0 0.6525892857142856 0.43123015873015874 0.0298859126984127 0.012037037037037037
5 0.597485119047619 0.03001653439153439 0.01259672619047619 0.03787698412698413
5 0.5001785714285715 0.056822089947089954 0.016049107142857143 0.048025793650793645