3 0.3957093253968254 0.7562830687830688 0.24578373015873015 0.3492063492063492
3 0.5054563492063492 0.4123677248677249 0.1277281746031746 0.17559523809523808
5 0.6817956349206349 0.7961309523809523 0.0689484126984127 0.2509920634920635
5 0.7940228174603174 0.6995701058201058 0.06101190476190476 0.2152777777777778
3 0.6313244047619048 0.1931216931216931 0.06398809523809523 0.08664021164021164
6 0.4556051587301587 0.2650462962962963 0.07514880952380952 0.1378968253968254
3 0.6671626984126984 0.33779761904761907 0.09226190476190477 0.12136243386243387
5 0.14769345238095238 0.5100859788359788 0.05084325396825397 0.15806878306878308
5 0.23735119047619047 0.47701719576719576 0.04538690476190476 0.14814814814814814
5 0.043774801587301584 0.6046626984126984 0.06696428571428571 0.2013888888888889
5 0.3454861111111111 0.48148148148148145 0.047619047619047616 0.1550925925925926
5 0.279265873015873 0.5765542328042328 0.054563492063492064 0.18816137566137567
5 0.7016369047619048 0.4166666666666667 0.037698412698412696 0.13161375661375663
5 0.040054563492063495 0.4611441798941799 0.0496031746031746 0.144510582010582
3 0.5777529761904762 0.125 0.04141865079365079 0.04728835978835979
5 0.29055059523809523 0.3472222222222222 0.03571428571428571 0.11673280423280423
5 0.34375 0.25462962962962965 0.025793650793650792 0.07804232804232804
5 0.08333333333333333 0.49702380952380953 0.04811507936507937 0.13955026455026456
3 0.6577380952380952 0.1349206349206349 0.04117063492063492 0.04828042328042328
5 0.7307787698412699 0.29034391534391535 0.029513888888888888 0.09259259259259259
5 0.39632936507936506 0.25297619047619047 0.02703373015873016 0.08498677248677249
5 0.5492311507936508 0.21610449735449735 0.026041666666666668 0.07605820105820106
1 0.359094742063492 0.8723544973544973 0.031021825396825395 0.030261243386243388
3 0.6494295634920635 0.051421957671957674 0.030257936507936508 0.0333994708994709
5 0.42038690476190477 0.15046296296296297 0.017857142857142856 0.05555555555555555
5 0.8448660714285714 0.136739417989418 0.017609126984126984 0.055224867724867725
3 0.6447172619047619 0.10863095238095238 0.038938492063492064 0.041666666666666664
5 0.27219742063492064 0.23197751322751323 0.02554563492063492 0.0744047619047619
5 0.7037450396825397 0.17824074074074073 0.0220734126984127 0.06481481481481481
5 0.7118055555555556 0.24586640211640212 0.024553571428571428 0.08002645502645503
1 0.4937996031746032 0.46875 0.019593253968253968 0.01455026455026455
5 0.5355902777777778 0.164021164021164 0.019345238095238096 0.05853174603174603
5 0.484375 0.1648478835978836 0.020337301587301588 0.061507936507936505
5 0.5207093253968254 0.12681878306878308 0.017361111111111112 0.05489417989417989
3 0.6687748015873016 0.03306878306878307 0.024305555555555556 0.03009259259259259
3 0.7018849206349206 0.04447751322751323 0.02703373015873016 0.041666666666666664
5 0.5083085317460317 0.08118386243386243 0.014136904761904762 0.04133597883597884
5 0.5404265873015873 0.09904100529100529 0.015376984126984126 0.04298941798941799
5 0.4751984126984127 0.11987433862433862 0.018105158730158732 0.044642857142857144
5 0.5905257936507936 0.08878968253968254 0.014384920634920634 0.03670634920634921
5 0.5714285714285714 0.08564814814814815 0.01488095238095238 0.03439153439153439
5 0.34858630952380953 0.1615410052910053 0.0248015873015873 0.059854497354497355
4 0.23395089285714285 0.21450727513227513 0.02168154761904762 0.07032407407407407
5 0.4585813492063492 0.1787367724867725 0.02058531746031746 0.03935185185185185
5 0.46552579365079366 0.15641534391534392 0.02058531746031746 0.056216931216931214
5 0.6168154761904762 0.04976851851851852 0.011904761904761904 0.03207671957671958
5 0.8344494047619048 0.06994047619047619 0.014136904761904762 0.036375661375661374
4 0.18471478174603173 0.22291666666666668 0.013933531746031746 0.06651455026455026
0 0.6699429563492063 0.3727347883597884 0.025711805555555557 0.007886904761904762
0 0.4481522817460318 0.30721560846560847 0.01978422619047619 0.007678571428571428