3 0.6026785714285714 0.2091600529100529 0.10168650793650794 0.12566137566137567
3 0.16592261904761904 0.44460978835978837 0.21825396825396826 0.29133597883597884
5 0.7748015873015873 0.22718253968253968 0.03993055555555555 0.12665343915343916
5 0.36222718253968256 0.414021164021164 0.05357142857142857 0.1931216931216931
3 0.5275297619047619 0.03125 0.06671626984126984 0.0625
5 0.44134424603174605 0.3296957671957672 0.048859126984126984 0.15608465608465608
5 0.4751984126984127 0.25 0.04241071428571429 0.1292989417989418
5 0.35925099206349204 0.2488425925925926 0.04117063492063492 0.1259920634920635
2 0.49367559523809523 0.6817129629629629 0.28249007936507936 0.5638227513227513
5 0.7232142857142857 0.16650132275132276 0.030753968253968252 0.11078042328042328
5 0.8405257936507936 0.19262566137566137 0.0441468253968254 0.12136243386243387
5 0.17348710317460317 0.1519510582010582 0.039186507936507936 0.10284391534391535
5 0.4425843253968254 0.10466269841269842 0.027777777777777776 0.08994708994708994
5 0.4789186507936508 0.14285714285714285 0.032242063492063495 0.09490740740740741
5 0.3552827380952381 0.1550925925925926 0.03844246031746032 0.10317460317460317
5 0.30853174603174605 0.22718253968253968 0.034722222222222224 0.12400793650793651
5 0.045262896825396824 0.11160714285714286 0.062003968253968256 0.08895502645502645
1 0.482390873015873 0.947255291005291 0.04389880952380952 0.0291005291005291
5 0.9154265873015873 0.024305555555555556 0.022321428571428572 0.04861111111111111
1 0.6014409722222223 0.2438260582010582 0.019345238095238096 0.012896825396825396
0 0.11706349206349206 0.5682870370370371 0.03943452380952381 0.01521164021164021