6 0.49255952380952384 0.31994047619047616 0.1433531746031746 0.2566137566137566
5 0.2452876984126984 0.6309523809523809 0.07068452380952381 0.21825396825396826
6 0.38851686507936506 0.24090608465608465 0.1775793650793651 0.2585978835978836
5 0.5775049603174603 0.8045634920634921 0.08283730158730158 0.27843915343915343
5 0.08940972222222222 0.5823412698412699 0.07886904761904762 0.2003968253968254
6 0.7907986111111112 0.6135912698412699 0.16517857142857142 0.33796296296296297
3 0.6643105158730159 0.08581349206349206 0.05580357142857143 0.06779100529100529
5 0.6284722222222222 0.48148148148148145 0.051835317460317464 0.17328042328042328
5 0.8318452380952381 0.36921296296296297 0.04389880952380952 0.14153439153439154
5 0.6711309523809523 0.2443783068783069 0.030753968253968252 0.10416666666666667
5 0.22420634920634921 0.38756613756613756 0.047619047619047616 0.14252645502645503
5 0.3022073412698413 0.4050925925925926 0.04513888888888889 0.14285714285714285
3 0.45622519841269843 0.0851521164021164 0.0441468253968254 0.05125661375661376
5 0.8170882936507936 0.2628968253968254 0.031994047619047616 0.10582010582010581
3 0.5703125 0.09242724867724868 0.056299603174603176 0.0582010582010582
3 0.6365327380952381 0.03455687830687831 0.03422619047619048 0.042328042328042326
5 0.7175099206349206 0.14798280423280424 0.023065476190476192 0.07076719576719577
1 0.7867063492063492 0.7418981481481481 0.03298611111111111 0.022156084656084655
5 0.7819940476190477 0.24206349206349206 0.03125 0.11078042328042328
5 0.6887400793650794 0.13971560846560846 0.021081349206349208 0.06911375661375661
5 0.5793650793650794 0.12251984126984126 0.022817460317460316 0.06878306878306878
5 0.7790178571428571 0.1767526455026455 0.030009920634920636 0.07275132275132275
3 0.23549107142857142 0.22718253968253968 0.12103174603174603 0.11937830687830688
1 0.3524305555555556 0.34209656084656087 0.016865079365079364 0.012896825396825396
5 0.7655009920634921 0.0744047619047619 0.017857142857142856 0.056216931216931214
5 0.49243551587301587 0.11028439153439154 0.018849206349206348 0.06283068783068783
5 0.771453373015873 0.03505291005291005 0.015128968253968254 0.04497354497354497
5 0.7330109126984127 0.04828042328042328 0.01488095238095238 0.047619047619047616
5 0.5238095238095238 0.08217592592592593 0.01984126984126984 0.060515873015873016
3 0.7315228174603174 0.014715608465608465 0.03521825396825397 0.0291005291005291
5 0.6262400793650794 0.060515873015873016 0.015625 0.049933862433862435
5 0.677703373015873 0.025297619047619048 0.014136904761904762 0.04662698412698413
5 0.6543898809523809 0.01984126984126984 0.015128968253968254 0.03835978835978836
5 0.4123263888888889 0.08812830687830688 0.018849206349206348 0.050595238095238096
2 0.5744047619047619 0.023148148148148147 0.05357142857142857 0.046296296296296294
5 0.5938740079365079 0.046296296296296294 0.018601190476190476 0.04662698412698413
5 0.49069940476190477 0.07043650793650794 0.018849206349206348 0.046957671957671955
5 0.558655753968254 0.045304232804232805 0.015625 0.04265873015873016
1 0.47085813492063494 0.4146626984126984 0.02058531746031746 0.012939814814814815
5 0.9610615079365079 0.9672619047619048 0.07787698412698413 0.06547619047619048
0 0.20854414682539682 0.26267857142857143 0.01988095238095238 0.007301587301587301