3 0.41889880952380953 0.578207671957672 0.11210317460317461 0.15608465608465608
5 0.12822420634920634 0.84755291005291 0.14012896825396826 0.17195767195767195
3 0.2642609126984127 0.49537037037037035 0.08010912698412699 0.10681216931216932
3 0.3568948412698413 0.45535714285714285 0.07018849206349206 0.08002645502645503
5 0.08345734126984126 0.6489748677248677 0.06721230158730158 0.12962962962962962
5 0.12624007936507936 0.6071428571428571 0.04290674603174603 0.12003968253968254
6 0.42571924603174605 0.39798280423280424 0.07043650793650794 0.11541005291005291
5 0.38070436507936506 0.7372685185185185 0.043402777777777776 0.1626984126984127
3 0.4234871031746032 0.30324074074074076 0.059027777777777776 0.03736772486772487
3 0.6922123015873016 0.43700396825396826 0.12921626984126985 0.07308201058201058
3 0.26351686507936506 0.314484126984127 0.03695436507936508 0.04298941798941799
3 0.6729910714285714 0.32175925925925924 0.08258928571428571 0.041005291005291
5 0.6006944444444444 0.41980820105820105 0.040674603174603176 0.0582010582010582
5 0.030753968253968252 0.273478835978836 0.024305555555555556 0.031746031746031744
5 0.5999503968253969 0.5517526455026455 0.029513888888888888 0.10052910052910052
5 0.15749007936507936 0.4773478835978836 0.025049603174603176 0.08167989417989419
5 0.0665922619047619 0.4131944444444444 0.0220734126984127 0.06845238095238096
3 0.552703373015873 0.32076719576719576 0.07217261904761904 0.037698412698412696
5 0.020213293650793652 0.33812830687830686 0.018105158730158732 0.045304232804232805
5 0.15699404761904762 0.3715277777777778 0.02058531746031746 0.05092592592592592
5 0.1796875 0.3368055555555556 0.016121031746031748 0.04398148148148148
2 0.6051587301587301 0.15674603174603174 0.09623015873015874 0.032407407407407406
3 0.609375 0.31299603174603174 0.05257936507936508 0.03670634920634921
5 0.5009920634920635 0.3201058201058201 0.027281746031746032 0.0419973544973545
5 0.27368551587301587 0.35168650793650796 0.017857142857142856 0.05257936507936508
0 0.26872519841269843 0.5238095238095238 0.020833333333333332 0.007936507936507936
5 0.8585069444444444 0.4442791005291005 0.03298611111111111 0.06084656084656084
5 0.15203373015873015 0.4174933862433862 0.0248015873015873 0.0625
5 0.36061507936507936 0.29910714285714285 0.015873015873015872 0.037037037037037035
0 0.431140873015873 0.6224867724867725 0.024732142857142855 0.01048941798941799
5 0.19816468253968253 0.27380952380952384 0.020089285714285716 0.02943121693121693
5 0.13777281746031747 0.2724867724867725 0.021825396825396824 0.028439153439153438
5 0.23077876984126985 0.28687169312169314 0.012896825396825396 0.035383597883597885
5 0.7243303571428571 0.33564814814814814 0.022817460317460316 0.04133597883597884
5 0.2872123015873016 0.28570105820105823 0.010577876984126983 0.02984126984126984
5 0.29361359126984127 0.2912962962962963 0.01072420634920635 0.03345238095238095
1 0.3678075396825397 0.4771825396825397 0.011656746031746032 0.008267195767195767
0 0.43547619047619046 0.43712301587301583 0.013888888888888888 0.005138888888888889
2 0.5779365079365079 0.2417526455026455 0.05928819444444445 0.02548941798941799
3 0.589283234126984 0.2536210317460318 0.0411656746031746 0.01743716931216931
3 0.6518229166666667 0.2609160052910053 0.0405109126984127 0.019398148148148147
3 0.3665625 0.248505291005291 0.0378968253968254 0.0202744708994709
6 0.38240079365079366 0.23511574074074074 0.043122519841269843 0.03093915343915344
3 0.26965029761904763 0.280625 0.03243551587301587 0.031478174603174605
5 0.2869965277777778 0.24408068783068784 0.015004960317460318 0.018951719576719577
5 0.231875 0.2380191798941799 0.01740079365079365 0.019593253968253968
5 0.47637896825396825 0.24979166666666666 0.012604166666666666 0.01681547619047619
2 0.9117931547619047 0.317718253968254 0.11664186507936508 0.08028439153439154
2 0.8845783730158729 0.33011574074074074 0.07032738095238095 0.06991732804232804
6 0.9239608134920635 0.2575429894179894 0.09839037698412698 0.04556547619047619
3 0.9773710317460318 0.2753472222222222 0.04363343253968254 0.0198776455026455