3 0.7034970238095238 0.49173280423280424 0.16889880952380953 0.2552910052910053
3 0.3428819444444444 0.3220899470899471 0.1505456349206349 0.16567460317460317
5 0.1328125 0.32175925925925924 0.051587301587301584 0.14252645502645503
5 0.8701636904761905 0.4494047619047619 0.05530753968253968 0.18915343915343916
5 0.3637152777777778 0.478505291005291 0.0597718253968254 0.1974206349206349
5 0.2586805555555556 0.20833333333333334 0.04117063492063492 0.11243386243386243
4 0.12983630952380953 0.9310515873015873 0.13268849206349206 0.1378968253968254
3 0.48115079365079366 0.1056547619047619 0.054563492063492064 0.09226190476190477
5 0.7664930555555556 0.0798611111111111 0.023561507936507936 0.08035714285714286
5 0.3740079365079365 0.13839285714285715 0.031001984126984128 0.08928571428571429
1 0.7021329365079365 0.5783730158730159 0.02976190476190476 0.0205026455026455
1 0.3108878968253968 0.3725198412698413 0.021577380952380952 0.01488095238095238
5 0.47767857142857145 0.02132936507936508 0.01984126984126984 0.04265873015873016
2 0.5307539682539683 0.14947089947089948 0.10813492063492064 0.18452380952380953
5 0.9366319444444444 0.06547619047619048 0.02554563492063492 0.07308201058201058
5 0.5146329365079365 0.022652116402116403 0.019593253968253968 0.045304232804232805
5 0.04439484126984127 0.12946428571428573 0.062003968253968256 0.08002645502645503
5 0.39818948412698413 0.09606481481481481 0.028273809523809524 0.07308201058201058
5 0.4021577380952381 0.06514550264550265 0.024057539682539684 0.0625
0 0.5246453373015872 0.2129563492063492 0.01936011904761905 0.008174603174603175