3 0.785094246031746 0.2275132275132275 0.11334325396825397 0.11011904761904762
5 0.6402529761904762 0.5047949735449735 0.053075396825396824 0.1703042328042328
5 0.4853670634920635 0.3498677248677249 0.07589285714285714 0.103505291005291
5 0.2435515873015873 0.8688822751322751 0.11259920634920635 0.20304232804232805
5 0.5548115079365079 0.4236111111111111 0.047619047619047616 0.1388888888888889
5 0.683531746031746 0.384755291005291 0.044890873015873016 0.12268518518518519
5 0.9009176587301587 0.2701719576719577 0.03249007936507937 0.09689153439153439
5 0.35007440476190477 0.414021164021164 0.05704365079365079 0.0992063492063492
4 0.3664434523809524 0.3382936507936508 0.032242063492063495 0.11044973544973545
3 0.9892113095238095 0.0958994708994709 0.02132936507936508 0.04794973544973545
4 0.2564484126984127 0.37781084656084657 0.030257936507936508 0.10052910052910052
3 0.8233308531746032 0.3788359788359788 0.15863343253968254 0.1936375661375661
0 0.7846304563492064 0.448614417989418 0.027690972222222224 0.012824074074074075
5 0.5085565476190477 0.23859126984126985 0.06572420634920635 0.05357142857142857
0 0.7583531746031745 0.25909391534391535 0.01849702380952381 0.007245370370370371
5 0.19327380952380951 0.34221560846560845 0.06621775793650794 0.11243716931216931
4 0.7224702380952381 0.17657738095238096 0.014992559523809524 0.062635582010582
4 0.6295535714285715 0.18986111111111112 0.01423859126984127 0.07083333333333333