3 0.7037450396825397 0.3002645502645503 0.10441468253968254 0.12698412698412698
5 0.19456845238095238 0.8754960317460317 0.09995039682539683 0.24834656084656084
6 0.5900297619047619 0.1970899470899471 0.09151785714285714 0.18485449735449735
5 0.3655753968253968 0.7306547619047619 0.0726686507936508 0.25826719576719576
5 0.05084325396825397 0.8316798941798942 0.08903769841269842 0.2569444444444444
5 0.1375248015873016 0.5322420634920635 0.06001984126984127 0.18518518518518517
5 0.038938492063492064 0.4289021164021164 0.06101190476190476 0.14947089947089948
3 0.4205109126984127 0.9059193121693122 0.30009920634920634 0.18816137566137567
5 0.11272321428571429 0.3812830687830688 0.04265873015873016 0.13988095238095238
5 0.30939980158730157 0.47966269841269843 0.05109126984126984 0.1650132275132275
5 0.35441468253968256 0.5416666666666666 0.05357142857142857 0.1960978835978836
3 0.5868055555555556 0.07357804232804233 0.04935515873015873 0.051587301587301584
5 0.33482142857142855 0.30257936507936506 0.03695436507936508 0.11408730158730158
5 0.24032738095238096 0.335978835978836 0.04861111111111111 0.12962962962962962
3 0.630828373015873 0.036210317460317464 0.04241071428571429 0.05357142857142857
5 0.322296626984127 0.21841931216931218 0.031746031746031744 0.09490740740740741
5 0.7150297619047619 0.16666666666666666 0.024305555555555556 0.08068783068783068
2 0.40327380952380953 0.05241402116402116 0.10218253968253968 0.10482804232804233
5 0.5818452380952381 0.31398809523809523 0.04117063492063492 0.12896825396825398
5 0.47507440476190477 0.08912037037037036 0.020833333333333332 0.05886243386243386
5 0.5291418650793651 0.17609126984126985 0.02703373015873016 0.08068783068783068
1 0.7068452380952381 0.33978174603174605 0.017857142857142856 0.013888888888888888
5 0.5310019841269841 0.08349867724867725 0.017857142857142856 0.05787037037037037
2 0.42063492063492064 0.19510582010582012 0.11706349206349206 0.16435185185185186
3 0.8516865079365079 0.012235449735449735 0.02628968253968254 0.02447089947089947
5 0.6841517857142857 0.020833333333333332 0.016617063492063492 0.041666666666666664
5 0.43700396825396826 0.09639550264550265 0.022569444444444444 0.03736772486772487
5 0.18675595238095238 0.15625 0.03695436507936508 0.06779100529100529
4 0.03509424603174603 0.19246031746031747 0.023313492063492064 0.0796957671957672
4 0.0961061507936508 0.9664351851851852 0.09226190476190477 0.06712962962962964
5 0.3401537698412698 0.09887566137566138 0.029265873015873016 0.05952380952380952
5 0.5095486111111112 0.015046296296296295 0.014632936507936508 0.03009259259259259