3 0.20498511904761904 0.5608465608465608 0.15104166666666666 0.16203703703703703
3 0.6011904761904762 0.2933201058201058 0.06125992063492063 0.0763888888888889
5 0.597718253968254 0.5092592592592593 0.03695436507936508 0.12136243386243387
5 0.43365575396825395 0.5902777777777778 0.04265873015873016 0.14384920634920634
5 0.722718253968254 0.43700396825396826 0.032242063492063495 0.103505291005291
5 0.018849206349206348 0.6802248677248677 0.037698412698412696 0.1650132275132275
5 0.4150545634920635 0.49090608465608465 0.036458333333333336 0.11805555555555555
3 0.7294146825396826 0.22767857142857142 0.04265873015873016 0.04332010582010582
5 0.4749503968253968 0.44328703703703703 0.031994047619047616 0.0992063492063492
5 0.33717757936507936 0.517526455026455 0.043402777777777776 0.12433862433862433
5 0.5250496031746031 0.41865079365079366 0.02976190476190476 0.09424603174603174
5 0.2818700396825397 0.3978174603174603 0.029017857142857144 0.083994708994709
5 0.5045882936507936 0.3166335978835979 0.024553571428571428 0.07175925925925926
5 0.3271329365079365 0.3941798941798942 0.03125 0.08630952380952381
3 0.7492559523809523 0.18948412698412698 0.035962301587301584 0.03306878306878307
3 0.2074652777777778 0.25810185185185186 0.05233134920634921 0.05853174603174603
3 0.6775793650793651 0.16997354497354497 0.039186507936507936 0.032407407407407406
5 0.714905753968254 0.33349867724867727 0.022569444444444444 0.07242063492063493
5 0.533234126984127 0.291005291005291 0.019345238095238096 0.06018518518518518
5 0.5673363095238095 0.25992063492063494 0.019345238095238096 0.05257936507936508
4 0.010168650793650794 0.47867063492063494 0.020337301587301588 0.0882936507936508
5 0.6703869047619048 0.2605820105820106 0.017609126984126984 0.05787037037037037
5 0.3802083333333333 0.4146825396825397 0.029513888888888888 0.09027777777777778
5 0.3630952380952381 0.4523809523809524 0.02976190476190476 0.09391534391534391
5 0.48040674603174605 0.28703703703703703 0.019097222222222224 0.059854497354497355
5 0.4086061507936508 0.35796957671957674 0.02554563492063492 0.07771164021164022
3 0.9637896825396826 0.26587301587301587 0.025297619047619048 0.07374338624338625
5 0.33779761904761907 0.35730820105820105 0.025793650793650792 0.0701058201058201
5 0.7409474206349206 0.2554563492063492 0.01636904761904762 0.05357142857142857
5 0.597718253968254 0.23958333333333334 0.018849206349206348 0.036044973544973546
5 0.6274801587301587 0.25810185185185186 0.016617063492063492 0.05423280423280423
5 0.5130208333333334 0.26455026455026454 0.017361111111111112 0.05291005291005291
3 0.6476934523809523 0.23759920634920634 0.041666666666666664 0.042328042328042326
5 0.5250496031746031 0.23776455026455026 0.017361111111111112 0.04894179894179894
5 0.396453373015873 0.3275462962962963 0.022321428571428572 0.06746031746031746
5 0.6568700396825397 0.2544642857142857 0.016865079365079364 0.05026455026455026
5 0.3705357142857143 0.23859126984126985 0.03422619047619048 0.04563492063492063
0 0.18018353174603174 0.6041666666666666 0.03249007936507937 0.010912698412698412
5 0.550843253968254 0.20767195767195767 0.015376984126984126 0.04332010582010582
5 0.4913194444444444 0.2326388888888889 0.015625 0.040013227513227514
5 0.673859126984127 0.1909722222222222 0.01240079365079365 0.03373015873015873
5 0.6483134920634921 0.2027116402116402 0.013888888888888888 0.032407407407407406
3 0.2225 0.381739417989418 0.09300099206349206 0.11246693121693123