5 0.33370535714285715 0.7108134920634921 0.07564484126984126 0.24603174603174602
5 0.15860615079365079 0.4427910052910053 0.053323412698412696 0.15178571428571427
5 0.031374007936507936 0.78505291005291 0.06274801587301587 0.23776455026455026
3 0.1943204365079365 0.2392526455026455 0.11185515873015874 0.11078042328042328
5 0.33035714285714285 0.3857473544973545 0.04365079365079365 0.12731481481481483
2 0.513640873015873 0.08912037037037036 0.06845238095238096 0.11772486772486772
5 0.6085069444444444 0.32572751322751325 0.03993055555555555 0.13128306878306878
5 0.17485119047619047 0.2804232804232804 0.06324404761904762 0.08862433862433862
5 0.30071924603174605 0.5818452380952381 0.051835317460317464 0.18154761904761904
3 0.39632936507936506 0.1076388888888889 0.045882936507936505 0.0496031746031746
5 0.4026537698412698 0.25297619047619047 0.027281746031746032 0.08664021164021164
3 0.9758184523809523 0.15013227513227514 0.028521825396825396 0.06283068783068783
5 0.5734126984126984 0.144510582010582 0.01984126984126984 0.06382275132275132
5 0.4347718253968254 0.11507936507936507 0.019593253968253968 0.0539021164021164
5 0.3236607142857143 0.23462301587301587 0.024305555555555556 0.08630952380952381
5 0.4600694444444444 0.09871031746031746 0.01636904761904762 0.049933862433862435
5 0.613219246031746 0.11276455026455026 0.01711309523809524 0.05257936507936508
5 0.49987599206349204 0.1650132275132275 0.01984126984126984 0.0667989417989418
3 0.39025297619047616 0.028108465608465607 0.030257936507936508 0.03306878306878307
5 0.5863095238095238 0.0689484126984127 0.017609126984126984 0.0496031746031746
5 0.30319940476190477 0.1982473544973545 0.024305555555555556 0.07242063492063493
5 0.566344246031746 0.03356481481481482 0.013640873015873016 0.03869047619047619
3 0.8262648809523809 0.11474867724867725 0.02976190476190476 0.05357142857142857
5 0.9724702380952381 0.060515873015873016 0.012896825396825396 0.04497354497354497
5 0.9874751984126984 0.0689484126984127 0.014136904761904762 0.04265873015873016
5 0.6877480158730159 0.04034391534391534 0.012152777777777778 0.03406084656084656
5 0.22916666666666666 0.17724867724867724 0.03844246031746032 0.05952380952380952
5 0.8229166666666666 0.044642857142857144 0.015376984126984126 0.0419973544973545
5 0.5696924603174603 0.008597883597883597 0.00992063492063492 0.016203703703703703
5 0.6082589285714286 0.011408730158730158 0.01314484126984127 0.022817460317460316
5 0.595734126984127 0.03439153439153439 0.011904761904761904 0.037037037037037035