5 0.4222005208333333 0.35546875 0.06575520833333333 0.2103587962962963
5 0.8640407986111112 0.5422453703703703 0.08637152777777778 0.2586805555555556
5 0.3396267361111111 0.43330439814814814 0.0625 0.22106481481481483
5 0.8560112847222222 0.2611400462962963 0.053168402777777776 0.17505787037037038
5 0.2240668402777778 0.1684027777777778 0.045572916666666664 0.15827546296296297
5 0.107421875 0.07494212962962964 0.046875 0.14438657407407407
5 0.5397135416666666 0.19372106481481483 0.04774305555555555 0.16116898148148148
5 0.2918836805555556 0.16319444444444445 0.04861111111111111 0.15711805555555555
5 0.3687065972222222 0.12485532407407407 0.048177083333333336 0.14322916666666666
5 0.4393446180555556 0.09577546296296297 0.045355902777777776 0.14207175925925927
5 0.6567925347222222 0.27271412037037035 0.05750868055555555 0.1802662037037037
5 0.24131944444444445 0.04065393518518518 0.036458333333333336 0.08130787037037036
5 0.17881944444444445 0.04701967592592592 0.043402777777777776 0.09403935185185185
5 0.5689019097222222 0.02734375 0.035807291666666664 0.0546875
5 0.4302300347222222 0.02141203703703704 0.03233506944444445 0.04224537037037037
5 0.2889539930555556 0.013020833333333334 0.029296875 0.026041666666666668
4 0.3393012152777778 0.9532696759259259 0.11805555555555555 0.0931712962962963