3 0.5452628968253969 0.4642857142857143 0.15327380952380953 0.2123015873015873
3 0.3350694444444444 0.2005621693121693 0.10813492063492064 0.13293650793650794
3 0.1896081349206349 0.13872354497354497 0.11359126984126984 0.11375661375661375
3 0.42919146825396826 0.10830026455026455 0.0679563492063492 0.08101851851851852
5 0.22135416666666666 0.41617063492063494 0.05431547619047619 0.1703042328042328
5 0.7010168650793651 0.3325066137566138 0.04241071428571429 0.14649470899470898
5 0.724578373015873 0.2035383597883598 0.03273809523809524 0.1087962962962963
5 0.3560267857142857 0.3159722222222222 0.043402777777777776 0.13756613756613756
5 0.9848710317460317 0.16038359788359788 0.030257936507936508 0.09556878306878307
5 0.27157738095238093 0.1605489417989418 0.028273809523809524 0.09457671957671958
5 0.6221478174603174 0.09722222222222222 0.026041666666666668 0.08300264550264551
1 0.5323660714285714 0.5365410052910053 0.026785714285714284 0.02017195767195767
5 0.48115079365079366 0.16038359788359788 0.03149801587301587 0.09953703703703703
5 0.541046626984127 0.20734126984126985 0.03422619047619048 0.11078042328042328
5 0.5068204365079365 0.08085317460317461 0.022569444444444444 0.07572751322751323
5 0.3723958333333333 0.11590608465608465 0.02628968253968254 0.07341269841269842
5 0.6834077380952381 0.03885582010582011 0.018105158730158732 0.06018518518518518
5 0.5314980158730159 0.14417989417989419 0.026537698412698412 0.07837301587301587
5 0.5540674603174603 0.046130952380952384 0.01984126984126984 0.06415343915343916
1 0.31845238095238093 0.2400793650793651 0.016121031746031748 0.011904761904761904
5 0.47631448412698413 0.05191798941798942 0.020833333333333332 0.06316137566137567
5 0.5099206349206349 0.012566137566137565 0.015128968253968254 0.02513227513227513
5 0.5321180555555556 0.012235449735449735 0.015376984126984126 0.02447089947089947
3 0.39360119047619047 0.015376984126984126 0.046130952380952384 0.03042328042328042
5 0.4392361111111111 0.027612433862433863 0.017361111111111112 0.05257936507936508
5 0.35280257936507936 0.016865079365079364 0.019345238095238096 0.03373015873015873
1 0.42120039682539684 0.1282473544973545 0.012041170634920634 0.009801587301587303
0 0.16433035714285715 0.17174933862433864 0.018849206349206348 0.0072585978835978835
1 0.9944196428571429 0.17840608465608465 0.008928571428571428 0.00958994708994709