3 0.6936848958333334 0.43258101851851855 0.18098958333333334 0.22685185185185186
3 0.6226128472222222 0.25983796296296297 0.15234375 0.1646412037037037
6 0.3542751736111111 0.40248842592592593 0.1812065972222222 0.3660300925925926
3 0.5968967013888888 0.9127604166666666 0.2994791666666667 0.17418981481481483
5 0.8077256944444444 0.8123553240740741 0.11024305555555555 0.2907986111111111
5 0.5467664930555556 0.7510127314814815 0.09092881944444445 0.20023148148148148
5 0.2282986111111111 0.9163773148148148 0.10655381944444445 0.16724537037037038
2 0.3806423611111111 0.042534722222222224 0.13541666666666666 0.08506944444444445
3 0.1284722222222222 0.03139467592592592 0.07877604166666667 0.06278935185185185
3 0.5788845486111112 0.036313657407407406 0.09418402777777778 0.07262731481481481
5 0.7413194444444444 0.09302662037037036 0.055121527777777776 0.08998842592592593
5 0.0685763888888889 0.3680555555555556 0.05056423611111111 0.16782407407407407
5 0.13606770833333334 0.13194444444444445 0.03624131944444445 0.1099537037037037
5 0.4481336805555556 0.2513020833333333 0.03927951388888889 0.13859953703703703
5 0.23958333333333334 0.3559027777777778 0.04774305555555555 0.16145833333333334
5 0.2721354166666667 0.1675347222222222 0.038628472222222224 0.11168981481481481
5 0.11751302083333333 0.33521412037037035 0.046223958333333336 0.16869212962962962
5 0.06987847222222222 0.17216435185185186 0.03927951388888889 0.09461805555555555
5 0.6070963541666666 0.07971643518518519 0.029947916666666668 0.08940972222222222
5 0.4721137152777778 0.08391203703703703 0.031901041666666664 0.09346064814814815
5 0.3513454861111111 0.13512731481481483 0.033203125 0.1076388888888889
5 0.23621961805555555 0.21614583333333334 0.034722222222222224 0.12210648148148148
5 0.06987847222222222 0.2511574074074074 0.046223958333333336 0.12008101851851852
2 0.9189453125 0.09577546296296297 0.1618923611111111 0.1909722222222222
5 0.2445746527777778 0.09346064814814815 0.03233506944444445 0.09895833333333333
1 0.3530815972222222 0.5342881944444444 0.029947916666666668 0.020833333333333332
5 0.2124565972222222 0.13295717592592593 0.036675347222222224 0.10243055555555555
5 0.6831597222222222 0.08188657407407407 0.029079861111111112 0.08362268518518519
1 0.7119140625 0.5122974537037037 0.027560763888888888 0.02199074074074074
5 0.3944227430555556 0.18851273148148148 0.04318576388888889 0.06712962962962964
0 0.6467426215277778 0.3074537037037037 0.02953776041666667 0.010309606481481482
5 0.1967230902777778 0.04456018518518518 0.026258680555555556 0.08680555555555555
5 0.7106119791666666 0.05787037037037037 0.03819444444444445 0.08159722222222222
5 0.2158203125 0.059172453703703706 0.03211805555555555 0.07552083333333333
4 0.041015625 0.9639756944444444 0.08203125 0.07175925925925926
1 0.1181640625 0.047453703703703706 0.013020833333333334 0.008680555555555556
1 0.400234375 0.06908275462962964 0.012632378472222223 0.008420138888888888
1 0.4740798611111111 0.01775173611111111 0.011061197916666666 0.008113425925925925