3 0.49032738095238093 0.8604497354497355 0.21006944444444445 0.27843915343915343
3 0.08630952380952381 0.4965277777777778 0.17261904761904762 0.1931216931216931
3 0.6124751984126984 0.42046957671957674 0.10987103174603174 0.16964285714285715
5 0.0920138888888889 0.6962632275132276 0.06870039682539683 0.20403439153439154
3 0.36334325396825395 0.27132936507936506 0.06597222222222222 0.07605820105820106
5 0.27653769841269843 0.5347222222222222 0.04563492063492063 0.14682539682539683
5 0.17584325396825398 0.5687830687830688 0.06299603174603174 0.16865079365079366
5 0.46912202380952384 0.6051587301587301 0.04712301587301587 0.17824074074074073
5 0.2845982142857143 0.876984126984127 0.07415674603174603 0.24603174603174602
3 0.5496031746031746 0.23991402116402116 0.05530753968253968 0.06812169312169312
5 0.37611607142857145 0.628968253968254 0.046875 0.18386243386243387
5 0.26748511904761907 0.6825396825396826 0.06076388888888889 0.18452380952380953
5 0.29129464285714285 0.38955026455026454 0.031001984126984128 0.10251322751322751
5 0.4381200396825397 0.3630952380952381 0.031994047619047616 0.10317460317460317
3 0.6555059523809523 0.17708333333333334 0.04290674603174603 0.0539021164021164
3 0.5876736111111112 0.19758597883597884 0.046875 0.051587301587301584
5 0.32824900793650796 0.6048280423280423 0.047867063492063495 0.17394179894179895
5 0.376984126984127 0.4809854497354497 0.04265873015873016 0.1207010582010582
5 0.6538938492063492 0.27116402116402116 0.023313492063492064 0.07473544973544974
5 0.7134176587301587 0.3239087301587302 0.026785714285714284 0.09027777777777778
5 0.6226438492063492 0.23875661375661375 0.0220734126984127 0.06613756613756613
5 0.41381448412698413 0.21676587301587302 0.019097222222222224 0.05919312169312169
5 0.4616815476190476 0.2369378306878307 0.023313492063492064 0.0667989417989418
3 0.6294642857142857 0.15443121693121692 0.03943452380952381 0.04861111111111111
6 0.6448412698412699 0.09705687830687831 0.033482142857142856 0.06183862433862434
5 0.48908730158730157 0.2673611111111111 0.021825396825396824 0.07308201058201058
0 0.04985119047619048 0.5611772486772487 0.03125 0.011574074074074073
5 0.49702380952380953 0.22123015873015872 0.0220734126984127 0.06117724867724868
5 0.1463293650793651 0.3956679894179894 0.03869047619047619 0.06911375661375661
5 0.4833829365079365 0.18452380952380953 0.016617063492063492 0.05026455026455026
5 0.5579117063492064 0.17824074074074073 0.016865079365079364 0.05026455026455026
3 0.5008680555555556 0.13971560846560846 0.03720238095238095 0.040013227513227514
5 0.5389384920634921 0.167989417989418 0.015128968253968254 0.04497354497354497
5 0.6839037698412699 0.15608465608465608 0.015128968253968254 0.04927248677248677
3 0.6827876984126984 0.08316798941798942 0.024057539682539684 0.028108465608465607
4 0.24553571428571427 0.25562169312169314 0.018849206349206348 0.05952380952380952
5 0.5784970238095238 0.12797619047619047 0.014632936507936508 0.03670634920634921
5 0.3345734126984127 0.23296957671957672 0.022817460317460316 0.06084656084656084
5 0.28087797619047616 0.22685185185185186 0.018601190476190476 0.046957671957671955
5 0.5290178571428571 0.15013227513227514 0.014384920634920634 0.04034391534391534
5 0.49615575396825395 0.1712962962962963 0.014384920634920634 0.0419973544973545
5 0.5167410714285714 0.14897486772486773 0.011904761904761904 0.03802910052910053
0 0.6074900793650794 0.4663921957671957 0.026636904761904764 0.009973544973544973
5 0.6062202380952382 0.17601851851851852 0.012547123015873017 0.047053571428571424
5 0.5582514880952381 0.1456084656084656 0.01228670634920635 0.032589285714285716
5 0.5495585317460318 0.12643849206349206 0.01320188492063492 0.03572751322751323