6 0.6988932291666666 0.4140625 0.3671875 0.6828703703703703
3 0.23546006944444445 0.036458333333333336 0.08854166666666667 0.07291666666666667
3 0.5141059027777778 0.07219328703703703 0.1310763888888889 0.14351851851851852
5 0.4417317708333333 0.24739583333333334 0.04774305555555555 0.1574074074074074
5 0.7108289930555556 0.03833912037037037 0.03884548611111111 0.07581018518518519
3 0.58853515625 0.03993055555555555 0.1072048611111111 0.0798611111111111
5 0.013020833333333334 0.15596064814814814 0.026041666666666668 0.13599537037037038
5 0.8251953125 0.1306423611111111 0.03927951388888889 0.10416666666666667
5 0.3519965277777778 0.019241898148148147 0.027994791666666668 0.038483796296296294
5 0.2048611111111111 0.20182291666666666 0.057074652777777776 0.1495949074074074
5 0.4237196180555556 0.031828703703703706 0.028211805555555556 0.06365740740740741
1 0.7194010416666666 0.6977719907407407 0.038628472222222224 0.026331018518518517
1 0.23893229166666666 0.04788773148148148 0.015625 0.01099537037037037
1 0.6048133680555555 0.0606712962962963 0.015718315972222223 0.011452546296296296