3 0.062375992063492064 0.8721891534391535 0.12475198412698413 0.25562169312169314
3 0.23511904761904762 0.591931216931217 0.14087301587301587 0.18981481481481483
3 0.11272321428571429 0.5165343915343915 0.13343253968253968 0.144510582010582
3 0.33110119047619047 0.4887566137566138 0.1039186507936508 0.12400793650793651
3 0.2666170634920635 0.40575396825396826 0.09647817460317461 0.09523809523809523
2 0.45275297619047616 0.2610780423280423 0.08432539682539683 0.12764550264550265
3 0.4148065476190476 0.4041005291005291 0.08978174603174603 0.09656084656084656
3 0.13690476190476192 0.3707010582010582 0.17435515873015872 0.1001984126984127
3 0.8697916666666666 0.3116732804232804 0.07242063492063493 0.07771164021164022
5 0.3107638888888889 0.9366732804232805 0.08010912698412699 0.12632275132275134
5 0.1671626984126984 0.6891534391534392 0.05580357142857143 0.18055555555555555
3 0.6262400793650794 0.23313492063492064 0.04389880952380952 0.04794973544973545
3 0.5684523809523809 0.19907407407407407 0.03695436507936508 0.04034391534391534
5 0.7356150793650794 0.46048280423280424 0.027529761904761904 0.10615079365079365
3 0.8592509920634921 0.22701719576719576 0.045882936507936505 0.05357142857142857
3 0.5890376984126984 0.1541005291005291 0.030009920634920636 0.03273809523809524
5 0.5534474206349206 0.3187830687830688 0.023809523809523808 0.07341269841269842
5 0.6572420634920635 0.2994378306878307 0.018601190476190476 0.0701058201058201
5 0.6010664682539683 0.37450396825396826 0.02703373015873016 0.08895502645502645
5 0.3984375 0.3341600529100529 0.028521825396825396 0.06084656084656084
5 0.35925099206349204 0.2576058201058201 0.016865079365079364 0.05257936507936508
3 0.22247023809523808 0.33912037037037035 0.10491071428571429 0.05191798941798942
5 0.2769097222222222 0.3063822751322751 0.020833333333333332 0.06911375661375661
5 0.3175843253968254 0.30654761904761907 0.022321428571428572 0.06845238095238096
5 0.5823412698412699 0.24388227513227514 0.017361111111111112 0.05257936507936508
5 0.3998015873015873 0.23958333333333334 0.017609126984126984 0.04861111111111111
1 0.3210565476190476 0.5284391534391535 0.018353174603174604 0.013558201058201057
5 0.3820684523809524 0.44576719576719576 0.035962301587301584 0.09986772486772487
5 0.6354166666666666 0.18468915343915343 0.013888888888888888 0.03835978835978836
1 0.08854166666666667 0.5535714285714286 0.019345238095238096 0.013558201058201057
0 0.23363095238095238 0.638558201058201 0.03298611111111111 0.012566137566137565
5 0.6088789682539683 0.20171957671957672 0.015873015873015872 0.04398148148148148
5 0.5070684523809523 0.25462962962962965 0.015873015873015872 0.0496031746031746
5 0.5024801587301587 0.1765873015873016 0.012896825396825396 0.03736772486772487
3 0.6338045634920635 0.1324404761904762 0.029017857142857144 0.027777777777777776
5 0.6519097222222222 0.15558862433862433 0.012152777777777778 0.03373015873015873
5 0.6263640873015873 0.15128968253968253 0.011160714285714286 0.0333994708994709
1 0.2869419642857143 0.4313525132275133 0.014397321428571428 0.01093915343915344
4 0.11338045634920635 0.40988756613756616 0.03092261904761905 0.06665343915343916