3 0.2144097222222222 0.15674603174603174 0.14285714285714285 0.22552910052910052
6 0.5987103174603174 0.5133928571428571 0.3167162698412698 0.6583994708994709
3 0.13826884920634921 0.7662037037037037 0.27628968253968256 0.46726190476190477
3 0.43253968253968256 0.08796296296296297 0.14037698412698413 0.16567460317460317
3 0.894469246031746 0.5859788359788359 0.21106150793650794 0.42592592592592593
5 0.07849702380952381 0.23445767195767195 0.05431547619047619 0.1779100529100529
5 0.04600694444444445 0.08928571428571429 0.04117063492063492 0.13756613756613756
5 0.09052579365079365 0.12334656084656084 0.04712301587301587 0.14781746031746032
5 0.109375 0.02662037037037037 0.034970238095238096 0.05291005291005291
1 0.6223958333333334 0.8141534391534392 0.043402777777777776 0.02546296296296296
1 0.45372271825396826 0.14605820105820105 0.021125992063492065 0.01665674603174603
0 0.9871031746031746 0.7604166666666666 0.025793650793650792 0.017526455026455025
1 0.22259424603174602 0.23363095238095238 0.024305555555555556 0.017526455026455025