3 0.7255704365079365 0.44659391534391535 0.14831349206349206 0.22288359788359788
3 0.46564980158730157 0.4209656084656085 0.14384920634920634 0.1865079365079365
3 0.2906746031746032 0.33647486772486773 0.13541666666666666 0.1822089947089947
5 0.08544146825396826 0.730489417989418 0.08630952380952381 0.2526455026455027
3 0.6408730158730159 0.24520502645502645 0.0954861111111111 0.12896825396825398
3 0.5153769841269841 0.17774470899470898 0.07539682539682539 0.09358465608465609
5 0.9345238095238095 0.9206349206349206 0.09325396825396826 0.15873015873015872
3 0.652405753968254 0.11458333333333333 0.060515873015873016 0.0744047619047619
3 0.5987103174603174 0.06646825396825397 0.04389880952380952 0.050595238095238096
3 0.6253720238095238 0.028935185185185185 0.03869047619047619 0.04828042328042328
5 0.39248511904761907 0.25297619047619047 0.03422619047619048 0.10416666666666667
5 0.23425099206349206 0.2693452380952381 0.03720238095238095 0.10912698412698413
1 0.27058531746031744 0.39124669312169313 0.020337301587301588 0.014632936507936508
3 0.6764632936507936 0.04728835978835979 0.04538690476190476 0.05357142857142857
5 0.45163690476190477 0.2951388888888889 0.03794642857142857 0.09358465608465609
5 0.3116319444444444 0.11392195767195767 0.042162698412698416 0.062169312169312166
5 0.5660962301587301 0.21081349206349206 0.027529761904761904 0.08465608465608465
5 0.4191468253968254 0.16633597883597884 0.028769841269841268 0.08333333333333333
5 0.5844494047619048 0.17989417989417988 0.027529761904761904 0.07771164021164022
5 0.4541170634920635 0.13227513227513227 0.02132936507936508 0.06779100529100529
5 0.3783482142857143 0.19659391534391535 0.029513888888888888 0.08267195767195767
5 0.7353670634920635 0.12301587301587301 0.019593253968253968 0.06613756613756613
5 0.7160218253968254 0.07556216931216932 0.015376984126984126 0.05423280423280423
5 0.4505208333333333 0.20833333333333334 0.028273809523809524 0.08895502645502645
5 0.5829613095238095 0.018353174603174604 0.01488095238095238 0.03670634920634921
5 0.2836061507936508 0.16253306878306878 0.0248015873015873 0.07407407407407407
5 0.427703373015873 0.05886243386243386 0.018601190476190476 0.05555555555555555
5 0.37810019841269843 0.10069444444444445 0.02976190476190476 0.06382275132275132
1 0.6375248015873016 0.2822420634920635 0.016617063492063492 0.011574074074074073
5 0.48735119047619047 0.062169312169312166 0.021825396825396824 0.05423280423280423
0 0.44841269841269843 0.4818121693121693 0.031994047619047616 0.012235449735449735
1 0.7255902777777777 0.5231613756613757 0.02552579365079365 0.01923611111111111
5 0.47358630952380953 0.049933862433862435 0.015873015873015872 0.05092592592592592
5 0.8683035714285714 0.04117063492063492 0.017609126984126984 0.05291005291005291
5 0.8545386904761905 0.06663359788359788 0.01636904761904762 0.05720899470899471
5 0.8820684523809523 0.023478835978835978 0.017609126984126984 0.04563492063492063