3 0.5861855158730159 0.36904761904761907 0.1158234126984127 0.14814814814814814
3 0.20436507936507936 0.20717592592592593 0.1130952380952381 0.11144179894179894
5 0.10838293650793651 0.35400132275132273 0.05505952380952381 0.12731481481481483
3 0.5111607142857143 0.08300264550264551 0.04861111111111111 0.05423280423280423
5 0.24975198412698413 0.3687169312169312 0.04117063492063492 0.13326719576719576
5 0.4461805555555556 0.3341600529100529 0.03695436507936508 0.11970899470899471
3 0.644469246031746 0.04133597883597884 0.041914682539682536 0.049933862433862435
5 0.6904761904761905 0.22106481481481483 0.027281746031746032 0.09391534391534391
5 0.6085069444444444 0.13177910052910052 0.0248015873015873 0.0701058201058201
3 0.40662202380952384 0.07374338624338625 0.044890873015873016 0.05026455026455026
5 0.40773809523809523 0.25496031746031744 0.030753968253968252 0.10119047619047619
5 0.3810763888888889 0.24107142857142858 0.028521825396825396 0.09490740740740741
5 0.28112599206349204 0.17476851851851852 0.028025793650793652 0.07539682539682539
5 0.4479166666666667 0.17294973544973544 0.026041666666666668 0.0796957671957672
5 0.44754464285714285 0.07258597883597884 0.016121031746031748 0.050595238095238096
5 0.4157986111111111 0.113260582010582 0.018105158730158732 0.05654761904761905
0 0.5740277777777778 0.4166468253968254 0.028015873015873015 0.011868386243386243
5 0.5469990079365079 0.030912698412698413 0.013640873015873016 0.041018518518518524
5 0.8411458333333334 0.07324735449735449 0.016617063492063492 0.05125661375661376
5 0.43179563492063494 0.13740079365079366 0.019097222222222224 0.062169312169312166
5 0.607358630952381 0.028634259259259262 0.014945436507936508 0.0429265873015873
0 0.17956349206349206 0.23958333333333334 0.019345238095238096 0.007605820105820105
5 0.6879960317460317 0.017195767195767195 0.01314484126984127 0.03439153439153439
5 0.8324652777777778 0.028769841269841268 0.01314484126984127 0.04563492063492063