3 0.5729166666666666 0.8057208994708994 0.15029761904761904 0.27380952380952384
3 0.421875 0.593915343915344 0.10094246031746032 0.1349206349206349
3 0.5452628968253969 0.5593584656084656 0.0845734126984127 0.12268518518518519
3 0.40662202380952384 0.45982142857142855 0.08655753968253968 0.10615079365079365
3 0.4782986111111111 0.39368386243386244 0.047867063492063495 0.05588624338624339
5 0.3308531746031746 0.47585978835978837 0.02703373015873016 0.07671957671957672
2 0.43353174603174605 0.29976851851851855 0.05282738095238095 0.07142857142857142
5 0.6883680555555556 0.6344246031746031 0.04117063492063492 0.12698412698412698
3 0.5674603174603174 0.35119047619047616 0.037450396825396824 0.041666666666666664
5 0.8587549603174603 0.3738425925925926 0.018353174603174604 0.04034391534391534
3 0.48561507936507936 0.3306878306878307 0.03546626984126984 0.0419973544973545
5 0.6059027777777778 0.5089285714285714 0.028025793650793652 0.08465608465608465
5 0.6555059523809523 0.5699404761904762 0.0339781746031746 0.10185185185185185
3 0.5222048611111112 0.294781746031746 0.022090773809523807 0.023875661375661376
5 0.41592261904761907 0.3837632275132275 0.01711309523809524 0.0496031746031746
5 0.9481646825396826 0.41782407407407407 0.022321428571428572 0.05125661375661376
5 0.5900297619047619 0.41352513227513227 0.021081349206349208 0.06117724867724868
5 0.3871527777777778 0.3665674603174603 0.018601190476190476 0.05092592592592592
3 0.5512152777777778 0.29811507936507936 0.024305555555555556 0.031084656084656083
1 0.40968998015873015 0.6422519841269841 0.01678075396825397 0.013267195767195766
5 0.8169642857142857 0.3353174603174603 0.01314484126984127 0.03670634920634921
5 0.3705357142857143 0.32490079365079366 0.018849206349206348 0.037698412698412696
5 0.09312996031746032 0.4525462962962963 0.057291666666666664 0.07605820105820106
1 0.5438988095238095 0.6033399470899471 0.015625 0.011904761904761904
0 0.5704365079365079 0.917989417989418 0.039186507936507936 0.015873015873015872
5 0.7898065476190477 0.31415343915343913 0.011408730158730158 0.030753968253968252
5 0.2666170634920635 0.39467592592592593 0.019345238095238096 0.0539021164021164
4 0.9823487103174603 0.37184854497354497 0.014548611111111111 0.04528769841269841
0 0.3914856150793651 0.48724867724867726 0.018137400793650792 0.006144179894179894
6 0.9582366071428572 0.5087037037037037 0.0835267857142857 0.15072751322751324
4 0.9843030753968254 0.38192129629629634 0.01658234126984127 0.02210978835978836
5 0.5598462301587303 0.3163789682539683 0.009697420634920635 0.029603174603174603
5 0.4791121031746032 0.2819708994708994 0.008343253968253968 0.02225198412698413
5 0.48990079365079364 0.2873677248677249 0.008345734126984127 0.020618386243386244
5 0.5526760912698412 0.27543320105820107 0.008350694444444445 0.017999338624338623
5 0.5025892857142857 0.26840277777777777 0.004789186507936508 0.018978174603174604
5 0.507986111111111 0.2716732804232804 0.006507936507936508 0.021266534391534392
3 0.48904265873015873 0.2647255291005291 0.018643353174603174 0.02273809523809524
3 0.5258234126984127 0.27927579365079364 0.022323908730158732 0.024374999999999997
3 0.535265376984127 0.2651322751322751 0.017666170634920635 0.019632936507936505
5 0.5714955357142857 0.2683201058201058 0.00675843253968254 0.020122354497354496
5 0.5828943452380952 0.256223544973545 0.005528273809523809 0.014566798941798942
3 0.5657316468253969 0.2590046296296296 0.0175421626984127 0.019798280423280423
3 0.5451314484126983 0.255978835978836 0.015823412698412698 0.01734457671957672
3 0.6584871031746031 0.2622850529100529 0.01537202380952381 0.01705357142857143
5 0.651453373015873 0.287744708994709 0.007619047619047619 0.02203373015873016