3 0.20262896825396826 0.43253968253968256 0.11830357142857142 0.13128306878306878
3 0.5848214285714286 0.24851190476190477 0.06349206349206349 0.08035714285714286
5 0.5704365079365079 0.8146494708994709 0.06746031746031746 0.24272486772486773
3 0.474578373015873 0.41980820105820105 0.09647817460317461 0.12268518518518519
3 0.5963541666666666 0.38657407407407407 0.08754960317460317 0.1111111111111111
3 0.6537698412698413 0.3073743386243386 0.07539682539682539 0.09259259259259259
5 0.30431547619047616 0.7114748677248677 0.06274801587301587 0.20105820105820105
5 0.49503968253968256 0.5983796296296297 0.051587301587301584 0.1722883597883598
5 0.7099454365079365 0.5190145502645502 0.038938492063492064 0.14682539682539683
5 0.38777281746031744 0.4393187830687831 0.03869047619047619 0.12235449735449735
3 0.447296626984127 0.1875 0.046130952380952384 0.04861111111111111
5 0.3244047619047619 0.40046296296296297 0.03273809523809524 0.10912698412698413
5 0.3570188492063492 0.4728835978835979 0.04290674603174603 0.1345899470899471
5 0.35627480158730157 0.30257936507936506 0.025049603174603176 0.08664021164021164
5 0.404265873015873 0.30539021164021163 0.023561507936507936 0.08333333333333333
3 0.6495535714285714 0.11127645502645503 0.02703373015873016 0.03141534391534392
3 0.029017857142857144 0.4621362433862434 0.057787698412698416 0.14153439153439154
5 0.2540922619047619 0.28621031746031744 0.029513888888888888 0.07242063492063493
1 0.4651537698412698 0.4566798941798942 0.01711309523809524 0.013558201058201057
6 0.6196676587301587 0.13921957671957672 0.03943452380952381 0.08002645502645503
5 0.41431051587301587 0.24404761904761904 0.020089285714285716 0.06316137566137567
5 0.447296626984127 0.33465608465608465 0.03149801587301587 0.09027777777777778
5 0.6731150793650794 0.24024470899470898 0.021577380952380952 0.062169312169312166
5 0.2309027777777778 0.3055555555555556 0.028025793650793652 0.07671957671957672
3 0.36396329365079366 0.12053571428571429 0.034970238095238096 0.036044973544973546
5 0.5529513888888888 0.17592592592592593 0.016865079365079364 0.05125661375661376
5 0.5133928571428571 0.20634920634920634 0.019345238095238096 0.05588624338624339
5 0.47333829365079366 0.25148809523809523 0.02058531746031746 0.0667989417989418
0 0.1802157738095238 0.47371362433862435 0.027281746031746032 0.009259259259259259
5 0.5161210317460317 0.15806878306878308 0.013640873015873016 0.04431216931216931
3 0.8534226190476191 0.12053571428571429 0.024057539682539684 0.04265873015873016
5 0.3317212301587302 0.2261904761904762 0.02703373015873016 0.05654761904761905
5 0.5489831349206349 0.13161375661375663 0.01314484126984127 0.03835978835978836
5 0.45287698412698413 0.2896825396825397 0.027281746031746032 0.062169312169312166
5 0.5860615079365079 0.13128306878306878 0.012648809523809524 0.036375661375661374
5 0.5699404761904762 0.12218915343915344 0.011408730158730158 0.03042328042328042
5 0.6969246031746031 0.12218915343915344 0.01066468253968254 0.03207671957671958
5 0.46217757936507936 0.2326388888888889 0.018601190476190476 0.05291005291005291
5 0.5024801587301587 0.1863425925925926 0.017361111111111112 0.046296296296296294
1 0.5966021825396826 0.41964285714285715 0.015873015873015872 0.011904761904761904