3 0.1857638888888889 0.18171296296296297 0.11284722222222222 0.11177248677248677
3 0.6098710317460317 0.11359126984126984 0.05828373015873016 0.06977513227513228
3 0.5021081349206349 0.11656746031746032 0.061507936507936505 0.07142857142857142
3 0.9734623015873016 0.22999338624338625 0.053075396825396824 0.11276455026455026
5 0.35912698412698413 0.46726190476190477 0.05109126984126984 0.16567460317460317
5 0.5980902777777778 0.26438492063492064 0.033234126984126984 0.12037037037037036
3 0.3890128968253968 0.04861111111111111 0.04538690476190476 0.05191798941798942
5 0.14645337301587302 0.4482473544973545 0.04935515873015873 0.1693121693121693
5 0.33196924603174605 0.15046296296296297 0.023065476190476192 0.07506613756613757
5 0.18874007936507936 0.3133267195767196 0.046378968253968256 0.10449735449735449
3 0.5426587301587301 0.02943121693121693 0.04241071428571429 0.04398148148148148
5 0.1728670634920635 0.37433862433862436 0.05133928571428571 0.12731481481481483
5 0.42175099206349204 0.14699074074074073 0.025793650793650792 0.07936507936507936
5 0.4575892857142857 0.1714616402116402 0.030257936507936508 0.083994708994709
5 0.8169642857142857 0.058366402116402115 0.01984126984126984 0.0539021164021164
5 0.5705605158730159 0.05555555555555555 0.017857142857142856 0.05423280423280423
5 0.4408482142857143 0.03720238095238095 0.015873015873015872 0.04794973544973545
5 0.48387896825396826 0.04927248677248677 0.018353174603174604 0.0539021164021164
5 0.4429563492063492 0.10962301587301587 0.020337301587301588 0.06481481481481481
5 0.4270833333333333 0.08101851851851852 0.019593253968253968 0.0582010582010582
5 0.5127728174603174 0.048445767195767195 0.018353174603174604 0.056216931216931214
5 0.4976438492063492 0.06101190476190476 0.016121031746031748 0.04398148148148148
5 0.46304563492063494 0.015542328042328041 0.013640873015873016 0.031084656084656083
0 0.16024801587301588 0.2150595238095238 0.019330357142857142 0.0071494708994708995
5 0.9585813492063492 0.14914021164021163 0.012896825396825396 0.0796957671957672
5 0.4871031746031746 0.013723544973544973 0.012896825396825396 0.027447089947089946
5 0.5084325396825397 0.010747354497354497 0.012896825396825396 0.021494708994708994