3 0.5192212301587301 0.625 0.20684523809523808 0.2718253968253968
3 0.7797619047619048 0.6010251322751323 0.15376984126984128 0.21031746031746032
3 0.6975446428571429 0.40476190476190477 0.09523809523809523 0.16137566137566137
5 0.1793154761904762 0.8129960317460317 0.0882936507936508 0.26421957671957674
5 0.3369295634920635 0.6408730158730159 0.07465277777777778 0.2080026455026455
5 0.769593253968254 0.8220899470899471 0.07713293650793651 0.2605820105820106
5 0.10813492063492064 0.7751322751322751 0.08110119047619048 0.2337962962962963
5 0.7624007936507936 0.34308862433862436 0.036458333333333336 0.11210317460317461
5 0.39521329365079366 0.4646164021164021 0.04836309523809524 0.148478835978836
5 0.48115079365079366 0.35383597883597884 0.03794642857142857 0.11706349206349206
5 0.3376736111111111 0.3315145502645503 0.033482142857142856 0.10284391534391535
3 0.5952380952380952 0.1271494708994709 0.037698412698412696 0.056878306878306875
5 0.2717013888888889 0.37334656084656087 0.03695436507936508 0.11904761904761904
1 0.7813740079365079 0.6689814814814815 0.028521825396825396 0.01951058201058201
5 0.4722222222222222 0.2838955026455027 0.030257936507936508 0.08002645502645503
3 0.5401785714285714 0.08564814814814815 0.0339781746031746 0.037698412698412696
5 0.7244543650793651 0.28488756613756616 0.029017857142857144 0.09325396825396826
5 0.29538690476190477 0.32919973544973546 0.03447420634920635 0.10515873015873016
1 0.4827628968253968 0.7245370370370371 0.029513888888888888 0.022486772486772486
5 0.7033730158730159 0.24206349206349206 0.02628968253968254 0.07837301587301587
5 0.6483134920634921 0.2802579365079365 0.025049603174603176 0.08697089947089948
5 0.4537450396825397 0.17046957671957672 0.018353174603174604 0.05952380952380952
5 0.5851934523809523 0.2523148148148148 0.024553571428571428 0.08763227513227513
5 0.6879960317460317 0.1431878306878307 0.017609126984126984 0.0539021164021164
5 0.3152281746031746 0.27033730158730157 0.031994047619047616 0.08366402116402116
3 0.6338045634920635 0.07622354497354497 0.03298611111111111 0.036044973544973546
5 0.5104166666666666 0.14914021164021163 0.019097222222222224 0.054563492063492064
5 0.48053075396825395 0.12103174603174603 0.01488095238095238 0.04828042328042328
5 0.6274801587301587 0.2605820105820106 0.02554563492063492 0.083994708994709
5 0.5270337301587301 0.15658068783068782 0.017857142857142856 0.056216931216931214
5 0.6254960317460317 0.17807539682539683 0.021825396825396824 0.050595238095238096
4 0.25595238095238093 0.21908068783068782 0.019097222222222224 0.07407407407407407
0 0.6958184523809524 0.4558531746031746 0.027723214285714285 0.011220238095238096
5 0.5869295634920635 0.19262566137566137 0.025297619047619048 0.06183862433862434
5 0.5411706349206349 0.1207010582010582 0.01636904761904762 0.05026455026455026
5 0.5657242063492064 0.09573412698412699 0.012648809523809524 0.03902116402116402
5 0.7151537698412699 0.0689484126984127 0.01240079365079365 0.03505291005291005
5 0.3679315476190476 0.15691137566137567 0.026537698412698412 0.06117724867724868
5 0.6319444444444444 0.09424603174603174 0.014136904761904762 0.04365079365079365
5 0.5765128968253969 0.08779761904761904 0.01314484126984127 0.040013227513227514
5 0.660453869047619 0.055400132275132276 0.009945436507936509 0.03040343915343915
5 0.625 0.21825396825396826 0.028025793650793652 0.055224867724867725
5 0.5969742063492064 0.07738095238095238 0.013640873015873016 0.03802910052910053
6 0.6907738095238095 0.057397486772486773 0.03474702380952381 0.046951058201058195
4 0.40080109126984126 0.14877976190476191 0.015337301587301589 0.05467261904761905