3 0.5744047619047619 0.876818783068783 0.23412698412698413 0.24603174603174602
3 0.5851934523809523 0.3330026455026455 0.10193452380952381 0.12665343915343916
5 0.8969494047619048 0.7566137566137566 0.08085317460317461 0.23313492063492064
5 0.8116319444444444 0.6139219576719577 0.057539682539682536 0.19411375661375663
3 0.6677827380952381 0.24289021164021163 0.0744047619047619 0.09656084656084656
3 0.31125992063492064 0.2701719576719577 0.0992063492063492 0.08167989417989419
2 0.5269097222222222 0.21891534391534392 0.07465277777777778 0.11706349206349206
3 0.48623511904761907 0.31415343915343913 0.07514880952380952 0.09722222222222222
5 0.3324652777777778 0.3506944444444444 0.03273809523809524 0.09854497354497355
6 0.4799107142857143 0.18171296296296297 0.056299603174603176 0.11441798941798942
5 0.2088293650793651 0.2822420634920635 0.05133928571428571 0.0796957671957672
3 0.6049107142857143 0.20419973544973544 0.05406746031746032 0.06878306878306878
5 0.15873015873015872 0.28720238095238093 0.0597718253968254 0.0744047619047619
5 0.37822420634920634 0.3029100529100529 0.030257936507936508 0.09126984126984126
3 0.5558035714285714 0.08382936507936507 0.03373015873015873 0.03902116402116402
5 0.9764384920634921 0.6747685185185185 0.04662698412698413 0.22387566137566137
5 0.10317460317460317 0.4801587301587302 0.05580357142857143 0.13326719576719576
3 0.375 0.19262566137566137 0.05084325396825397 0.06018518518518518
3 0.4547371031746032 0.41947751322751325 0.1185515873015873 0.1474867724867725
5 0.6688988095238095 0.16815476190476192 0.01984126984126984 0.05654761904761905
5 0.6228918650793651 0.1109457671957672 0.015128968253968254 0.044642857142857144
3 0.3521825396825397 0.2294973544973545 0.06225198412698413 0.06382275132275132
5 0.8891369047619048 0.18072089947089948 0.023313492063492064 0.06746031746031746
3 0.5788690476190477 0.14384920634920634 0.038938492063492064 0.049933862433862435
3 0.8989335317460317 0.047453703703703706 0.026041666666666668 0.037698412698412696
3 0.5808531746031746 0.10466269841269842 0.03571428571428571 0.040674603174603176
5 0.4035218253968254 0.22371031746031747 0.026537698412698412 0.0667989417989418
3 0.9763144841269841 0.05505952380952381 0.02703373015873016 0.0291005291005291
5 0.5973462301587301 0.24272486772486773 0.025049603174603176 0.05919312169312169
5 0.2601686507936508 0.26322751322751325 0.027281746031746032 0.08002645502645503
5 0.6483134920634921 0.11838624338624339 0.015376984126984126 0.045304232804232805
3 0.6438492063492064 0.05638227513227513 0.028769841269841268 0.03306878306878307
3 0.9831349206349206 0.07060185185185185 0.017361111111111112 0.037698412698412696
3 0.7146577380952381 0.3673941798941799 0.0882936507936508 0.12466931216931217
5 0.48214285714285715 0.10747354497354497 0.01488095238095238 0.034722222222222224
5 0.6658234126984127 0.10350859788359788 0.012450396825396826 0.04397486772486772
5 0.2673611111111111 0.20684523809523808 0.023561507936507936 0.06018518518518518
5 0.732390873015873 0.23859126984126985 0.02703373015873016 0.056878306878306875
1 0.4428844246031746 0.4489484126984127 0.017631448412698415 0.017056878306878305
1 0.28348214285714285 0.2933201058201058 0.012152777777777778 0.009259259259259259
3 0.4631944444444444 0.07985780423280424 0.03621279761904762 0.03383267195767196
3 0.4872172619047619 0.06799933862433863 0.026190476190476188 0.030287698412698415
3 0.6670510912698413 0.0891898148148148 0.03584325396825397 0.04102513227513228
3 0.6865798611111111 0.047589285714285716 0.029605654761904764 0.03485449735449735
3 0.5951289682539682 0.17185515873015875 0.05228174603174603 0.06741732804232804
5 0.44890625 0.15 0.014253472222222221 0.055535714285714285