3 0.4270833333333333 0.7910879629629629 0.2999131944444444 0.3845486111111111
3 0.10894097222222222 0.17288773148148148 0.10850694444444445 0.13657407407407407
3 0.053168402777777776 0.25708912037037035 0.10633680555555555 0.15625
3 0.8595920138888888 0.11458333333333333 0.1032986111111111 0.1261574074074074
5 0.2654079861111111 0.5212673611111112 0.07356770833333333 0.21354166666666666
5 0.4614800347222222 0.3697916666666667 0.057074652777777776 0.18200231481481483
5 0.1740451388888889 0.6867766203703703 0.0876736111111111 0.2554976851851852
5 0.3170572916666667 0.39829282407407407 0.06488715277777778 0.19791666666666666
6 0.6327039930555556 0.06886574074074074 0.09223090277777778 0.13773148148148148
5 0.5830078125 0.4380787037037037 0.05447048611111111 0.18171296296296297
5 0.7626953125 0.3129340277777778 0.05360243055555555 0.15885416666666666
5 0.5203993055555556 0.23466435185185186 0.045355902777777776 0.1440972222222222
5 0.3972439236111111 0.13990162037037038 0.03732638888888889 0.11458333333333333
5 0.9136284722222222 0.027633101851851853 0.028645833333333332 0.05497685185185185
5 0.4521484375 0.1644965277777778 0.033637152777777776 0.1177662037037037
1 0.3665364583333333 0.9419849537037037 0.043619791666666664 0.03269675925925926
3 0.8396267361111112 0.022135416666666668 0.06684027777777778 0.044270833333333336
5 0.439453125 0.028211805555555556 0.029947916666666668 0.05613425925925926
5 0.4116753472222222 0.07826967592592593 0.03146701388888889 0.0920138888888889
1 0.0185546875 0.30541087962962965 0.022135416666666668 0.015046296296296295
5 0.9764539930555556 0.02589699074074074 0.028211805555555556 0.05150462962962963
5 0.4449869791666667 0.09331597222222222 0.03125 0.09143518518518519
5 0.7247178819444444 0.016637731481481483 0.021267361111111112 0.03269675925925926
0 0.8676649305555555 0.14791666666666667 0.025952690972222223 0.008098958333333333
4 0.2160373263888889 0.11212384259259259 0.026909722222222224 0.08998842592592593
1 0.6348567708333334 0.10939525462962962 0.014973958333333334 0.01070601851851852
5 0.9536675347222222 0.015625 0.022786458333333332 0.030381944444444444
0 0.1027560763888889 0.21166087962962962 0.019965277777777776 0.009548611111111112
0 0.8453124999999999 0.026542245370370372 0.016710069444444444 0.006012731481481482