3 0.20845734126984128 0.18617724867724866 0.1130952380952381 0.1111111111111111
5 0.3869047619047619 0.2749669312169312 0.03819444444444445 0.1078042328042328
5 0.3864087301587302 0.4480820105820106 0.053323412698412696 0.1746031746031746
3 0.6031746031746031 0.036210317460317464 0.046875 0.05555555555555555
5 0.34561011904761907 0.3654100529100529 0.039186507936507936 0.13723544973544974
5 0.24516369047619047 0.458994708994709 0.050347222222222224 0.1650132275132275
5 0.267609126984127 0.3587962962962963 0.048859126984126984 0.13194444444444445
5 0.30865575396825395 0.20932539682539683 0.03149801587301587 0.09490740740740741
3 0.4107142857142857 0.05340608465608466 0.04563492063492063 0.05125661375661376
5 0.6309523809523809 0.12218915343915344 0.02132936507936508 0.0710978835978836
5 0.7064732142857143 0.09656084656084656 0.023313492063492064 0.06547619047619048
5 0.5705605158730159 0.16335978835978837 0.02554563492063492 0.08002645502645503
5 0.5308779761904762 0.15591931216931218 0.025793650793650792 0.07936507936507936
5 0.423859126984127 0.11888227513227513 0.02628968253968254 0.06977513227513228
5 0.4820188492063492 0.15575396825396826 0.027777777777777776 0.08267195767195767
4 0.03249007936507937 0.17989417989417988 0.023809523809523808 0.09027777777777778
2 0.5080605158730159 0.023809523809523808 0.05431547619047619 0.047619047619047616
5 0.5456349206349206 0.03951719576719577 0.015128968253968254 0.047619047619047616
5 0.6938244047619048 0.03835978835978836 0.01711309523809524 0.047619047619047616
5 0.5412946428571429 0.11656746031746032 0.023313492063492064 0.06448412698412699
3 0.8401537698412699 0.061507936507936505 0.03695436507936508 0.06018518518518518
5 0.44246031746031744 0.03720238095238095 0.016865079365079364 0.04728835978835979
5 0.6352926587301587 0.017691798941798943 0.01711309523809524 0.035383597883597885
5 0.4626736111111111 0.11441798941798942 0.021577380952380952 0.06812169312169312
0 0.18291170634920634 0.21875 0.01984126984126984 0.007936507936507936
5 0.48933531746031744 0.1164021164021164 0.020337301587301588 0.059854497354497355
5 0.4619295634920635 0.07275132275132275 0.018105158730158732 0.04431216931216931