3 0.6997767857142857 0.5621693121693122 0.1267361111111111 0.16600529100529102
3 0.41865079365079366 0.5271164021164021 0.11731150793650794 0.14814814814814814
2 0.1810515873015873 0.6345899470899471 0.22891865079365079 0.33664021164021163
3 0.3400297619047619 0.9031084656084656 0.2748015873015873 0.19378306878306878
3 0.6656746031746031 0.41335978835978837 0.10342261904761904 0.13988095238095238
3 0.5277777777777778 0.3645833333333333 0.08209325396825397 0.10515873015873016
3 0.4154265873015873 0.35400132275132273 0.08308531746031746 0.10218253968253968
3 0.8287450396825397 0.2035383597883598 0.05109126984126984 0.05026455026455026
3 0.6319444444444444 0.2951388888888889 0.0716765873015873 0.09292328042328042
6 0.3499503968253968 0.2478505291005291 0.050347222222222224 0.08366402116402116
3 0.49206349206349204 0.29646164021164023 0.06448412698412699 0.06812169312169312
5 0.8489583333333334 0.564318783068783 0.0496031746031746 0.1531084656084656
3 0.5054563492063492 0.23644179894179895 0.046378968253968256 0.051587301587301584
3 0.5946180555555556 0.26438492063492064 0.052083333333333336 0.07705026455026455
3 0.24776785714285715 0.37665343915343913 0.09598214285714286 0.11144179894179894
3 0.5095486111111112 0.18832671957671956 0.03993055555555555 0.045965608465608467
5 0.9718501984126984 0.763723544973545 0.05580357142857143 0.21395502645502645
3 0.30419146825396826 0.24454365079365079 0.044642857142857144 0.051587301587301584
5 0.753968253968254 0.42294973544973546 0.03819444444444445 0.1164021164021164
5 0.1277281746031746 0.35267857142857145 0.04538690476190476 0.06977513227513228
3 0.45709325396825395 0.17708333333333334 0.036210317460317464 0.03935185185185185
3 0.8520585317460317 0.1843584656084656 0.043402777777777776 0.044642857142857144
5 0.3255208333333333 0.4849537037037037 0.038938492063492064 0.1164021164021164
5 0.3100198412698413 0.3082010582010582 0.022569444444444444 0.06382275132275132
5 0.9340277777777778 0.6790674603174603 0.057787698412698416 0.17096560846560846
5 0.3539186507936508 0.39699074074074076 0.034970238095238096 0.09556878306878307
5 0.2767857142857143 0.4333664021164021 0.04241071428571429 0.08763227513227513
5 0.7017609126984127 0.3611111111111111 0.032242063492063495 0.08068783068783068
3 0.8664434523809523 0.13525132275132276 0.03422619047619048 0.034722222222222224
6 0.5311259920634921 0.14599867724867724 0.04538690476190476 0.06382275132275132
3 0.4898313492063492 0.14054232804232805 0.026041666666666668 0.03373015873015873
6 0.7971230158730159 0.1402116402116402 0.02703373015873016 0.055224867724867725
3 0.4177827380952381 0.18518518518518517 0.04265873015873016 0.05489417989417989
1 0.4105902777777778 0.5719246031746031 0.02058531746031746 0.013558201058201057
4 0.9187748015873016 0.9594907407407407 0.08085317460317461 0.08101851851851852
3 0.22321428571428573 0.45337301587301587 0.09722222222222222 0.04034391534391534
5 0.6063988095238095 0.19444444444444445 0.01636904761904762 0.0496031746031746
1 0.7062251984126984 0.6155753968253969 0.022321428571428572 0.01521164021164021
0 0.1433531746031746 0.7700066137566137 0.03968253968253968 0.013227513227513227
3 0.5844494047619048 0.22371031746031747 0.041914682539682536 0.047619047619047616
5 0.384796626984127 0.1765873015873016 0.012896825396825396 0.035383597883597885
1 0.6712549603174603 0.44775132275132273 0.01488095238095238 0.013558201058201057
5 0.581969246031746 0.1840277777777778 0.010912698412698412 0.036375661375661374
1 0.5242137896825397 0.39339616402116406 0.013950892857142858 0.010343915343915345
5 0.5623710317460318 0.18700066137566138 0.013023313492063492 0.038938492063492064
5 0.588375496031746 0.15309854497354497 0.011870039682539682 0.0319973544973545
3 0.5933085317460317 0.14160383597883597 0.025791170634920632 0.028862433862433864
3 0.421515376984127 0.14374338624338626 0.02872767857142857 0.028035714285714285