3 0.3544921875 0.5895543981481481 0.17708333333333334 0.22164351851851852
3 0.7692057291666666 0.5452835648148148 0.1994357638888889 0.2097800925925926
5 0.20540364583333334 0.4600694444444444 0.05251736111111111 0.1597222222222222
5 0.5261501736111112 0.38208912037037035 0.04578993055555555 0.1490162037037037
5 0.22569444444444445 0.05049189814814815 0.04123263888888889 0.05613425925925926
5 0.030598958333333332 0.33912037037037035 0.04318576388888889 0.12384259259259259
5 0.2669270833333333 0.25462962962962965 0.034722222222222224 0.10908564814814815
5 0.3773871527777778 0.2918113425925926 0.03689236111111111 0.12008101851851852
5 0.5139973958333334 0.23538773148148148 0.032769097222222224 0.10445601851851852
5 0.4417317708333333 0.13599537037037038 0.027560763888888888 0.0775462962962963
5 0.06987847222222222 0.04846643518518518 0.041666666666666664 0.05497685185185185
5 0.6754557291666666 0.062065972222222224 0.04665798611111111 0.053530092592592594
5 0.3358289930555556 0.16276041666666666 0.029730902777777776 0.08449074074074074
5 0.8023003472222222 0.05700231481481482 0.046875 0.05381944444444445
3 0.4484592013888889 0.019675925925925927 0.055121527777777776 0.03877314814814815
5 0.5315755208333334 0.05164930555555555 0.044270833333333336 0.05497685185185185
0 0.37138671874999996 0.6607349537037037 0.04247829861111111 0.016102430555555554
0 0.8046354166666667 0.6125636574074074 0.03982638888888889 0.012430555555555556