3 0.6212797619047619 0.30423280423280424 0.09871031746031746 0.12632275132275134
3 0.4955357142857143 0.44460978835978837 0.1267361111111111 0.21031746031746032
3 0.44060019841269843 0.19345238095238096 0.09176587301587301 0.10978835978835978
6 0.19618055555555555 0.4117063492063492 0.32589285714285715 0.31547619047619047
3 0.6462053571428571 0.15079365079365079 0.06770833333333333 0.09523809523809523
3 0.49851190476190477 0.06001984126984127 0.04241071428571429 0.0496031746031746
3 0.3870287698412698 0.06646825396825397 0.045882936507936505 0.05092592592592592
5 0.45461309523809523 0.3106812169312169 0.033482142857142856 0.12367724867724868
6 0.09883432539682539 0.7242063492063492 0.1974206349206349 0.5482804232804233
3 0.9813988095238095 0.10069444444444445 0.03695436507936508 0.07705026455026455
3 0.5830853174603174 0.031580687830687834 0.036458333333333336 0.042328042328042326
5 0.32043650793650796 0.21511243386243387 0.030753968253968252 0.07407407407407407
3 0.6533978174603174 0.029927248677248677 0.04141865079365079 0.05191798941798942
5 0.6448412698412699 0.08167989417989419 0.02058531746031746 0.045965608465608467
3 0.8142361111111112 0.036210317460317464 0.03422619047619048 0.042328042328042326
5 0.5548115079365079 0.024636243386243387 0.015128968253968254 0.04298941798941799
1 0.6168154761904762 0.3412698412698413 0.017857142857142856 0.013227513227513227
2 0.46011160714285715 0.10629960317460317 0.0669345238095238 0.09069775132275132
5 0.4348958333333333 0.0603505291005291 0.016121031746031748 0.03968253968253968
0 0.4888392857142857 0.5153769841269841 0.0339781746031746 0.011904761904761904
5 0.470734126984127 0.012235449735449735 0.011408730158730158 0.02447089947089947
5 0.9810267857142857 0.0419973544973545 0.023809523809523808 0.051587301587301584
3 0.9609375 0.16021825396825398 0.021081349206349208 0.07208994708994709
0 0.4262152777777778 0.22944775132275133 0.019627976190476192 0.006286375661375662
3 0.18085565476190477 0.20109126984126985 0.11222718253968254 0.12182208994708994
4 0.17883184523809523 0.21307539682539683 0.020575396825396823 0.05336309523809524