6 0.38950892857142855 0.42294973544973546 0.16865079365079366 0.31812169312169314
5 0.7450396825396826 0.5259589947089947 0.13516865079365079 0.15641534391534392
3 0.2123015873015873 0.3191137566137566 0.11433531746031746 0.17923280423280424
3 0.40166170634920634 0.13525132275132276 0.06721230158730158 0.08862433862433862
3 0.4114583333333333 0.05109126984126984 0.04811507936507937 0.05952380952380952
3 0.9706101190476191 0.32142857142857145 0.05853174603174603 0.16170634920634921
5 0.3267609126984127 0.23528439153439154 0.030257936507936508 0.09259259259259259
1 0.3758680555555556 0.5396825396825397 0.025049603174603176 0.017857142857142856
1 0.20944940476190477 0.3794642857142857 0.01984126984126984 0.01488095238095238
3 0.06994047619047619 0.2931547619047619 0.08705357142857142 0.06779100529100529
5 0.32006448412698413 0.17410714285714285 0.026537698412698412 0.06514550264550265
1 0.9897073412698413 0.37218253968253967 0.020337301587301588 0.016534391534391533