3 0.5199652777777778 0.40625 0.16796875 0.19126157407407407
5 0.3557942708333333 0.5448495370370371 0.06228298611111111 0.2109375
5 0.5972222222222222 0.5225694444444444 0.06532118055555555 0.2175925925925926
5 0.11924913194444445 0.4917534722222222 0.06336805555555555 0.20775462962962962
5 0.1618923611111111 0.13990162037037038 0.08463541666666667 0.10300925925925926
5 0.7030164930555556 0.08289930555555555 0.0783420138888889 0.09866898148148148
5 0.7201605902777778 0.5293692129629629 0.0661892361111111 0.2175925925925926
5 0.19694010416666666 0.41811342592592593 0.06141493055555555 0.17447916666666666
5 0.7240668402777778 0.38859953703703703 0.061848958333333336 0.16984953703703703
5 0.1076388888888889 0.10243055555555555 0.03428819444444445 0.10503472222222222
3 0.0146484375 0.10691550925925926 0.029296875 0.10243055555555555
5 0.031792534722222224 0.04513888888888889 0.031901041666666664 0.08506944444444445
5 0.19108072916666666 0.31438078703703703 0.055989583333333336 0.12789351851851852
0 0.5474175347222222 0.4597800925925926 0.036458333333333336 0.013020833333333334
3 0.2759331597222222 0.10749421296296297 0.24327256944444445 0.14322916666666666