3 0.6958550347222222 0.6576967592592593 0.1799045138888889 0.22685185185185186
6 0.4351128472222222 0.36125578703703703 0.4286024305555556 0.47337962962962965
3 0.78515625 0.26171875 0.0818142361111111 0.09114583333333333
6 0.7906901041666666 0.15379050925925927 0.091796875 0.1328125
2 0.8787977430555556 0.10416666666666667 0.08897569444444445 0.10850694444444445
5 0.8563368055555556 0.3641493055555556 0.035807291666666664 0.10821759259259259
5 0.7216796875 0.21339699074074073 0.025607638888888888 0.06944444444444445
1 0.6709071180555556 0.7234953703703704 0.030653211805555556 0.02441261574074074
5 0.9594184027777778 0.20775462962962962 0.016927083333333332 0.06336805555555555
5 0.9392361111111112 0.15393518518518517 0.01953125 0.05613425925925926
1 0.287578125 0.5512615740740741 0.022039930555555556 0.017624421296296294
5 0.9479166666666666 0.11313657407407407 0.013671875 0.043402777777777776
1 0.7732204861111112 0.28214988425925924 0.012337239583333333 0.009340277777777779
4 0.6858745659722223 0.10729456018518518 0.009672309027777777 0.035078125
4 0.7436675347222222 0.11228587962962963 0.009114583333333334 0.045648148148148146
5 0.2603862847222222 0.2484230324074074 0.022706163194444445 0.056886574074074076
4 0.026067708333333335 0.3588078703703704 0.03996527777777778 0.07979456018518517
4 0.05416666666666667 0.327025462962963 0.02190972222222222 0.050312499999999996
4 0.07769965277777778 0.3437934027777778 0.02434461805555556 0.06437789351851853
1 0.77279296875 0.2007320601851852 0.009118923611111112 0.007135416666666667