3 0.5451388888888888 0.2560763888888889 0.17252604166666666 0.19560185185185186
3 0.2273220486111111 0.16030092592592593 0.15321180555555555 0.17158564814814814
3 0.8110894097222222 0.7136863425925926 0.2654079861111111 0.3449074074074074
5 0.1027560763888889 0.8679108796296297 0.1130642361111111 0.26417824074074076
5 0.7020399305555556 0.3637152777777778 0.0625 0.2175925925925926
5 0.2648654513888889 0.5334201388888888 0.0744357638888889 0.2621527777777778
5 0.1066623263888889 0.4508101851851852 0.07660590277777778 0.23292824074074073
5 0.025824652777777776 0.5232928240740741 0.05164930555555555 0.2621527777777778
5 0.8139105902777778 0.19907407407407407 0.055989583333333336 0.17100694444444445
5 0.3677300347222222 0.19111689814814814 0.051432291666666664 0.16927083333333334
5 0.4337022569444444 0.13425925925925927 0.04665798611111111 0.15596064814814814
5 0.19835069444444445 0.03935185185185185 0.04796006944444445 0.0787037037037037
5 0.2544487847222222 0.25983796296296297 0.05251736111111111 0.1840277777777778
1 0.8207465277777778 0.8336226851851852 0.046223958333333336 0.03009259259259259
1 0.5638020833333334 0.31235532407407407 0.028211805555555556 0.021701388888888888
5 0.008572048611111112 0.23292824074074073 0.017144097222222224 0.1875