3 0.1396329365079365 0.26157407407407407 0.10714285714285714 0.13558201058201058
2 0.47668650793650796 0.3098544973544973 0.2681051587301587 0.39914021164021163
5 0.12425595238095238 0.7278439153439153 0.07390873015873016 0.25496031746031744
5 0.9215029761904762 0.1691468253968254 0.0716765873015873 0.10681216931216932
5 0.7406994047619048 0.5348875661375662 0.06473214285714286 0.23115079365079366
5 0.7145337301587301 0.2673611111111111 0.043154761904761904 0.1359126984126984
2 0.04873511904761905 0.15376984126984128 0.0974702380952381 0.22982804232804233
5 0.3196924603174603 0.9289021164021164 0.09995039682539683 0.1421957671957672
5 0.23623511904761904 0.18551587301587302 0.03546626984126984 0.09523809523809523
5 0.490203373015873 0.10102513227513228 0.030257936507936508 0.08068783068783068
5 0.19122023809523808 0.10201719576719577 0.0220734126984127 0.07539682539682539
3 0.2286706349206349 0.01984126984126984 0.05357142857142857 0.03968253968253968
6 0.2805059523809524 0.1056547619047619 0.052083333333333336 0.10482804232804233
5 0.29650297619047616 0.024305555555555556 0.018849206349206348 0.04861111111111111
1 0.5169890873015873 0.48412698412698413 0.025297619047619048 0.01917989417989418
5 0.4038938492063492 0.06861772486772487 0.027281746031746032 0.07936507936507936
5 0.6459573412698413 0.17691798941798942 0.038938492063492064 0.1087962962962963
5 0.5517113095238095 0.12764550264550265 0.04265873015873016 0.09325396825396826
5 0.17547123015873015 0.02447089947089947 0.019593253968253968 0.04894179894179894
5 0.35974702380952384 0.011574074074074073 0.026041666666666668 0.023148148148148147
1 0.15066964285714285 0.2953042328042328 0.017857142857142856 0.013558201058201057
3 0.3307291666666667 0.20618386243386244 0.02976190476190476 0.11177248677248677
5 0.25570436507936506 0.03902116402116402 0.02132936507936508 0.059854497354497355
5 0.6636904761904762 0.15261243386243387 0.03422619047619048 0.10648148148148148
5 0.546875 0.15162037037037038 0.03844246031746032 0.09292328042328042
2 0.038070436507936505 0.037698412698412696 0.07490079365079365 0.07539682539682539
1 0.04079861111111111 0.24173280423280424 0.015128968253968254 0.012566137566137565
5 0.08866567460317461 0.113260582010582 0.019097222222222224 0.07671957671957672
5 0.3933531746031746 0.014219576719576719 0.03273809523809524 0.028439153439153438