3 0.09759424603174603 0.8449074074074074 0.19518849206349206 0.30886243386243384
3 0.6897321428571429 0.544973544973545 0.11036706349206349 0.1970899470899471
5 0.5200892857142857 0.8804563492063492 0.08134920634920635 0.2390873015873016
3 0.3461061507936508 0.34970238095238093 0.08655753968253968 0.09060846560846561
5 0.10466269841269842 0.5486111111111112 0.04389880952380952 0.14914021164021163
3 0.7973710317460317 0.9308862433862434 0.25223214285714285 0.13822751322751323
3 0.6042906746031746 0.36177248677248675 0.08482142857142858 0.11441798941798942
3 0.681671626984127 0.3229166666666667 0.07862103174603174 0.1001984126984127
5 0.7817460317460317 0.7366071428571429 0.057787698412698416 0.20734126984126985
5 0.826140873015873 0.6721230158730159 0.05828373015873016 0.17824074074074073
5 0.052703373015873016 0.4713955026455027 0.04538690476190476 0.1259920634920635
3 0.4582093253968254 0.26008597883597884 0.052083333333333336 0.0625
3 0.5421626984126984 0.3187830687830688 0.06374007936507936 0.08167989417989419
5 0.2261904761904762 0.5259589947089947 0.04985119047619048 0.13955026455026456
3 0.962921626984127 0.2015542328042328 0.04290674603174603 0.052248677248677246
3 0.3179563492063492 0.93369708994709 0.2795138888888889 0.13260582010582012
6 0.48251488095238093 0.17162698412698413 0.062003968253968256 0.11243386243386243
5 0.599578373015873 0.6572420634920635 0.053323412698412696 0.18121693121693122
3 0.654265873015873 0.2663690476190476 0.06522817460317461 0.08267195767195767
5 0.24541170634920634 0.4270833333333333 0.038938492063492064 0.103505291005291
5 0.21242559523809523 0.3645833333333333 0.031994047619047616 0.09060846560846561
5 0.3785962301587302 0.44460978835978837 0.03695436507936508 0.11937830687830688
3 0.6142113095238095 0.19543650793650794 0.037450396825396824 0.04662698412698413
3 0.4283234126984127 0.16517857142857142 0.03521825396825397 0.03935185185185185
5 0.3774801587301587 0.2478505291005291 0.019345238095238096 0.057539682539682536
5 0.40141369047619047 0.24586640211640212 0.018849206349206348 0.0582010582010582
5 0.29216269841269843 0.33217592592592593 0.026537698412698412 0.07936507936507936
3 0.5417906746031746 0.2673611111111111 0.062003968253968256 0.06779100529100529
5 0.23053075396825398 0.32605820105820105 0.028273809523809524 0.07903439153439154
3 0.6495535714285714 0.20171957671957672 0.043154761904761904 0.05125661375661376
5 0.42485119047619047 0.24603174603174602 0.018105158730158732 0.056878306878306875
3 0.6137152777777778 0.15790343915343916 0.03273809523809524 0.041666666666666664
3 0.7993551587301587 0.21081349206349206 0.046130952380952384 0.059854497354497355
6 0.5438988095238095 0.19642857142857142 0.06671626984126984 0.11144179894179894
0 0.6841517857142857 0.6046626984126984 0.031746031746031744 0.011904761904761904
2 0.4671378968253968 0.5206679894179894 0.1505456349206349 0.28075396825396826
1 0.46143353174603174 0.6301256613756614 0.023313492063492064 0.016537698412698414
5 0.24057539682539683 0.2488425925925926 0.037698412698412696 0.04861111111111111
3 0.9716021825396826 0.23759920634920634 0.031994047619047616 0.051587301587301584
5 0.9915674603174603 0.3783068783068783 0.016865079365079364 0.1087962962962963
5 0.31063988095238093 0.2698412698412698 0.023313492063492064 0.05291005291005291
3 0.5012400793650794 0.37648809523809523 0.07886904761904762 0.044642857142857144
5 0.333953373015873 0.291005291005291 0.026041666666666668 0.03670634920634921
5 0.35280257936507936 0.22321428571428573 0.023561507936507936 0.05092592592592592
1 0.33097718253968256 0.3758267195767196 0.012648809523809524 0.009259259259259259
1 0.45362103174603174 0.2771164021164021 0.010416666666666666 0.008928571428571428
0 0.6004910714285714 0.3978505291005291 0.020691964285714286 0.007602513227513227
0 0.6873239087301587 0.35661375661375666 0.01800595238095238 0.006015211640211641
0 0.5404637896825397 0.34633597883597883 0.017450396825396824 0.006712962962962963