3 0.5942460317460317 0.734457671957672 0.1661706349206349 0.25297619047619047
2 0.2601686507936508 0.4103835978835979 0.19593253968253968 0.26355820105820105
3 0.45634920634920634 0.4887566137566138 0.09424603174603174 0.1259920634920635
3 0.4521329365079365 0.3844246031746032 0.07663690476190477 0.09027777777777778
3 0.6042906746031746 0.4679232804232804 0.08953373015873016 0.11871693121693122
5 0.2534722222222222 0.6989087301587301 0.062003968253968256 0.17063492063492064
3 0.5497271825396826 0.2523148148148148 0.04389880952380952 0.05423280423280423
2 0.38839285714285715 0.20833333333333334 0.05927579365079365 0.08234126984126984
6 0.47879464285714285 0.2751322751322751 0.06969246031746032 0.15079365079365079
3 0.12958829365079366 0.9560185185185185 0.2591765873015873 0.08796296296296297
5 0.5275297619047619 0.40757275132275134 0.029017857142857144 0.0882936507936508
5 0.1511656746031746 0.455026455026455 0.03050595238095238 0.10052910052910052
1 0.6010664682539683 0.8349867724867724 0.028769841269841268 0.020833333333333332
5 0.6747271825396826 0.4442791005291005 0.034722222222222224 0.10615079365079365
3 0.5327380952380952 0.2261904761904762 0.03273809523809524 0.04332010582010582
5 0.5877976190476191 0.2875330687830688 0.020089285714285716 0.05489417989417989
1 0.6072668650793651 0.5047056878306878 0.016882440476190474 0.011243386243386243
5 0.015625 0.4019510582010582 0.030009920634920636 0.07738095238095238
1 0.45300099206349204 0.528859126984127 0.017857142857142856 0.012741402116402116
3 0.5589037698412699 0.2134589947089947 0.029265873015873016 0.03571428571428571
6 0.4304315476190476 0.24636243386243387 0.061755952380952384 0.11937830687830688
1 0.22718253968253968 0.5295965608465608 0.01636904761904762 0.011243386243386243
3 0.5014880952380952 0.14037698412698413 0.017609126984126984 0.018187830687830687
5 0.4792906746031746 0.1917989417989418 0.009176587301587302 0.01951058201058201
5 0.5698164682539683 0.1906415343915344 0.010168650793650794 0.02976190476190476