3 0.3148561507936508 0.8249007936507936 0.22395833333333334 0.2804232804232804
3 0.5575396825396826 0.8050595238095238 0.17311507936507936 0.24867724867724866
2 0.3929811507936508 0.4298941798941799 0.17485119047619047 0.2337962962962963
3 0.03447420634920635 0.46841931216931215 0.06870039682539683 0.12797619047619047
3 0.3900049603174603 0.251984126984127 0.05282738095238095 0.040674603174603176
5 0.15389384920634921 0.5398478835978836 0.03794642857142857 0.12003968253968254
2 0.13740079365079366 0.25909391534391535 0.06398809523809523 0.06977513227513228
3 0.6401289682539683 0.3740079365079365 0.04861111111111111 0.10813492063492064
3 0.06436011904761904 0.429728835978836 0.07316468253968254 0.0916005291005291
3 0.09288194444444445 0.39699074074074076 0.07192460317460317 0.08068783068783068
2 0.030753968253968252 0.18336640211640212 0.06125992063492063 0.07407407407407407
5 0.25310019841269843 0.2662037037037037 0.021825396825396824 0.04563492063492063
3 0.10677083333333333 0.2035383597883598 0.05233134920634921 0.03439153439153439
5 0.20461309523809523 0.4236111111111111 0.026537698412698412 0.0873015873015873
5 0.30679563492063494 0.3296957671957672 0.022569444444444444 0.059854497354497355
5 0.8328373015873016 0.4356812169312169 0.037698412698412696 0.0916005291005291
5 0.2734375 0.3956679894179894 0.023809523809523808 0.07572751322751323
1 0.26178075396825395 0.9191468253968254 0.029513888888888888 0.022156084656084655
5 0.20362103174603174 0.29034391534391535 0.02058531746031746 0.051587301587301584
5 0.48251488095238093 0.2371031746031746 0.012896825396825396 0.04034391534391534
0 0.5311979166666666 0.8937996031746032 0.0400719246031746 0.018088624338624338
3 0.17125496031746032 0.07258597883597884 0.0716765873015873 0.026124338624338623
3 0.5395585317460317 0.08002645502645503 0.058779761904761904 0.023478835978835978
1 0.004340277777777778 0.5087632275132276 0.008432539682539682 0.011574074074074073
1 0.3670858134920635 0.5322189153439154 0.01678323412698413 0.012430555555555558
2 0.5904563492063492 0.21498015873015874 0.05292906746031746 0.06464285714285714
5 0.1471626984126984 0.19799603174603175 0.018385416666666664 0.030244708994708994
5 0.17839781746031744 0.1986739417989418 0.022063492063492063 0.029973544973544975