3 0.6858723958333334 0.12369791666666667 0.1701388888888889 0.21498842592592593
6 0.5598958333333334 0.5183738425925926 0.322265625 0.5095486111111112
5 0.03233506944444445 0.6613136574074074 0.0646701388888889 0.3029513888888889
5 0.13682725694444445 0.2747395833333333 0.05685763888888889 0.20341435185185186
5 0.2494574652777778 0.2829861111111111 0.05946180555555555 0.21238425925925927
5 0.3250868055555556 0.38570601851851855 0.06401909722222222 0.23234953703703703
5 0.3761935763888889 0.2721354166666667 0.062065972222222224 0.2120949074074074
3 0.22352430555555555 0.030960648148148147 0.11328125 0.061921296296296294
5 0.3968098958333333 0.1293402777777778 0.055121527777777776 0.16174768518518517
5 0.3142361111111111 0.2081886574074074 0.05837673611111111 0.17216435185185186
5 0.08213975694444445 0.043402777777777776 0.042534722222222224 0.08680555555555555
5 0.019639756944444444 0.3103298611111111 0.03927951388888889 0.21469907407407407
5 0.018229166666666668 0.1824363425925926 0.036458333333333336 0.1545138888888889
1 0.7113715277777778 0.18431712962962962 0.024088541666666668 0.018229166666666668
0 0.5822482638888888 0.7193287037037037 0.06163194444444445 0.020833333333333332
0 0.2349370659722222 0.03040798611111111 0.028548177083333334 0.010075231481481482