3 0.4740823412698413 0.6064814814814815 0.13392857142857142 0.19775132275132276
3 0.46081349206349204 0.8716931216931217 0.1865079365079365 0.2562830687830688
3 0.6969246031746031 0.6360780423280423 0.14955357142857142 0.23511904761904762
6 0.37016369047619047 0.43171296296296297 0.17435515873015872 0.2857142857142857
3 0.9598214285714286 0.3229166666666667 0.08035714285714286 0.07142857142857142
3 0.6067708333333334 0.47867063492063494 0.0954861111111111 0.12235449735449735
3 0.5845734126984127 0.3688822751322751 0.07787698412698413 0.10582010582010581
3 0.48474702380952384 0.33812830687830686 0.0642361111111111 0.08928571428571429
3 0.6061507936507936 0.26603835978835977 0.047371031746031744 0.05952380952380952
5 0.10590277777777778 0.6107804232804233 0.05133928571428571 0.15707671957671956
5 0.08345734126984126 0.515542328042328 0.04141865079365079 0.1173941798941799
3 0.5013640873015873 0.27562830687830686 0.04563492063492063 0.049933862433862435
5 0.1701388888888889 0.5411706349206349 0.0441468253968254 0.1259920634920635
5 0.6928323412698413 0.43386243386243384 0.031994047619047616 0.10383597883597884
5 0.7295386904761905 0.5239748677248677 0.03943452380952381 0.11078042328042328
5 0.25471230158730157 0.4947089947089947 0.03943452380952381 0.11541005291005291
5 0.1293402777777778 0.9264219576719577 0.08010912698412699 0.14649470899470898
5 0.05791170634920635 0.4834656084656085 0.036210317460317464 0.1087962962962963
5 0.43179563492063494 0.24867724867724866 0.014384920634920634 0.044642857142857144
5 0.6674107142857143 0.3784722222222222 0.027777777777777776 0.08002645502645503
5 0.7817460317460317 0.294973544973545 0.017609126984126984 0.0582010582010582
3 0.3993055555555556 0.2240410052910053 0.03670634920634921 0.03902116402116402
1 0.6075148809523809 0.5170304232804233 0.017609126984126984 0.012566137566137565
5 0.4720982142857143 0.2443783068783069 0.015128968253968254 0.04365079365079365
0 0.7058531746031746 0.7238756613756614 0.03968253968253968 0.013558201058201057
5 0.28249007936507936 0.37351190476190477 0.0220734126984127 0.07208994708994709
5 0.6085069444444444 0.2067691798941799 0.013392857142857142 0.03571428571428571
3 0.5471230158730159 0.1433531746031746 0.01984126984126984 0.021825396825396824
3 0.5912450396825397 0.15943121693121692 0.02078125 0.021084656084656084
2 0.7793898809523809 0.19758597883597884 0.024305555555555556 0.08167989417989419
5 0.5789930555555556 0.22668650793650794 0.013888888888888888 0.04133597883597884
0 0.46862599206349204 0.6805555555555556 0.034970238095238096 0.012566137566137565
4 0.10230654761904762 0.3751653439153439 0.02058531746031746 0.0796957671957672
5 0.5918898809523809 0.21511243386243387 0.012648809523809524 0.03869047619047619
5 0.9262152777777778 0.22453703703703703 0.01636904761904762 0.04431216931216931
1 0.3404017857142857 0.5510912698412699 0.016617063492063492 0.013227513227513227
5 0.3227926587301587 0.28406084656084657 0.024057539682539684 0.05092592592592592
5 0.5571676587301587 0.17526455026455026 0.00992063492063492 0.027447089947089946
5 0.5076388888888889 0.22099537037037037 0.011061507936507937 0.03519179894179894
5 0.47259424603174605 0.207010582010582 0.01240079365079365 0.034722222222222224
5 0.4992559523809524 0.23148148148148148 0.013888888888888888 0.03902116402116402
5 0.38293650793650796 0.21147486772486773 0.014136904761904762 0.03869047619047619
5 0.6667906746031746 0.3396164021164021 0.026537698412698412 0.04828042328042328
5 0.5400099206349207 0.2135383597883598 0.011068948412698414 0.03419973544973545
1 0.47645089285714287 0.3573875661375661 0.011339285714285713 0.008406084656084657
1 0.5852628968253969 0.39194775132275134 0.011540178571428571 0.010347222222222221
5 0.573296130952381 0.20496362433862433 0.013125000000000001 0.03273478835978836
5 0.5384102182539682 0.19124338624338627 0.011200396825396825 0.02610119047619048
5 0.5125719246031746 0.2017989417989418 0.01244295634920635 0.03062830687830688
5 0.520091765873016 0.1658399470899471 0.007581845238095238 0.022632275132275132
5 0.5407862103174603 0.16546296296296298 0.007584325396825397 0.023085317460317462
5 0.6173958333333334 0.18748346560846563 0.008921130952380953 0.029851190476190476
5 0.6242187499999999 0.17844907407407407 0.008375496031746033 0.027787698412698413
3 0.6332688492063493 0.15837632275132274 0.02138392857142857 0.022328042328042325
3 0.5975223214285714 0.14746031746031746 0.01865079365079365 0.017718253968253966