2 0.2724454365079365 0.2941468253968254 0.23139880952380953 0.2662037037037037
5 0.14620535714285715 0.5598544973544973 0.05927579365079365 0.17559523809523808
3 0.8350694444444444 0.10003306878306878 0.030753968253968252 0.04861111111111111
5 0.018725198412698412 0.5302579365079365 0.037450396825396824 0.1765873015873016
3 0.37512400793650796 0.03455687830687831 0.033234126984126984 0.036044973544973546
5 0.5825892857142857 0.09259259259259259 0.016617063492063492 0.04794973544973545
5 0.5295138888888888 0.09441137566137567 0.01711309523809524 0.05125661375661376
5 0.4992559523809524 0.07820767195767196 0.015873015873015872 0.04828042328042328
1 0.22666170634920635 0.4127215608465608 0.017857142857142856 0.013558201058201057
5 0.6982886904761905 0.03902116402116402 0.012152777777777778 0.03505291005291005
2 0.2962549603174603 0.14500661375661375 0.15500992063492064 0.0992063492063492
4 0.008680555555555556 0.242228835978836 0.01711309523809524 0.07242063492063493
5 0.7062251984126984 0.11541005291005291 0.012896825396825396 0.05125661375661376
5 0.8446180555555556 0.015873015873015872 0.010168650793650794 0.03009259259259259
5 0.8284970238095238 0.039186507936507936 0.011160714285714286 0.035383597883597885