3 0.09536210317460317 0.5431547619047619 0.1535218253968254 0.13690476190476192
3 0.6428571428571429 0.39914021164021163 0.06820436507936507 0.08002645502645503
6 0.3803323412698413 0.4583333333333333 0.2951388888888889 0.25562169312169314
3 0.5807291666666666 0.4599867724867725 0.08283730158730158 0.12169312169312169
3 0.5379464285714286 0.33647486772486773 0.05257936507936508 0.057539682539682536
3 0.6223958333333334 0.29728835978835977 0.04836309523809524 0.05324074074074074
3 0.4150545634920635 0.3349867724867725 0.05654761904761905 0.057539682539682536
5 0.6843998015873016 0.5737433862433863 0.03546626984126984 0.12466931216931217
2 0.9058779761904762 0.25909391534391535 0.047867063492063495 0.06415343915343916
3 0.5127728174603174 0.9108796296296297 0.25148809523809523 0.17824074074074073
5 0.06560019841269842 0.4623015873015873 0.051835317460317464 0.09126984126984126
5 0.9055059523809523 0.4234457671957672 0.024057539682539684 0.0744047619047619
3 0.7079613095238095 0.2744708994708995 0.03819444444444445 0.04728835978835979
5 0.5835813492063492 0.367228835978836 0.023809523809523808 0.06646825396825397
5 0.9052579365079365 0.3543320105820106 0.019345238095238096 0.056216931216931214
2 0.6252480158730159 0.22817460317460317 0.0339781746031746 0.04497354497354497
5 0.6550099206349206 0.3369708994708995 0.018601190476190476 0.046957671957671955
5 0.010912698412698412 0.49867724867724866 0.021577380952380952 0.10449735449735449
3 0.6566220238095238 0.2521494708994709 0.03571428571428571 0.04034391534391534
2 0.6207837301587301 0.19146825396825398 0.04662698412698413 0.04662698412698413
5 0.13071180555555556 0.40572751322751327 0.06499255952380953 0.07048941798941799
3 0.9753224206349206 0.28406084656084657 0.04017857142857143 0.03869047619047619
5 0.6708134920634921 0.2982903439153439 0.014437003968253969 0.0444808201058201
5 0.7067212301587301 0.3361441798941799 0.018601190476190476 0.055224867724867725
5 0.7093253968253969 0.3862433862433862 0.023313492063492064 0.07705026455026455
5 0.9474206349206349 0.28852513227513227 0.015625 0.04265873015873016
2 0.6733630952380952 0.2208994708994709 0.029265873015873016 0.040013227513227514
5 0.5301339285714286 0.2900132275132275 0.01488095238095238 0.03802910052910053
3 0.716765873015873 0.22800925925925927 0.02703373015873016 0.030753968253968252
5 0.5703125 0.238260582010582 0.011408730158730158 0.03207671957671958
5 0.30158730158730157 0.9389880952380952 0.09325396825396826 0.12202380952380952
2 0.8914930555555556 0.17691798941798942 0.020337301587301588 0.02943121693121693
0 0.04650297619047619 0.5848214285714286 0.025297619047619048 0.011243386243386243
3 0.6913715277777778 0.21232142857142855 0.02138144841269841 0.023167989417989417
3 0.7349231150793651 0.21142857142857144 0.023313492063492064 0.027447089947089946
5 0.9874751984126984 0.29282407407407407 0.015625 0.045965608465608467
1 0.28720238095238093 0.5589715608465609 0.016535218253968254 0.01363095238095238
5 0.6125744047619048 0.2627414021164021 0.014243551587301588 0.03183862433862434
0 0.567703373015873 0.49560515873015876 0.019831349206349203 0.01005952380952381
0 0.6320659722222222 0.42405423280423277 0.016684027777777777 0.007086640211640211
5 0.671078869047619 0.2695568783068783 0.01316220238095238 0.03331349206349206
5 0.7274429563492064 0.24985780423280424 0.010062003968253968 0.032129629629629626
3 0.7494543650793651 0.20277777777777778 0.017447916666666664 0.02148809523809524
3 0.6516815476190476 0.18874007936507936 0.01679811507936508 0.01752314814814815
3 0.6650049603174604 0.18326719576719577 0.013137400793650793 0.017017195767195768
3 0.6692361111111111 0.17569113756613755 0.030188492063492063 0.016342592592592593
3 0.7085143849206349 0.17510251322751322 0.015037202380952382 0.014490740740740742
3 0.6868551587301588 0.19539351851851852 0.019960317460317463 0.012979497354497355
5 0.6530828373015873 0.21322420634920633 0.0077777777777777776 0.025201719576719576
5 0.6449330357142857 0.2048048941798942 0.007021329365079365 0.023039021164021165
4 0.4738020833333333 0.26773148148148146 0.009558531746031745 0.035796957671957674
6 0.9627157738095238 0.21737103174603176 0.03374503968253968 0.04636574074074074
3 0.9396378968253968 0.20523809523809525 0.020401785714285716 0.022119708994708994