3 0.18836805555555555 0.4193121693121693 0.13392857142857142 0.1488095238095238
5 0.7553323412698413 0.8169642857142857 0.07738095238095238 0.26521164021164023
3 0.1579861111111111 0.267526455026455 0.12375992063492064 0.11970899470899471
3 0.5331101190476191 0.3040674603174603 0.07316468253968254 0.10383597883597884
5 0.6945684523809523 0.5211640211640212 0.04662698412698413 0.1593915343915344
5 0.7940228174603174 0.5375330687830688 0.05009920634920635 0.16071428571428573
6 0.5603918650793651 0.16732804232804233 0.06547619047619048 0.12037037037037036
5 0.18340773809523808 0.5471230158730159 0.053075396825396824 0.17956349206349206
3 0.6238839285714286 0.15558862433862433 0.04513888888888889 0.056216931216931214
6 0.2542162698412698 0.7751322751322751 0.37971230158730157 0.4497354497354497
5 0.27728174603174605 0.34341931216931215 0.035962301587301584 0.10846560846560846
3 0.5158730158730159 0.08217592592592593 0.034970238095238096 0.037698412698412696
6 0.6796875 0.053736772486772486 0.04365079365079365 0.08664021164021164
5 0.31919642857142855 0.4436177248677249 0.04563492063492063 0.14583333333333334
5 0.2829861111111111 0.2283399470899471 0.02628968253968254 0.07671957671957672
3 0.619171626984127 0.12152777777777778 0.041666666666666664 0.046296296296296294
5 0.6511656746031746 0.20982142857142858 0.024553571428571428 0.07473544973544974
3 0.607390873015873 0.08498677248677249 0.033482142857142856 0.03869047619047619
5 0.3492063492063492 0.39186507936507936 0.034970238095238096 0.12466931216931217
5 0.3725198412698413 0.29894179894179895 0.030257936507936508 0.09424603174603174
5 0.6985367063492064 0.12880291005291006 0.016865079365079364 0.04861111111111111
5 0.3802083333333333 0.22255291005291006 0.024305555555555556 0.07506613756613757
5 0.34362599206349204 0.2533068783068783 0.030753968253968252 0.08564814814814815
5 0.46626488095238094 0.22260582010582008 0.02478918650793651 0.048716931216931214
5 0.5055803571428571 0.14186507936507936 0.018849206349206348 0.052248677248677246
5 0.7135416666666666 0.27232142857142855 0.027529761904761904 0.0873015873015873
6 0.45870535714285715 0.41302579365079367 0.15327628968253967 0.28107804232804234
1 0.4401041666666667 0.5142195767195767 0.022817460317460316 0.016203703703703703
5 0.4476686507936508 0.1724537037037037 0.021577380952380952 0.06316137566137567
5 0.705109126984127 0.22701719576719576 0.02554563492063492 0.06944444444444445
5 0.32936507936507936 0.3425925925925926 0.034722222222222224 0.08862433862433862
5 0.4164186507936508 0.21511243386243387 0.0220734126984127 0.07175925925925926
5 0.22110615079365079 0.21461640211640212 0.035962301587301584 0.06911375661375661
5 0.4894593253968254 0.11673280423280423 0.015128968253968254 0.047619047619047616
5 0.41703869047619047 0.16121031746031747 0.020833333333333332 0.05654761904761905
5 0.2697172619047619 0.2934854497354497 0.030009920634920636 0.07771164021164022
5 0.4351438492063492 0.2622354497354497 0.02976190476190476 0.05720899470899471
3 0.853546626984127 0.08151455026455026 0.02628968253968254 0.04265873015873016
5 0.4642857142857143 0.12235449735449735 0.015625 0.04794973544973545
5 0.6555059523809523 0.09656084656084656 0.013640873015873016 0.041666666666666664
5 0.45163690476190477 0.12764550264550265 0.017361111111111112 0.04497354497354497
5 0.8315873015873015 0.14152116402116402 0.015605158730158731 0.05260912698412699
5 0.6197916666666666 0.06630291005291006 0.011408730158730158 0.030753968253968252
4 0.43718501984126984 0.09559193121693121 0.013147321428571428 0.04458333333333333
2 0.5609325396825396 0.05615410052910053 0.042115575396825394 0.06392857142857143
5 0.8331175595238095 0.10552579365079366 0.012998511904761903 0.02956679894179894
4 0.4646676587301587 0.2604166666666667 0.02417906746031746 0.027199074074074073
5 0.19529761904761905 0.19446097883597882 0.02820188492063492 0.04378637566137566