3 0.4054904513888889 0.5114293981481481 0.14322916666666666 0.20109953703703703
2 0.8067491319444444 0.5528067129629629 0.22135416666666666 0.37355324074074076
5 0.064453125 0.7686631944444444 0.0876736111111111 0.24681712962962962
3 0.4507378472222222 0.13975694444444445 0.06076388888888889 0.0630787037037037
5 0.1474609375 0.4320023148148148 0.046875 0.1490162037037037
5 0.2319878472222222 0.43171296296296297 0.044270833333333336 0.14033564814814814
5 0.2823350694444444 0.3453414351851852 0.03689236111111111 0.12268518518518519
5 0.5271267361111112 0.07581018518518519 0.03927951388888889 0.045717592592592594
5 0.7579210069444444 0.27054398148148145 0.03211805555555555 0.09346064814814815
5 0.04275173611111111 0.9401041666666666 0.08528645833333333 0.11979166666666667
5 0.3488498263888889 0.29658564814814814 0.03211805555555555 0.10590277777777778
5 0.5272352430555556 0.22251157407407407 0.028862847222222224 0.0842013888888889
5 0.07823350694444445 0.1763599537037037 0.024088541666666668 0.07175925925925926
5 0.4307725694444444 0.171875 0.025173611111111112 0.07609953703703703
5 0.11393229166666667 0.1361400462962963 0.021484375 0.061921296296296294
5 0.2029079861111111 0.16782407407407407 0.023220486111111112 0.07696759259259259
5 0.2609592013888889 0.09751157407407407 0.018880208333333332 0.05758101851851852
5 0.2056206597222222 0.06568287037037036 0.016493055555555556 0.046296296296296294
5 0.012369791666666666 0.15263310185185186 0.024522569444444444 0.0630787037037037
5 0.23079427083333334 0.07581018518518519 0.016276041666666668 0.04716435185185185
6 0.8623046875 0.07899305555555555 0.1636284722222222 0.09259259259259259
5 0.2218967013888889 0.10416666666666667 0.015625 0.05092592592592592
0 0.8255208333333334 0.7077546296296297 0.046875 0.014467592592592593
5 0.2007378472222222 0.11906828703703703 0.020833333333333332 0.05092592592592592
5 0.2752821180555556 0.06640625 0.014322916666666666 0.04282407407407408
5 0.3372395833333333 0.05237268518518518 0.015625 0.04456018518518518
5 0.9421657986111112 0.10648148148148148 0.035590277777777776 0.05555555555555555
5 0.2546657986111111 0.06365740740740741 0.016276041666666668 0.04774305555555555
5 0.3041449652777778 0.08868634259259259 0.019314236111111112 0.05381944444444445
1 0.4040798611111111 0.5794270833333334 0.025824652777777776 0.016493055555555556
5 0.8727213541666666 0.10648148148148148 0.043619791666666664 0.05092592592592592
2 0.33621961805555556 0.176640625 0.09233506944444445 0.1284664351851852
0 0.34708116319444443 0.22255787037037036 0.016773003472222225 0.006374421296296296