3 0.5682043650793651 0.4169973544973545 0.14831349206349206 0.23346560846560846
3 0.1531498015873016 0.5229828042328042 0.21577380952380953 0.21593915343915343
3 0.6655505952380952 0.25066137566137564 0.10367063492063493 0.13326719576719576
3 0.400421626984127 0.17410714285714285 0.0882936507936508 0.11541005291005291
5 0.3844246031746032 0.4558531746031746 0.04811507936507937 0.17096560846560846
6 0.2734375 0.2318121693121693 0.16865079365079366 0.22982804232804233
5 0.21242559523809523 0.3718584656084656 0.045882936507936505 0.11011904761904762
6 0.4884672619047619 0.072255291005291 0.06597222222222222 0.11970899470899471
3 0.6536458333333334 0.07903439153439154 0.059027777777777776 0.06812169312169312
2 0.4046378968253968 0.04050925925925926 0.09722222222222222 0.08068783068783068
5 0.4818948412698413 0.14831349206349206 0.025793650793650792 0.08234126984126984
3 0.8929811507936508 0.03058862433862434 0.040426587301587304 0.06018518518518518
1 0.09821428571428571 0.5987103174603174 0.027281746031746032 0.01984126984126984
5 0.01922123015873016 0.4050925925925926 0.03819444444444445 0.1703042328042328
5 0.736359126984127 0.17592592592592593 0.026041666666666668 0.0873015873015873
5 0.6237599206349206 0.10697751322751323 0.023065476190476192 0.0701058201058201
5 0.6581101190476191 0.02595899470899471 0.01711309523809524 0.041666666666666664
5 0.7130456349206349 0.1400462962962963 0.025049603174603176 0.08101851851851852
5 0.7096974206349206 0.07060185185185185 0.019345238095238096 0.06018518518518518
0 0.5645634920634921 0.48296957671957674 0.034970238095238096 0.013558201058201057
5 0.5900297619047619 0.08019179894179894 0.023561507936507936 0.06448412698412699
5 0.5613839285714286 0.01570767195767196 0.014384920634920634 0.03141534391534392
5 0.6877480158730159 0.03257275132275132 0.015873015873015872 0.05092592592592592
5 0.6190476190476191 0.007109788359788359 0.013392857142857142 0.014219576719576719
5 0.5735367063492064 0.04976851851851852 0.019097222222222224 0.05191798941798942
5 0.5365823412698413 0.011574074074074073 0.012152777777777778 0.023148148148148147
0 0.6686036706349207 0.285462962962963 0.025141369047619048 0.008756613756613756
5 0.33990575396825395 0.07506613756613757 0.027777777777777776 0.05489417989417989
0 0.38759176587301586 0.20627314814814815 0.01898065476190476 0.007781084656084657
5 0.47705853174603174 0.007936507936507936 0.01488095238095238 0.015873015873015872
1 0.24289186507936508 0.30697420634920636 0.018258928571428572 0.013693783068783067