3 0.8122519841269841 0.6711309523809523 0.20808531746031747 0.3263888888888889
3 0.2818700396825397 0.2318121693121693 0.1515376984126984 0.18518518518518517
3 0.7196180555555556 0.3470568783068783 0.12202380952380952 0.1822089947089947
3 0.08494543650793651 0.7605820105820106 0.1691468253968254 0.4775132275132275
3 0.47978670634920634 0.16848544973544974 0.09771825396825397 0.12103174603174603
3 0.6063988095238095 0.11011904761904762 0.08779761904761904 0.11706349206349206
3 0.7368551587301587 0.19593253968253968 0.09474206349206349 0.125
3 0.25124007936507936 0.15343915343915343 0.1148313492063492 0.11838624338624339
5 0.09623015873015874 0.24933862433862433 0.05109126984126984 0.14814814814814814
5 0.8590029761904762 0.4267526455026455 0.06473214285714286 0.1984126984126984
3 0.6047867063492064 0.03488756613756614 0.06274801587301587 0.06977513227513228
5 0.7795138888888888 0.12417328042328042 0.031001984126984128 0.09953703703703703
3 0.0767609126984127 0.47156084656084657 0.1535218253968254 0.22420634920634921
3 0.9131944444444444 0.027447089947089946 0.054811507936507936 0.05489417989417989
5 0.34561011904761907 0.03654100529100529 0.026041666666666668 0.07242063492063493
5 0.42993551587301587 0.04431216931216931 0.023065476190476192 0.07671957671957672
0 0.8244047619047619 0.7926587301587301 0.05505952380952381 0.018849206349206348
0 0.251984126984127 0.27199074074074076 0.030257936507936508 0.010582010582010581
1 0.6020758928571429 0.13976521164021163 0.013839285714285714 0.011435185185185185
5 0.43005952380952384 0.015046296296296295 0.021825396825396824 0.02976190476190476
1 0.2279265873015873 0.18568121693121692 0.015873015873015872 0.013558201058201057
0 0.7233382936507936 0.4036044973544973 0.03373015873015873 0.011574074074074073
6 0.35224454365079366 0.8044742063492063 0.2698263888888889 0.3910515873015873
0 0.4731001984126984 0.2016633597883598 0.02274801587301587 0.009679232804232805
0 0.737906746031746 0.23514219576719578 0.024342757936507937 0.009457671957671958