3 0.2535962301587302 0.5276124338624338 0.19866071428571427 0.22685185185185186
2 0.3322172619047619 0.22172619047619047 0.18427579365079366 0.24371693121693122
5 0.6362847222222222 0.2994378306878307 0.04017857142857143 0.11772486772486772
5 0.5601438492063492 0.2716600529100529 0.03695436507936508 0.10615079365079365
3 0.6868799603174603 0.09689153439153439 0.0496031746031746 0.06283068783068783
6 0.4929315476190476 0.0517526455026455 0.06299603174603174 0.10251322751322751
3 0.4242311507936508 0.10102513227513228 0.05530753968253968 0.06117724867724868
3 0.6728670634920635 0.0603505291005291 0.04265873015873016 0.04894179894179894
5 0.8792162698412699 0.11921296296296297 0.028769841269841268 0.08101851851851852
1 0.20845734126984128 0.6053240740740741 0.02703373015873016 0.02017195767195767
3 0.6530257936507936 0.028604497354497355 0.03844246031746032 0.04927248677248677
5 0.5342261904761905 0.18501984126984128 0.025297619047619048 0.082010582010582
5 0.5662202380952381 0.08382936507936507 0.019097222222222224 0.05291005291005291
5 0.9037698412698413 0.056878306878306875 0.017609126984126984 0.047619047619047616
5 0.48214285714285715 0.18981481481481483 0.026785714285714284 0.082010582010582
5 0.6096230158730159 0.061507936507936505 0.018353174603174604 0.055224867724867725
5 0.5571676587301587 0.028439153439153438 0.014136904761904762 0.041666666666666664
5 0.4810267857142857 0.10896164021164022 0.019345238095238096 0.06415343915343916
5 0.5032242063492064 0.21511243386243387 0.027777777777777776 0.09193121693121693
5 0.5900297619047619 0.02066798941798942 0.014632936507936508 0.040674603174603176
5 0.8616071428571429 0.03819444444444445 0.016865079365079364 0.044642857142857144
1 0.3018948412698413 0.3264914021164021 0.017130456349206347 0.011927910052910053
5 0.9118303571428571 0.012235449735449735 0.013392857142857142 0.02447089947089947
5 0.6256200396825397 0.021494708994708994 0.01314484126984127 0.03835978835978836
5 0.455109126984127 0.036871693121693125 0.015128968253968254 0.04298941798941799
5 0.22891865079365079 0.15145502645502645 0.030257936507936508 0.062169312169312166
5 0.34660218253968256 0.0763888888888889 0.017361111111111112 0.047619047619047616
5 0.3862847222222222 0.06994047619047619 0.020833333333333332 0.04861111111111111
5 0.38566468253968256 0.0798611111111111 0.02132936507936508 0.04332010582010582