3 0.39012896825396826 0.24586640211640212 0.09325396825396826 0.12334656084656084
5 0.6655505952380952 0.8741732804232805 0.0798611111111111 0.25165343915343913
3 0.1831597222222222 0.22156084656084657 0.11259920634920635 0.11078042328042328
3 0.45535714285714285 0.14434523809523808 0.06125992063492063 0.08664021164021164
3 0.6207837301587301 0.15178571428571427 0.057539682539682536 0.06845238095238096
5 0.6020585317460317 0.625 0.05654761904761905 0.226521164021164
5 0.5593998015873016 0.5424933862433863 0.05828373015873016 0.17427248677248677
5 0.4732142857142857 0.30505952380952384 0.033482142857142856 0.10846560846560846
3 0.3870287698412698 0.08994708994708994 0.04662698412698413 0.049933862433862435
3 0.568328373015873 0.05324074074074074 0.03422619047619048 0.04034391534391534
5 0.31646825396825395 0.2488425925925926 0.031001984126984128 0.09060846560846561
5 0.5564236111111112 0.1810515873015873 0.02554563492063492 0.0744047619047619
5 0.2553323412698413 0.271494708994709 0.030257936507936508 0.09953703703703703
5 0.503844246031746 0.18138227513227514 0.024305555555555556 0.07605820105820106
5 0.40773809523809523 0.1574074074074074 0.020833333333333332 0.05555555555555555
5 0.3345734126984127 0.15773809523809523 0.021081349206349208 0.06944444444444445
5 0.6016865079365079 0.22056878306878308 0.029017857142857144 0.09126984126984126
5 0.46378968253968256 0.08316798941798942 0.016121031746031748 0.036044973544973546
5 0.3655753968253968 0.1669973544973545 0.022321428571428572 0.07142857142857142
3 0.6130952380952381 0.012896825396825396 0.028769841269841268 0.025793650793650792
5 0.5122767857142857 0.059854497354497355 0.028521825396825396 0.05555555555555555
5 0.6716269841269841 0.045965608465608467 0.01240079365079365 0.03835978835978836
5 0.6407490079365079 0.06349206349206349 0.01488095238095238 0.05423280423280423
5 0.6166914682539683 0.04728835978835979 0.015376984126984126 0.04431216931216931
3 0.6588541666666666 0.016534391534391533 0.029513888888888888 0.03306878306878307
5 0.8268849206349206 0.04183201058201058 0.014384920634920634 0.05357142857142857
5 0.5551835317460317 0.013558201058201057 0.011904761904761904 0.027116402116402115
0 0.37729662698412697 0.27872354497354496 0.022653769841269843 0.007255291005291006
5 0.5310019841269841 0.028935185185185185 0.012896825396825396 0.03439153439153439
5 0.8029265873015873 0.06426256613756615 0.01334077380952381 0.04740079365079365
5 0.683655753968254 0.013227513227513227 0.011160714285714286 0.026455026455026454
5 0.5775049603174603 0.01240079365079365 0.01240079365079365 0.0248015873015873
0 0.15808779761904762 0.25420965608465607 0.019052579365079363 0.006884920634920635
5 0.8102703373015874 0.042876984126984125 0.012914186507936508 0.03684854497354498
3 0.6312103174603174 0.030102513227513228 0.03145833333333333 0.03794973544973545
4 0.39742559523809523 0.03351851851851852 0.01033482142857143 0.033687169312169314