3 0.7611607142857143 0.27298280423280424 0.11284722222222222 0.16005291005291006
3 0.05493551587301587 0.2996031746031746 0.10987103174603174 0.1474867724867725
6 0.5127728174603174 0.3462301587301587 0.18601190476190477 0.33994708994708994
5 0.1226438492063492 0.6033399470899471 0.08556547619047619 0.24107142857142858
3 0.4306795634920635 0.1550925925925926 0.09052579365079365 0.10284391534391535
5 0.5091765873015873 0.9289021164021164 0.10342261904761904 0.1421957671957672
3 0.6063988095238095 0.12946428571428573 0.0726686507936508 0.08167989417989419
5 0.2682291666666667 0.3609457671957672 0.048859126984126984 0.14583333333333334
5 0.09523809523809523 0.44990079365079366 0.0642361111111111 0.17493386243386244
3 0.6025545634920635 0.05009920634920635 0.052083333333333336 0.06084656084656084
5 0.3709077380952381 0.2771164021164021 0.037450396825396824 0.12863756613756613
5 0.6934523809523809 0.1865079365079365 0.03373015873015873 0.09986772486772487
5 0.7523561507936508 0.16302910052910052 0.026537698412698412 0.07208994708994709
5 0.7075892857142857 0.11772486772486772 0.024553571428571428 0.07771164021164022
5 0.5243055555555556 0.13723544973544974 0.026785714285714284 0.08068783068783068
5 0.49181547619047616 0.06911375661375661 0.0220734126984127 0.07341269841269842
1 0.5032242063492064 0.49090608465608465 0.025049603174603176 0.017526455026455025
4 0.8303571428571429 0.9401455026455027 0.0974702380952381 0.11970899470899471
5 0.5261656746031746 0.05406746031746032 0.02058531746031746 0.06084656084656084
5 0.3947172619047619 0.09854497354497355 0.021825396825396824 0.07374338624338625
5 0.4262152777777778 0.072255291005291 0.022569444444444444 0.06613756613756613
5 0.44580853174603174 0.03736772486772487 0.018353174603174604 0.052248677248677246
1 0.761780753968254 0.32490079365079366 0.019097222222222224 0.013888888888888888
5 0.37822420634920634 0.05853174603174603 0.02132936507936508 0.05654761904761905
5 0.4565972222222222 0.08068783068783068 0.03050595238095238 0.05423280423280423
0 0.41728670634920634 0.18005291005291005 0.020076884920634922 0.00765542328042328
2 0.6855505952380953 0.034755291005291004 0.06181547619047619 0.06951058201058201
4 0.35200892857142857 0.06388227513227514 0.01564484126984127 0.059226190476190474
1 0.6008978174603175 0.14906084656084656 0.012624007936507937 0.009269179894179894