3 0.9415922619047619 0.42080026455026454 0.11681547619047619 0.10317460317460317
2 0.4592013888888889 0.28951719576719576 0.07614087301587301 0.14384920634920634
5 0.17212301587301587 0.7359457671957672 0.07242063492063493 0.19973544973544974
6 0.2847222222222222 0.33664021164021163 0.09126984126984126 0.1531084656084656
3 0.9342757936507936 0.2787698412698413 0.0642361111111111 0.0582010582010582
5 0.7144097222222222 0.5970568783068783 0.04290674603174603 0.14682539682539683
2 0.41418650793650796 0.19940476190476192 0.04935515873015873 0.07903439153439154
3 0.7203621031746031 0.179728835978836 0.023809523809523808 0.026785714285714284
3 0.5409226190476191 0.20072751322751323 0.028025793650793652 0.03141534391534392
3 0.4957837301587302 0.2339616402116402 0.027777777777777776 0.040013227513227514
5 0.5912698412698413 0.31382275132275134 0.02058531746031746 0.06646825396825397
6 0.5386904761904762 0.2706679894179894 0.051587301587301584 0.10152116402116403
6 0.5203373015873016 0.15079365079365079 0.036458333333333336 0.05853174603174603
5 0.4048859126984127 0.2700066137566138 0.016617063492063492 0.04894179894179894
1 0.9844990079365079 0.42757936507936506 0.013888888888888888 0.011574074074074073
4 0.2095734126984127 0.3002645502645503 0.013640873015873016 0.0539021164021164
3 0.5014880952380952 0.19212962962962962 0.023809523809523808 0.03042328042328042
5 0.8747519841269841 0.1982473544973545 0.023065476190476192 0.03571428571428571
5 0.5870535714285714 0.27397486772486773 0.017361111111111112 0.04332010582010582
5 0.009796626984126984 0.4029431216931217 0.019593253968253968 0.08664021164021164
4 0.22574900793650796 0.30031084656084656 0.01601438492063492 0.04959325396825397
5 0.514640376984127 0.2184623015873016 0.013363095238095238 0.03468915343915344
1 0.2802703373015873 0.3959623015873016 0.012834821428571428 0.009312169312169312