3 0.6361607142857143 0.5598544973544973 0.14211309523809523 0.19146825396825398
3 0.746155753968254 0.8493716931216931 0.21899801587301587 0.3012566137566138
3 0.7291666666666666 0.38773148148148145 0.11036706349206349 0.15476190476190477
3 0.09523809523809523 0.521494708994709 0.16567460317460317 0.1626984126984127
2 0.32006448412698413 0.455026455026455 0.26612103174603174 0.40906084656084657
6 0.6350446428571429 0.25049603174603174 0.10119047619047619 0.19775132275132276
2 0.6325644841269841 0.0625 0.05654761904761905 0.059854497354497355
5 0.9800347222222222 0.6236772486772487 0.03993055555555555 0.1960978835978836
3 0.5343501984126984 0.2099867724867725 0.06324404761904762 0.083994708994709
2 0.5363343253968254 0.11226851851851852 0.04811507936507937 0.0787037037037037
3 0.6108630952380952 0.13624338624338625 0.036210317460317464 0.03670634920634921
2 0.7770337301587301 0.26008597883597884 0.10441468253968254 0.164021164021164
5 0.45275297619047616 0.2251984126984127 0.02132936507936508 0.06316137566137567
5 0.9654017857142857 0.1593915343915344 0.021825396825396824 0.05588624338624339
5 0.9365079365079365 0.20634920634920634 0.024057539682539684 0.06613756613756613
5 0.6843998015873016 0.1388888888888889 0.016121031746031748 0.041005291005291
3 0.7228422619047619 0.13640873015873015 0.04092261904761905 0.050595238095238096
5 0.9900793650793651 0.11441798941798942 0.015625 0.041666666666666664
3 0.7030009920634921 0.10532407407407407 0.03298611111111111 0.040013227513227514
3 0.3020833333333333 0.2584325396825397 0.12103174603174603 0.07771164021164022
5 0.4330357142857143 0.20618386243386244 0.01711309523809524 0.056878306878306875
0 0.738343253968254 0.9879298941798942 0.05555555555555555 0.020833333333333332
5 0.05233134920634921 0.33630952380952384 0.044890873015873016 0.06613756613756613
3 0.6490575396825397 0.1357473544973545 0.03943452380952381 0.037037037037037035
5 0.9854910714285714 0.19047619047619047 0.022569444444444444 0.06547619047619048
0 0.054191468253968256 0.5767195767195767 0.032242063492063495 0.01025132275132275
3 0.5744047619047619 0.08068783068783068 0.02703373015873016 0.03042328042328042
0 0.6333680555555555 0.6244477513227513 0.036004464285714285 0.012794312169312169
5 0.751984126984127 0.1572420634920635 0.016865079365079364 0.04894179894179894
1 0.7339955357142857 0.4199933862433862 0.01855406746031746 0.012810846560846561
5 0.9603174603174603 0.07853835978835978 0.018105158730158732 0.04431216931216931
5 0.4184027777777778 0.22982804232804233 0.020833333333333332 0.05191798941798942
5 0.012524801587301588 0.3505291005291005 0.0248015873015873 0.07076719576719577
1 0.2747371031746032 0.6329133597883598 0.025004960317460315 0.015591931216931216
2 0.5556423611111111 0.3631845238095238 0.11683531746031746 0.22280092592592593
1 0.5560515873015873 0.4439484126984127 0.018353174603174604 0.012566137566137565
2 0.6726884920634921 0.08105820105820107 0.03128720238095238 0.05016534391534391
3 0.7324578373015873 0.09306216931216932 0.029350198412698415 0.03149801587301587
3 0.7344866071428571 0.07588293650793651 0.029112103174603172 0.02640873015873016