3 0.44407242063492064 0.720734126984127 0.19692460317460317 0.28406084656084657
3 0.14074900793650794 0.5563822751322751 0.21726190476190477 0.24537037037037038
6 0.6329365079365079 0.36243386243386244 0.18303571428571427 0.37367724867724866
3 0.4634176587301587 0.32953042328042326 0.10143849206349206 0.12268518518518519
3 0.1619543650793651 0.24305555555555555 0.12177579365079365 0.11838624338624339
2 0.34052579365079366 0.21693121693121692 0.1267361111111111 0.17559523809523808
3 0.5307539682539683 0.1574074074074074 0.06324404761904762 0.06646825396825397
5 0.7683531746031746 0.8331679894179894 0.07911706349206349 0.2318121693121693
5 0.1331845238095238 0.392526455026455 0.04861111111111111 0.105489417989418
5 0.3736359126984127 0.4573412698412698 0.046130952380952384 0.15376984126984128
5 0.017485119047619048 0.5190145502645502 0.034970238095238096 0.17294973544973544
3 0.6878720238095238 0.031084656084656083 0.028025793650793652 0.03042328042328042
5 0.3443700396825397 0.3845899470899471 0.03844246031746032 0.12764550264550265
3 0.6156994047619048 0.036871693121693125 0.029513888888888888 0.032407407407407406
5 0.3550347222222222 0.32043650793650796 0.03695436507936508 0.09523809523809523
5 0.48152281746031744 0.09474206349206349 0.017609126984126984 0.04927248677248677
4 0.23673115079365079 0.23627645502645503 0.022569444444444444 0.08531746031746032
1 0.42199900793650796 0.8194444444444444 0.03447420634920635 0.02414021164021164
5 0.7468998015873016 0.9401455026455027 0.09151785714285714 0.11970899470899471
5 0.43774801587301587 0.1572420634920635 0.020337301587301588 0.0667989417989418
5 0.4541170634920635 0.11276455026455026 0.017857142857142856 0.054563492063492064
3 0.21688988095238096 0.16170634920634921 0.08606150793650794 0.057539682539682536
5 0.6945684523809523 0.0701058201058201 0.012896825396825396 0.0419973544973545
5 0.5394345238095238 0.0861441798941799 0.015873015873015872 0.04828042328042328
5 0.5915178571428571 0.0701058201058201 0.01636904761904762 0.0539021164021164
0 0.09015376984126984 0.6359126984126984 0.038938492063492064 0.015542328042328041
5 0.5017361111111112 0.08250661375661375 0.015128968253968254 0.046957671957671955
5 0.6560019841269841 0.032242063492063495 0.010912698412698412 0.03439153439153439
3 0.3838045634920635 0.027281746031746032 0.033234126984126984 0.03571428571428571
5 0.513640873015873 0.10664682539682539 0.018601190476190476 0.0539021164021164
1 0.31333085317460313 0.28465608465608466 0.014310515873015874 0.01111441798941799
5 0.6398809523809523 0.024636243386243387 0.011408730158730158 0.032407407407407406
5 0.4388640873015873 0.10201719576719577 0.016865079365079364 0.046296296296296294
1 0.6243799603174603 0.5173611111111112 0.023313492063492064 0.017857142857142856
5 0.5192212301587301 0.06266534391534391 0.014632936507936508 0.04332010582010582
0 0.13367807539682539 0.2769510582010582 0.020376984126984125 0.008429232804232804
5 0.8617311507936508 0.06547619047619048 0.014384920634920634 0.041666666666666664
5 0.5412946428571429 0.059027777777777776 0.013392857142857142 0.034722222222222224
5 0.5807291666666666 0.021825396825396824 0.014136904761904762 0.03935185185185185
5 0.552703373015873 0.015376984126984126 0.010168650793650794 0.02943121693121693
4 0.41592261904761907 0.09044312169312169 0.01488095238095238 0.04927248677248677
1 0.45116815476190475 0.36802910052910054 0.017175099206349208 0.01333664021164021