3 0.8877728174603174 0.8467261904761905 0.21949404761904762 0.2794312169312169
3 0.7958829365079365 0.6369047619047619 0.17881944444444445 0.19973544973544974
3 0.8645833333333334 0.4642857142857143 0.13120039682539683 0.1626984126984127
3 0.7224702380952381 0.3688822751322751 0.10887896825396826 0.1164021164021164
3 0.13219246031746032 0.9371693121693122 0.26438492063492064 0.12566137566137567
6 0.5510912698412699 0.36177248677248675 0.1535218253968254 0.1574074074074074
5 0.11941964285714286 0.7824074074074074 0.07614087301587301 0.19808201058201058
6 0.8979414682539683 0.27827380952380953 0.13045634920634921 0.2099867724867725
3 0.5342261904761905 0.9318783068783069 0.3132440476190476 0.13624338624338625
3 0.7983630952380952 0.2005621693121693 0.06324404761904762 0.08300264550264551
3 0.9661458333333334 0.15145502645502645 0.05406746031746032 0.05654761904761905
3 0.5844494047619048 0.2501653439153439 0.07142857142857142 0.07374338624338625
5 0.6806795634920635 0.22635582010582012 0.023313492063492064 0.06878306878306878
3 0.7429315476190477 0.13194444444444445 0.053075396825396824 0.050595238095238096
5 0.7354910714285714 0.19262566137566137 0.022321428571428572 0.06746031746031746
5 0.6335565476190477 0.3143187830687831 0.023809523809523808 0.09821428571428571
0 0.884796626984127 0.9312169312169312 0.053075396825396824 0.021164021164021163
0 0.7752976190476191 0.691468253968254 0.03993055555555555 0.016534391534391533
4 0.024429563492063492 0.558531746031746 0.04563492063492063 0.16104497354497355
3 0.5344742063492064 0.28257275132275134 0.0744047619047619 0.04894179894179894
5 0.8408978174603174 0.1380621693121693 0.016617063492063492 0.050595238095238096
5 0.4955357142857143 0.164021164021164 0.051587301587301584 0.06613756613756613
3 0.8897569444444444 0.1207010582010582 0.04662698412698413 0.04728835978835979
5 0.9513888888888888 0.1087962962962963 0.016121031746031748 0.03869047619047619