3 0.6222718253968254 0.5651455026455027 0.15327380952380953 0.22552910052910052
6 0.1449652777777778 0.50380291005291 0.28918650793650796 0.4209656084656085
3 0.5018601190476191 0.2562830687830688 0.09250992063492064 0.09722222222222222
6 0.259796626984127 0.2888558201058201 0.21329365079365079 0.2562830687830688
5 0.8237847222222222 0.6187169312169312 0.058779761904761904 0.1970899470899471
3 0.4600694444444444 0.18121693121693122 0.07837301587301587 0.10284391534391535
3 0.6808035714285714 0.1531084656084656 0.058779761904761904 0.0796957671957672
3 0.7254464285714286 0.11689814814814815 0.04861111111111111 0.060515873015873016
5 0.6067708333333334 0.18154761904761904 0.024553571428571428 0.07341269841269842
2 0.4663938492063492 0.08333333333333333 0.09871031746031746 0.15112433862433863
2 0.5465029761904762 0.038525132275132275 0.05009920634920635 0.07705026455026455
3 0.7434275793650794 0.02017195767195767 0.026537698412698412 0.02943121693121693
3 0.6984126984126984 0.03191137566137566 0.029265873015873016 0.03273809523809524
5 0.5608878968253969 0.15757275132275134 0.022817460317460316 0.06712962962962964
5 0.7559523809523809 0.19378306878306878 0.023313492063492064 0.07506613756613757
5 0.40029761904761907 0.18072089947089948 0.023561507936507936 0.07043650793650794
5 0.9050099206349206 0.06101190476190476 0.013392857142857142 0.03802910052910053
5 0.7740575396825397 0.23726851851851852 0.026785714285714284 0.08564814814814815
5 0.6405009920634921 0.09011243386243387 0.015625 0.04794973544973545
5 0.09151785714285714 0.3382936507936508 0.049107142857142856 0.10615079365079365
5 0.5886656746031746 0.11987433862433862 0.019593253968253968 0.059854497354497355
0 0.614233630952381 0.6373875661375662 0.03885168650793651 0.01572751322751323
5 0.6454811507936508 0.02220899470899471 0.011862599206349207 0.03031415343915344
5 0.746155753968254 0.061507936507936505 0.014384920634920634 0.04034391534391534
4 0.008804563492063492 0.2994378306878307 0.017609126984126984 0.08035714285714286
5 0.6619543650793651 0.02066798941798942 0.011408730158730158 0.034722222222222224
5 0.028893849206349208 0.23462301587301587 0.031001984126984128 0.09126984126984126
5 0.9221230158730159 0.04794973544973545 0.013640873015873016 0.03670634920634921
5 0.4992559523809524 0.14136904761904762 0.019593253968253968 0.05787037037037037
5 0.7663690476190477 0.030257936507936508 0.012896825396825396 0.036044973544973546
5 0.5964781746031746 0.09011243386243387 0.017609126984126984 0.06183862433862434
0 0.029680059523809525 0.6674933862433863 0.04083581349206349 0.017195767195767195
5 0.5953621031746031 0.08316798941798942 0.01636904761904762 0.05257936507936508
5 0.09826140873015873 0.28904761904761905 0.04588045634920635 0.08564484126984127
0 0.48727430555555556 0.28192460317460316 0.019836309523809523 0.007516534391534392