3 0.6246279761904762 0.4558531746031746 0.16592261904761904 0.24735449735449735
2 0.35367063492063494 0.3996362433862434 0.1865079365079365 0.3723544973544973
3 0.5636160714285714 0.31117724867724866 0.09275793650793651 0.11210317460317461
5 0.1749751984126984 0.673776455026455 0.0679563492063492 0.2113095238095238
5 0.9170386904761905 0.7820767195767195 0.08556547619047619 0.23677248677248677
3 0.03459821428571429 0.2736441798941799 0.06919642857142858 0.10648148148148148
3 0.4134424603174603 0.24619708994708994 0.07514880952380952 0.11375661375661375
3 0.33209325396825395 0.15625 0.0597718253968254 0.06812169312169312
3 0.4425843253968254 0.09788359788359788 0.05282738095238095 0.05489417989417989
5 0.1338045634920635 0.9269179894179894 0.09573412698412699 0.14616402116402116
3 0.33717757936507936 0.10267857142857142 0.04439484126984127 0.040674603174603176
3 0.38938492063492064 0.08845899470899471 0.038938492063492064 0.03869047619047619
5 0.4837549603174603 0.22999338624338625 0.025049603174603176 0.07407407407407407
5 0.14434523809523808 0.4408068783068783 0.0441468253968254 0.12797619047619047
5 0.6222718253968254 0.2526455026455027 0.027529761904761904 0.0873015873015873
5 0.658234126984127 0.23743386243386244 0.027777777777777776 0.08267195767195767
5 0.5178571428571429 0.1909722222222222 0.022321428571428572 0.06580687830687831
5 0.17956349206349206 0.4174933862433862 0.03695436507936508 0.11904761904761904
3 0.24243551587301587 0.07490079365079365 0.033234126984126984 0.03802910052910053
5 0.13826884920634921 0.34341931216931215 0.03298611111111111 0.09325396825396826
5 0.23325892857142858 0.3369708994708995 0.03125 0.10416666666666667
5 0.19146825396825398 0.3166335978835979 0.03373015873015873 0.09292328042328042
5 0.15004960317460317 0.1529431216931217 0.017361111111111112 0.051587301587301584
5 0.3725198412698413 0.1423611111111111 0.018353174603174604 0.05092592592592592
5 0.052703373015873016 0.14054232804232805 0.0220734126984127 0.04365079365079365
5 0.30753968253968256 0.19675925925925927 0.023065476190476192 0.04431216931216931
3 0.032614087301587304 0.2131283068783069 0.0597718253968254 0.06448412698412699
5 0.6760912698412699 0.1597222222222222 0.021825396825396824 0.06283068783068783
5 0.15128968253968253 0.27099867724867727 0.029017857142857144 0.08465608465608465
5 0.1970486111111111 0.15575396825396826 0.019097222222222224 0.0539021164021164
5 0.3942212301587302 0.12863756613756613 0.01711309523809524 0.04894179894179894
3 0.006572420634920635 0.11028439153439154 0.01314484126984127 0.04034391534391534
3 0.8634672619047619 0.03406084656084656 0.05654761904761905 0.032407407407407406
5 0.2251984126984127 0.16600529100529102 0.017609126984126984 0.05654761904761905
1 0.36885416666666665 0.5617460317460318 0.02146825396825397 0.01572751322751323
5 0.7013888888888888 0.132771164021164 0.031001984126984128 0.05787037037037037
5 0.27356150793650796 0.1056547619047619 0.014384920634920634 0.04728835978835979
5 0.21428571428571427 0.2673611111111111 0.024305555555555556 0.07208994708994709
5 0.29464285714285715 0.10069444444444445 0.016121031746031748 0.04563492063492063
5 0.2364831349206349 0.1302910052910053 0.015376984126984126 0.04794973544973545
5 0.2234623015873016 0.10631613756613757 0.013392857142857142 0.040013227513227514
5 0.18588789682539683 0.10532407407407407 0.01314484126984127 0.03968253968253968
5 0.2632688492063492 0.30092592592592593 0.022569444444444444 0.08630952380952381
5 0.20796130952380953 0.20601851851851852 0.01984126984126984 0.05886243386243386
3 0.7978670634920635 0.025793650793650792 0.05381944444444445 0.02976190476190476
0 0.6574107142857143 0.5620039682539683 0.03166418650793651 0.013558201058201057
5 0.43774801587301587 0.05042989417989418 0.018353174603174604 0.03207671957671958
5 0.2642609126984127 0.25380291005291006 0.021825396825396824 0.0496031746031746
0 0.4173983134920635 0.2826190476190476 0.019771825396825395 0.008210978835978835
1 0.03637152777777778 0.30834656084656087 0.013457341269841269 0.010221560846560847