3 0.4898313492063492 0.814484126984127 0.1753472222222222 0.2566137566137566
2 0.3463541666666667 0.3685515873015873 0.12797619047619047 0.17526455026455026
3 0.13430059523809523 0.4244378306878307 0.11979166666666667 0.11607142857142858
3 0.6326884920634921 0.36326058201058203 0.06994047619047619 0.09292328042328042
5 0.7883184523809523 0.890707671957672 0.06746031746031746 0.21858465608465608
5 0.19816468253968253 0.5646494708994709 0.04836309523809524 0.12268518518518519
5 0.619171626984127 0.6575727513227513 0.044642857142857144 0.1636904761904762
5 0.04799107142857143 0.8862433862433863 0.07762896825396826 0.2275132275132275
3 0.9677579365079365 0.44907407407407407 0.06398809523809523 0.10648148148148148
5 0.11607142857142858 0.6628637566137566 0.04935515873015873 0.16137566137566137
5 0.25384424603174605 0.7453703703703703 0.06076388888888889 0.21263227513227514
5 0.36681547619047616 0.6474867724867724 0.05282738095238095 0.17526455026455026
6 0.5151289682539683 0.29298941798941797 0.06299603174603174 0.10251322751322751
5 0.25186011904761907 0.6172288359788359 0.048859126984126984 0.12962962962962962
5 0.568328373015873 0.4173280423280423 0.030753968253968252 0.09358465608465609
5 0.46899801587301587 0.47453703703703703 0.03273809523809524 0.10449735449735449
5 0.25496031746031744 0.4085648148148148 0.027529761904761904 0.08630952380952381
5 0.5295138888888888 0.3826058201058201 0.024057539682539684 0.07936507936507936
3 0.4429563492063492 0.22371031746031747 0.03670634920634921 0.037698412698412696
5 0.9556051587301587 0.29910714285714285 0.018105158730158732 0.05191798941798942
5 0.027529761904761904 0.8020833333333334 0.05505952380952381 0.21593915343915343
5 0.4205109126984127 0.3458994708994709 0.021825396825396824 0.06812169312169312
5 0.9910714285714286 0.3156415343915344 0.017857142857142856 0.06316137566137567
6 0.6127232142857143 0.1712962962962963 0.030257936507936508 0.04431216931216931
5 0.48412698412698413 0.42162698412698413 0.030009920634920636 0.08564814814814815
5 0.5947420634920635 0.2144510582010582 0.011408730158730158 0.037037037037037035
0 0.4810267857142857 0.9070767195767195 0.049107142857142856 0.01521164021164021
5 0.47941468253968256 0.35697751322751325 0.022321428571428572 0.06547619047619048
5 0.6529017857142857 0.25033068783068785 0.014384920634920634 0.04563492063492063
3 0.34350198412698413 0.20667989417989419 0.03249007936507937 0.0333994708994709
5 0.5791170634920635 0.2078373015873016 0.011408730158730158 0.031746031746031744
0 0.1070188492063492 0.458994708994709 0.02058531746031746 0.008267195767195767
5 0.47643849206349204 0.24586640211640212 0.013392857142857142 0.04265873015873016
5 0.4556051587301587 0.2777777777777778 0.017361111111111112 0.04861111111111111
5 0.4809027777777778 0.2953042328042328 0.016617063492063492 0.051587301587301584
5 0.5646081349206349 0.21329365079365079 0.011656746031746032 0.042328042328042326
5 0.5393105158730159 0.20089285714285715 0.012896825396825396 0.03835978835978836
5 0.5003720238095238 0.21378968253968253 0.014136904761904762 0.03802910052910053
5 0.6511656746031746 0.21164021164021163 0.012896825396825396 0.035383597883597885
5 0.49541170634920634 0.23065476190476192 0.014384920634920634 0.03670634920634921
5 0.5158730158730159 0.23032407407407407 0.013640873015873016 0.023809523809523808