6 0.24987599206349206 0.33664021164021163 0.2197420634920635 0.27976190476190477
3 0.6839037698412699 0.18816137566137567 0.08928571428571429 0.12632275132275134
5 0.7208581349206349 0.7885251322751323 0.09102182539682539 0.30952380952380953
3 0.5438988095238095 0.2175925925925926 0.08754960317460317 0.1164021164021164
5 0.6163194444444444 0.7020502645502645 0.07018849206349206 0.2708333333333333
2 0.13901289682539683 0.7379298941798942 0.27728174603174605 0.5241402116402116
3 0.5993303571428571 0.05125661375661376 0.05381944444444445 0.07374338624338625
5 0.863219246031746 0.4083994708994709 0.05580357142857143 0.15641534391534392
3 0.5246775793650794 0.038525132275132275 0.04861111111111111 0.06117724867724868
2 0.4184027777777778 0.04828042328042328 0.08010912698412699 0.09656084656084656
5 0.39558531746031744 0.13392857142857142 0.029265873015873016 0.08498677248677249
5 0.6853918650793651 0.05092592592592592 0.016865079365079364 0.05423280423280423
5 0.4650297619047619 0.11408730158730158 0.026041666666666668 0.07341269841269842
3 0.30766369047619047 0.18154761904761904 0.0992063492063492 0.05357142857142857
5 0.8799603174603174 0.07192460317460317 0.019097222222222224 0.06183862433862434
5 0.3447420634920635 0.08581349206349206 0.021577380952380952 0.06613756613756613
5 0.5120287698412699 0.09424603174603174 0.020337301587301588 0.06580687830687831
5 0.5668402777777778 0.02414021164021164 0.016121031746031748 0.04828042328042328
5 0.8820684523809523 0.010912698412698412 0.015376984126984126 0.021825396825396824
1 0.20817708333333335 0.4483796296296297 0.022237103174603173 0.01626984126984127
4 0.029513888888888888 0.15443121693121692 0.022321428571428572 0.07605820105820106
0 0.6837797619047619 0.22685185185185186 0.022817460317460316 0.008267195767195767
3 0.509796626984127 0.018849206349206348 0.04935515873015873 0.037037037037037035
5 0.8478422619047619 0.027777777777777776 0.020337301587301588 0.055224867724867725
1 0.539000496031746 0.24838293650793652 0.01728670634920635 0.010625