3 0.17385912698412698 0.8796296296296297 0.23883928571428573 0.24074074074074073
3 0.8999255952380952 0.855489417989418 0.20014880952380953 0.27744708994708994
3 0.4582093253968254 0.6357473544973545 0.14087301587301587 0.17526455026455026
2 0.35205853174603174 0.4126984126984127 0.16493055555555555 0.21461640211640212
3 0.5322420634920635 0.4933862433862434 0.10367063492063493 0.14814814814814814
3 0.7100694444444444 0.5193452380952381 0.1232638888888889 0.16765873015873015
3 0.05927579365079365 0.5891203703703703 0.1185515873015873 0.16104497354497355
3 0.701140873015873 0.4001322751322751 0.07862103174603174 0.08796296296296297
3 0.45349702380952384 0.35730820105820105 0.05233134920634921 0.0744047619047619
3 0.6736111111111112 0.30869708994708994 0.060267857142857144 0.07506613756613757
2 0.47867063492063494 0.19477513227513227 0.053075396825396824 0.08300264550264551
5 0.3870287698412698 0.5854828042328042 0.039186507936507936 0.13988095238095238
2 0.5890376984126984 0.1984126984126984 0.05654761904761905 0.10681216931216932
5 0.5192212301587301 0.32787698412698413 0.021825396825396824 0.06746031746031746
3 0.544890873015873 0.20105820105820105 0.031746031746031744 0.036375661375661374
3 0.6432291666666666 0.27033730158730157 0.044642857142857144 0.05720899470899471
6 0.3862847222222222 0.2800925925925926 0.08035714285714286 0.06746031746031746
2 0.857390873015873 0.1734457671957672 0.029265873015873016 0.04365079365079365
5 0.558655753968254 0.291005291005291 0.018105158730158732 0.061507936507936505
3 0.4742063492063492 0.2554563492063492 0.043154761904761904 0.052248677248677246
5 0.9030257936507936 0.24272486772486773 0.015128968253968254 0.04265873015873016
5 0.5319940476190477 0.23842592592592593 0.013392857142857142 0.04332010582010582
5 0.5125248015873016 0.23941798941798942 0.015128968253968254 0.04332010582010582
5 0.8854166666666666 0.23330026455026456 0.015128968253968254 0.03968253968253968
0 0.4366319444444444 0.6922949735449735 0.031746031746031744 0.011904761904761904
0 0.9468005952380952 0.9563492063492064 0.04861111111111111 0.017526455026455025
0 0.7118055555555556 0.5720899470899471 0.030257936507936508 0.011574074074074073
1 0.5283978174603174 0.5367063492063492 0.018105158730158732 0.013888888888888888
3 0.6569940476190477 0.2412367724867725 0.035962301587301584 0.044642857142857144
3 0.6940600198412697 0.16348875661375661 0.022140376984126985 0.0238260582010582
5 0.7206101190476191 0.2743055555555556 0.021081349206349208 0.05787037037037037
5 0.4609375 0.27414021164021163 0.018105158730158732 0.056216931216931214
5 0.4392361111111111 0.24768518518518517 0.015376984126984126 0.04728835978835979
5 0.8689236111111112 0.22817460317460317 0.013640873015873016 0.03935185185185185
3 0.8775992063492064 0.20333994708994707 0.035476190476190474 0.040453042328042324
5 0.2883184523809524 0.29993386243386244 0.034722222222222224 0.04894179894179894
5 0.7018849206349206 0.2873677248677249 0.018353174603174604 0.05853174603174603
5 0.6772643849206349 0.22517857142857145 0.01328125 0.03740410052910053
5 0.6876240079365079 0.2561177248677249 0.018353174603174604 0.040674603174603176
5 0.6281001984126984 0.18452380952380953 0.010168650793650794 0.030753968253968252
5 0.008928571428571428 0.40327380952380953 0.017609126984126984 0.06878306878306878
5 0.2328125 0.3965542328042328 0.02366071428571429 0.09370039682539684
5 0.8460391865079365 0.27372354497354495 0.01064484126984127 0.05328042328042328
5 0.8536284722222222 0.2599966931216931 0.014308035714285714 0.048161375661375655
2 0.6026289682539683 0.3185119047619047 0.07023561507936509 0.1167691798941799
1 0.3326438492063492 0.5015608465608465 0.015885416666666666 0.011888227513227514
5 0.5154191468253968 0.18977513227513226 0.01060763888888889 0.03342923280423281
3 0.515515873015873 0.1729298941798942 0.023529265873015875 0.02494378306878307
3 0.5315228174603175 0.16560185185185183 0.020828373015873015 0.023144841269841267
3 0.5293998015873016 0.15287367724867726 0.04590029761904762 0.024427910052910055
3 0.6659920634920635 0.17455357142857145 0.025930059523809522 0.028561507936507937
3 0.6309027777777778 0.15407407407407409 0.025930059523809522 0.0248015873015873
5 0.6486582341269841 0.2074371693121693 0.011274801587301587 0.027807539682539684
5 0.6641592261904762 0.21044312169312168 0.010709325396825396 0.02630621693121693
5 0.6747991071428572 0.1961607142857143 0.008878968253968254 0.029312169312169314
5 0.9071626984126984 0.19434854497354498 0.011371527777777777 0.03246362433862434
5 0.8997941468253968 0.18377645502645504 0.009771825396825397 0.028832671957671956
5 0.8924255952380953 0.17427248677248677 0.00880952380952381 0.02861772486772487
3 0.9211780753968254 0.1673313492063492 0.020823412698412695 0.023707010582010583
3 0.9120486111111111 0.15291666666666667 0.019541170634920637 0.021355820105820104