3 0.2208581349206349 0.839781746031746 0.26512896825396826 0.32043650793650796
3 0.5966021825396826 0.751818783068783 0.21924603174603174 0.32837301587301587
5 0.8560267857142857 0.6221891534391535 0.14260912698412698 0.18485449735449735
3 0.4585813492063492 0.484457671957672 0.13095238095238096 0.1597222222222222
3 0.4894593253968254 0.36789021164021163 0.09523809523809523 0.11408730158730158
3 0.2683531746031746 0.47685185185185186 0.12648809523809523 0.17592592592592593
5 0.36235119047619047 0.45783730158730157 0.04117063492063492 0.12334656084656084
6 0.45523313492063494 0.1865079365079365 0.06522817460317461 0.1283068783068783
5 0.3619791666666667 0.5932539682539683 0.052083333333333336 0.18088624338624337
3 0.058159722222222224 0.4054232804232804 0.08581349206349206 0.12202380952380952
5 0.3865327380952381 0.28918650793650796 0.030009920634920636 0.08895502645502645
5 0.4894593253968254 0.056712962962962965 0.015376984126984126 0.04728835978835979
0 0.6138392857142857 0.8839285714285714 0.050595238095238096 0.01984126984126984
5 0.4678819444444444 0.06183862433862434 0.013392857142857142 0.04431216931216931
0 0.4687053571428571 0.5370667989417989 0.03080109126984127 0.013425925925925926
1 0.26537698412698413 0.534074074074074 0.02291418650793651 0.016180555555555556
1 0.4968179563492064 0.3983101851851852 0.01777281746031746 0.014209656084656084
4 0.03421378968253968 0.5172222222222222 0.039243551587301584 0.08989417989417989