5 0.25210813492063494 0.7615740740740741 0.06547619047619048 0.23842592592592593
3 0.20200892857142858 0.2662037037037037 0.11135912698412699 0.11044973544973545
5 0.13578869047619047 0.7686838624338624 0.06820436507936507 0.2328042328042328
5 0.4939236111111111 0.646494708994709 0.06746031746031746 0.20535714285714285
5 0.0496031746031746 0.4417989417989418 0.06076388888888889 0.15013227513227514
5 0.07018849206349206 0.5107473544973545 0.05555555555555555 0.16038359788359788
5 0.3411458333333333 0.39798280423280424 0.041914682539682536 0.12698412698412698
5 0.6519097222222222 0.3220899470899471 0.03273809523809524 0.105489417989418
5 0.5395585317460317 0.3273809523809524 0.032242063492063495 0.1078042328042328
6 0.5730406746031746 0.15013227513227514 0.05406746031746032 0.0796957671957672
3 0.40513392857142855 0.1349206349206349 0.04365079365079365 0.049933862433862435
3 0.6050347222222222 0.10730820105820106 0.0441468253968254 0.05191798941798942
5 0.27132936507936506 0.31299603174603174 0.03298611111111111 0.09424603174603174
5 0.5220734126984127 0.23429232804232805 0.023809523809523808 0.0787037037037037
3 0.6094990079365079 0.04447751322751323 0.025793650793650792 0.027447089947089946
5 0.3107638888888889 0.25132275132275134 0.026041666666666668 0.08035714285714286
5 0.5198412698412699 0.13640873015873015 0.017609126984126984 0.050595238095238096
5 0.43092757936507936 0.18766534391534392 0.020833333333333332 0.0625
5 0.49255952380952384 0.17609126984126985 0.0220734126984127 0.06349206349206349
5 0.37524801587301587 0.16286375661375663 0.030009920634920636 0.056216931216931214
5 0.014260912698412698 0.29828042328042326 0.028273809523809524 0.09358465608465609
5 0.28422619047619047 0.22056878306878308 0.0220734126984127 0.06547619047619048
5 0.25669642857142855 0.18501984126984128 0.04141865079365079 0.05357142857142857
3 0.6300843253968254 0.028604497354497355 0.02058531746031746 0.023478835978835978
3 0.39856150793650796 0.057374338624338626 0.030753968253968252 0.03306878306878307
5 0.5434027777777778 0.06498015873015874 0.012896825396825396 0.04034391534391534
5 0.8337053571428571 0.0916005291005291 0.014632936507936508 0.03935185185185185
3 0.8377976190476191 0.026124338624338623 0.023561507936507936 0.022817460317460316
5 0.9926835317460317 0.06630291005291006 0.014384920634920634 0.049933862433862435
5 0.4361359126984127 0.09871031746031746 0.016617063492063492 0.045965608465608467