3 0.9386160714285714 0.33366402116402116 0.12152777777777778 0.2046957671957672
6 0.2847222222222222 0.4332010582010582 0.27653769841269843 0.5598544973544973
3 0.8545386904761905 0.15608465608465608 0.08556547619047619 0.09986772486772487
5 0.6236359126984127 0.8325066137566137 0.11185515873015874 0.30357142857142855
3 0.9166666666666666 0.03455687830687831 0.048859126984126984 0.051587301587301584
3 0.5435267857142857 0.20717592592592593 0.07242063492063493 0.11044973544973545
3 0.7769097222222222 0.0419973544973545 0.04439484126984127 0.05191798941798942
5 0.7368551587301587 0.6486441798941799 0.06746031746031746 0.22156084656084657
5 0.7467757936507936 0.27645502645502645 0.03125 0.103505291005291
3 0.05865575396825397 0.1595568783068783 0.06572420634920635 0.07341269841269842
5 0.058159722222222224 0.47867063492063494 0.0597718253968254 0.1712962962962963
5 0.5772569444444444 0.2900132275132275 0.037698412698412696 0.10582010582010581
3 0.5530753968253969 0.14384920634920634 0.05580357142857143 0.06878306878306878
5 0.7096974206349206 0.24503968253968253 0.03298611111111111 0.09457671957671958
5 0.6889880952380952 0.20403439153439154 0.0248015873015873 0.07936507936507936
5 0.7599206349206349 0.20072751322751323 0.027529761904761904 0.08068783068783068
3 0.9637896825396826 0.7473544973544973 0.07192460317460317 0.3326719576719577
1 0.3162202380952381 0.6451719576719577 0.029513888888888888 0.023478835978835978
5 0.8448660714285714 0.08978174603174603 0.023313492063492064 0.037698412698412696
5 0.7757936507936508 0.12003968253968254 0.0220734126984127 0.06382275132275132
5 0.0339781746031746 0.3759920634920635 0.043402777777777776 0.11408730158730158
5 0.5798611111111112 0.09176587301587301 0.019097222222222224 0.0539021164021164
3 0.1226438492063492 0.24603174603174602 0.06845238095238096 0.1388888888888889
5 0.9717261904761905 0.10846560846560846 0.023313492063492064 0.0625
5 0.8018353174603174 0.10102513227513228 0.01984126984126984 0.0582010582010582
5 0.7321428571428571 0.1529431216931217 0.02554563492063492 0.07208994708994709
5 0.08345734126984126 0.1281415343915344 0.023313492063492064 0.060515873015873016
5 0.9593253968253969 0.03439153439153439 0.016865079365079364 0.04398148148148148
5 0.9931795634920635 0.05423280423280423 0.013640873015873016 0.05026455026455026
5 0.9573412698412699 0.09226190476190477 0.021081349206349208 0.06183862433862434
5 0.7316468253968254 0.07341269841269842 0.018353174603174604 0.052248677248677246
5 0.7212301587301587 0.013227513227513227 0.01314484126984127 0.026455026455026454
5 0.7523561507936508 0.009093915343915343 0.01636904761904762 0.018187830687830687
5 0.9445684523809523 0.022817460317460316 0.01488095238095238 0.03736772486772487
1 0.9399776785714286 0.4075859788359788 0.020823412698412695 0.013875661375661376
3 0.5202132936507936 0.023974867724867725 0.05654761904761905 0.04794973544973545
5 0.7786458333333334 0.005952380952380952 0.012152777777777778 0.011574074074074073
5 0.3939732142857143 0.35168650793650796 0.03422619047619048 0.09391534391534391
1 0.5433110119047619 0.24386574074074074 0.012884424603174604 0.009477513227513227
1 0.8641195436507937 0.18536044973544974 0.01285218253968254 0.008743386243386244