3 0.18998015873015872 0.7354497354497355 0.28100198412698413 0.4226190476190476
3 0.4211309523809524 0.33664021164021163 0.12078373015873016 0.14186507936507936
5 0.6929563492063492 0.7341269841269841 0.07142857142857142 0.25496031746031744
5 0.6551339285714286 0.5333994708994709 0.05853174603174603 0.19510582010582012
3 0.4973958333333333 0.19047619047619047 0.07118055555555555 0.08597883597883597
3 0.5842013888888888 0.1400462962962963 0.06572420634920635 0.08697089947089948
5 0.23933531746031747 0.44560185185185186 0.05084325396825397 0.16203703703703703
3 0.3168402777777778 0.1909722222222222 0.07738095238095238 0.08697089947089948
3 0.8794642857142857 0.1195436507936508 0.056299603174603176 0.06415343915343916
5 0.5770089285714286 0.7098214285714286 0.08333333333333333 0.23578042328042328
5 0.0703125 0.38822751322751325 0.05555555555555555 0.13822751322751323
6 0.6469494047619048 0.07903439153439154 0.05679563492063492 0.1078042328042328
5 0.2934027777777778 0.3158068783068783 0.037698412698412696 0.12433862433862433
3 0.5463789682539683 0.10102513227513228 0.04985119047619048 0.05919312169312169
3 0.5894097222222222 0.05505952380952381 0.044642857142857144 0.05423280423280423
5 0.4262152777777778 0.21593915343915343 0.03422619047619048 0.09722222222222222
2 0.4052579365079365 0.053075396825396824 0.09647817460317461 0.10615079365079365
5 0.31274801587301587 0.2412367724867725 0.03546626984126984 0.09623015873015874
3 0.6645585317460317 0.02066798941798942 0.034722222222222224 0.03835978835978836
5 0.22073412698412698 0.15988756613756613 0.04241071428571429 0.0667989417989418
1 0.4009176587301587 0.37781084656084657 0.018849206349206348 0.01488095238095238
5 0.458953373015873 0.15343915343915343 0.025793650793650792 0.07837301587301587
5 0.4262152777777778 0.12566137566137567 0.02132936507936508 0.06712962962962964
4 0.4487847222222222 0.949239417989418 0.08754960317460317 0.10152116402116403
5 0.24987599206349206 0.16302910052910052 0.0339781746031746 0.07705026455026455
5 0.49193948412698413 0.04017857142857143 0.015625 0.04563492063492063
5 0.5065724206349206 0.07523148148148148 0.016865079365079364 0.05125661375661376
5 0.4593253968253968 0.09523809523809523 0.018105158730158732 0.05423280423280423
5 0.7007688492063492 0.08961640211640212 0.02132936507936508 0.05919312169312169
0 0.15389384920634921 0.9234457671957672 0.0625 0.01917989417989418
5 0.47681051587301587 0.062169312169312166 0.016617063492063492 0.04894179894179894
3 0.6041666666666666 0.008763227513227513 0.03869047619047619 0.017526455026455025
5 0.5582837301587301 0.02513227513227513 0.013640873015873016 0.04365079365079365
5 0.5292931547619047 0.042017195767195765 0.013583829365079366 0.0446031746031746
5 0.5405505952380952 0.05787037037037037 0.021081349206349208 0.03207671957671958
5 0.3400297619047619 0.10119047619047619 0.02976190476190476 0.0582010582010582
5 0.5409474206349206 0.029947089947089948 0.012296626984126985 0.03647156084656085