3 0.2875434027777778 0.3975694444444444 0.2131076388888889 0.2523148148148148
3 0.11284722222222222 0.5988136574074074 0.224609375 0.2667824074074074
5 0.4296875 0.7654803240740741 0.09700520833333333 0.2913773148148148
5 0.8873697916666666 0.8443287037037037 0.1015625 0.3113425925925926
5 0.5925564236111112 0.7170138888888888 0.08463541666666667 0.28096064814814814
3 0.6378038194444444 0.047309027777777776 0.1911892361111111 0.0943287037037037
5 0.5707465277777778 0.43648726851851855 0.061197916666666664 0.1987847222222222
5 0.8371310763888888 0.3326099537037037 0.07074652777777778 0.1831597222222222
5 0.9245876736111112 0.7132523148148148 0.09483506944444445 0.27806712962962965
3 0.9450954861111112 0.08622685185185185 0.109375 0.10532407407407407
5 0.14127604166666666 0.41695601851851855 0.05967881944444445 0.1166087962962963
5 0.3904079861111111 0.12991898148148148 0.042534722222222224 0.1284722222222222
5 0.030707465277777776 0.23857060185185186 0.04578993055555555 0.1484375
5 0.3464626736111111 0.0763888888888889 0.03884548611111111 0.11400462962962964
5 0.1597222222222222 0.08217592592592593 0.035590277777777776 0.1015625
3 0.3003472222222222 0.03804976851851852 0.08441840277777778 0.07609953703703703
5 0.08333333333333333 0.12962962962962962 0.039496527777777776 0.1316550925925926
5 0.1525607638888889 0.1792534722222222 0.044921875 0.14207175925925927
5 0.08854166666666667 0.03530092592592592 0.031901041666666664 0.07060185185185185
5 0.052734375 0.10083912037037036 0.034505208333333336 0.12239583333333333
1 0.1404079861111111 0.6950231481481481 0.03689236111111111 0.027488425925925927
3 0.14680989583333334 0.01880787037037037 0.09049479166666667 0.03732638888888889
5 0.04079861111111111 0.045572916666666664 0.036458333333333336 0.09085648148148148
0 0.3093532986111111 0.4678819444444444 0.04774305555555555 0.01765046296296296
5 0.010633680555555556 0.020833333333333332 0.021050347222222224 0.04137731481481482
5 0.76953125 0.9513888888888888 0.12261284722222222 0.09693287037037036
1 0.2998046875 0.046296296296296294 0.015407986111111112 0.011574074074074073
1 0.7132161458333334 0.06032986111111111 0.012586805555555556 0.01273148148148148