3 0.6030505952380952 0.36326058201058203 0.12549603174603174 0.17394179894179895
3 0.19456845238095238 0.3525132275132275 0.14285714285714285 0.1421957671957672
3 0.4525049603174603 0.32523148148148145 0.10218253968253968 0.12533068783068782
3 0.18328373015873015 0.21709656084656084 0.11334325396825397 0.10978835978835978
3 0.4742063492063492 0.12351190476190477 0.05580357142857143 0.07341269841269842
3 0.5034722222222222 0.07622354497354497 0.04538690476190476 0.06018518518518518
3 0.6417410714285714 0.06944444444444445 0.04017857142857143 0.047619047619047616
3 0.5837053571428571 0.01570767195767196 0.028769841269841268 0.03141534391534392
3 0.3854166666666667 0.08548280423280423 0.044642857142857144 0.050595238095238096
5 0.6360367063492064 0.23346560846560846 0.028769841269841268 0.09126984126984126
5 0.5465029761904762 0.14699074074074073 0.01984126984126984 0.06580687830687831
5 0.5928819444444444 0.0625 0.01636904761904762 0.04497354497354497
5 0.5553075396825397 0.083994708994709 0.01711309523809524 0.05125661375661376
5 0.972594246031746 0.07357804232804233 0.018849206349206348 0.04563492063492063
5 0.5766369047619048 0.10085978835978836 0.016865079365079364 0.05588624338624339
2 0.06770833333333333 0.5631613756613757 0.13516865079365079 0.3402777777777778
3 0.8125 0.056878306878306875 0.033234126984126984 0.04828042328042328
5 0.5966021825396826 0.24289021164021163 0.028521825396825396 0.07374338624338625
5 0.5849454365079365 0.21941137566137567 0.028769841269841268 0.08134920634920635
5 0.8206845238095238 0.10466269841269842 0.01711309523809524 0.06117724867724868
5 0.26574900793650796 0.1701388888888889 0.021577380952380952 0.0625
5 0.34598214285714285 0.08978174603174603 0.016617063492063492 0.05092592592592592
3 0.6510416666666666 0.011078042328042327 0.02976190476190476 0.022156084656084655
0 0.15760416666666668 0.2501157407407407 0.01900793650793651 0.00695436507936508
5 0.2478918650793651 0.1572420634920635 0.023809523809523808 0.060515873015873016
0 0.5943700396825397 0.4209656084656085 0.029017857142857144 0.011243386243386243
5 0.4286954365079365 0.10201719576719577 0.016865079365079364 0.05357142857142857
0 0.4412202380952381 0.36226851851851855 0.026537698412698412 0.00958994708994709
5 0.41530257936507936 0.09143518518518519 0.014632936507936508 0.05191798941798942
5 0.6166914682539683 0.011574074074074073 0.012152777777777778 0.023148148148148147
5 0.6336805555555556 0.024966931216931217 0.012648809523809524 0.03835978835978836
5 0.5395585317460317 0.023478835978835978 0.024553571428571428 0.045304232804232805
5 0.6775793650793651 0.019675925925925927 0.011160714285714286 0.03306878306878307
5 0.4991319444444444 0.03207671957671958 0.01240079365079365 0.03009259259259259
0 0.15836061507936508 0.3976653439153439 0.025721726190476187 0.009735449735449736
4 0.3772941468253968 0.035333994708994704 0.009412202380952382 0.03359457671957672
4 0.3968427579365079 0.024229497354497354 0.009702380952380952 0.034173280423280425