3 0.3559027777777778 0.3802910052910053 0.14186507936507936 0.16567460317460317
3 0.6982886904761905 0.28290343915343913 0.11086309523809523 0.16865079365079366
5 0.2996031746031746 0.777281746031746 0.07713293650793651 0.24702380952380953
2 0.4599454365079365 0.09292328042328042 0.11086309523809523 0.16170634920634921
3 0.5652281746031746 0.19510582010582012 0.0798611111111111 0.09788359788359788
3 0.36259920634920634 0.20122354497354497 0.08878968253968254 0.11441798941798942
3 0.6223958333333334 0.07953042328042328 0.053075396825396824 0.06084656084656084
5 0.47966269841269843 0.26868386243386244 0.04017857142857143 0.11044973544973545
5 0.6178075396825397 0.257771164021164 0.0339781746031746 0.11044973544973545
5 0.19543650793650794 0.8346560846560847 0.11631944444444445 0.3306878306878307
5 0.3158482142857143 0.29927248677248675 0.044890873015873016 0.12301587301587301
5 0.7275545634920635 0.04034391534391534 0.017361111111111112 0.05291005291005291
5 0.40773809523809523 0.1724537037037037 0.029265873015873016 0.08267195767195767
1 0.3298611111111111 0.43039021164021163 0.020337301587301588 0.01521164021164021
5 0.6742311507936508 0.04662698412698413 0.016617063492063492 0.05125661375661376
4 0.03844246031746032 0.2569444444444444 0.02554563492063492 0.082010582010582
5 0.5414186507936508 0.07721560846560846 0.01984126984126984 0.06283068783068783
5 0.5647321428571429 0.031580687830687834 0.019097222222222224 0.04497354497354497
5 0.5634920634920635 0.1207010582010582 0.0248015873015873 0.056878306878306875
5 0.5793650793650794 0.10912698412698413 0.020337301587301588 0.06845238095238096
5 0.6908482142857143 0.017195767195767195 0.01488095238095238 0.03439153439153439
5 0.6140873015873016 0.025297619047619048 0.016865079365079364 0.046957671957671955
0 0.6929985119047619 0.3197850529100529 0.026339285714285714 0.01025132275132275
5 0.6000744047619048 0.05076058201058201 0.017361111111111112 0.05026455026455026
5 0.5923859126984127 0.02066798941798942 0.014384920634920634 0.041005291005291
1 0.5589037698412699 0.22106481481481483 0.014632936507936508 0.00992063492063492
5 0.5595238095238095 0.07192460317460317 0.020833333333333332 0.0582010582010582
1 0.4486607142857143 0.15889550264550265 0.011904761904761904 0.009259259259259259
0 0.3570486111111111 0.23607142857142857 0.02050843253968254 0.007076719576719576