3 0.2588045634920635 0.6322751322751323 0.18030753968253968 0.20667989417989419
5 0.5558035714285714 0.7865410052910053 0.08010912698412699 0.230489417989418
5 0.322296626984127 0.7795965608465608 0.07738095238095238 0.22453703703703703
5 0.03720238095238095 0.6569113756613757 0.060515873015873016 0.18121693121693122
5 0.07725694444444445 0.5671296296296297 0.05803571428571429 0.15575396825396826
5 0.11966765873015874 0.4871031746031746 0.047371031746031744 0.13095238095238096
3 0.3267609126984127 0.296957671957672 0.0974702380952381 0.10747354497354497
5 0.5034722222222222 0.5803571428571429 0.04712301587301587 0.16534391534391535
5 0.46205357142857145 0.6569113756613757 0.05381944444444445 0.18584656084656084
5 0.597594246031746 0.4566798941798942 0.038938492063492064 0.12169312169312169
3 0.8275049603174603 0.19047619047619047 0.05133928571428571 0.06646825396825397
5 0.24987599206349206 0.4751984126984127 0.040426587301587304 0.12334656084656084
5 0.326140873015873 0.3725198412698413 0.03249007936507937 0.09986772486772487
5 0.2760416666666667 0.4333664021164021 0.03794642857142857 0.11607142857142858
5 0.7740575396825397 0.41947751322751325 0.03273809523809524 0.11574074074074074
5 0.7942708333333334 0.3169642857142857 0.03125 0.08796296296296297
5 0.5478670634920635 0.32076719576719576 0.028769841269841268 0.0916005291005291
5 0.6108630952380952 0.39699074074074076 0.03546626984126984 0.10284391534391535
1 0.2279265873015873 0.6884920634920635 0.02628968253968254 0.018849206349206348
5 0.5961061507936508 0.29728835978835977 0.028521825396825396 0.08432539682539683
5 0.7476438492063492 0.2622354497354497 0.024305555555555556 0.07374338624338625
5 0.6088789682539683 0.19907407407407407 0.018105158730158732 0.051587301587301584
5 0.7963789682539683 0.207010582010582 0.0220734126984127 0.0625
5 0.6603422619047619 0.2595899470899471 0.024057539682539684 0.07407407407407407
5 0.6335565476190477 0.2199074074074074 0.021577380952380952 0.06117724867724868
5 0.47172619047619047 0.34077380952380953 0.03125 0.10284391534391535
5 0.6971726190476191 0.22718253968253968 0.021577380952380952 0.06349206349206349
5 0.544890873015873 0.24553571428571427 0.023065476190476192 0.06944444444444445
5 0.7369791666666666 0.19328703703703703 0.020337301587301588 0.05886243386243386
5 0.4384920634920635 0.21676587301587302 0.02058531746031746 0.06514550264550265
5 0.7683531746031746 0.13855820105820105 0.014632936507936508 0.04133597883597884
5 0.6837797619047619 0.15823412698412698 0.01636904761904762 0.04861111111111111
5 0.5458829365079365 0.18667328042328044 0.017857142857142856 0.05555555555555555
5 0.48561507936507936 0.2863756613756614 0.0248015873015873 0.07738095238095238
5 0.5855654761904762 0.21709656084656084 0.022321428571428572 0.05489417989417989
5 0.566344246031746 0.25992063492063494 0.024057539682539684 0.06944444444444445
5 0.6717509920634921 0.20717592592592593 0.017609126984126984 0.05489417989417989
3 0.8446180555555556 0.09523809523809523 0.03720238095238095 0.02943121693121693
5 0.8681795634920635 0.16881613756613756 0.01240079365079365 0.05092592592592592
5 0.48896329365079366 0.24801587301587302 0.027529761904761904 0.06117724867724868
5 0.8149801587301587 0.12632275132275134 0.01240079365079365 0.036375661375661374
5 0.5887896825396826 0.26157407407407407 0.025049603174603176 0.07208994708994709
5 0.7109375 0.18072089947089948 0.017857142857142856 0.04927248677248677
5 0.6631944444444444 0.19047619047619047 0.016617063492063492 0.05324074074074074
5 0.4583333333333333 0.3210978835978836 0.024057539682539684 0.07837301587301587
5 0.6047867063492064 0.1648478835978836 0.016865079365079364 0.04398148148148148
5 0.7281746031746031 0.15790343915343916 0.01488095238095238 0.04828042328042328