3 0.4435763888888889 0.9130291005291006 0.2041170634920635 0.17394179894179895
3 0.30183531746031744 0.638723544973545 0.1378968253968254 0.15674603174603174
3 0.2261904761904762 0.5234788359788359 0.11929563492063493 0.125
5 0.2876984126984127 0.8857473544973545 0.08308531746031746 0.22850529100529102
6 0.33370535714285715 0.3921957671957672 0.08556547619047619 0.13194444444444445
5 0.8666914682539683 0.7290013227513228 0.07043650793650794 0.17989417989417988
3 0.39732142857142855 0.4373346560846561 0.07837301587301587 0.0916005291005291
5 0.42373511904761907 0.7516534391534392 0.0662202380952381 0.16865079365079366
5 0.8291170634920635 0.9105489417989417 0.07118055555555555 0.1789021164021164
5 0.6583581349206349 0.8080357142857143 0.057291666666666664 0.19642857142857142
3 0.5267857142857143 0.38492063492063494 0.059027777777777776 0.07308201058201058
5 0.14260912698412698 0.6420304232804233 0.046378968253968256 0.13921957671957672
3 0.6719990079365079 0.466765873015873 0.08705357142857142 0.13161375661375663
5 0.5071924603174603 0.6517857142857143 0.043402777777777776 0.15013227513227514
3 0.5927579365079365 0.3463955026455027 0.05133928571428571 0.0667989417989418
5 0.4681299603174603 0.5813492063492064 0.03794642857142857 0.12301587301587301
5 0.6682787698412699 0.5806878306878307 0.041666666666666664 0.12301587301587301
3 0.6455853174603174 0.4085648148148148 0.06448412698412699 0.08134920634920635
6 0.9713541666666666 0.35168650793650796 0.057291666666666664 0.1636904761904762
3 0.7936507936507936 0.23875661375661375 0.03149801587301587 0.03373015873015873
5 0.7518601190476191 0.5335648148148148 0.044642857142857144 0.11144179894179894
5 0.8079117063492064 0.6312830687830688 0.047867063492063495 0.13988095238095238
5 0.4480406746031746 0.3794642857142857 0.023809523809523808 0.06514550264550265
3 0.5744047619047619 0.2671957671957672 0.028025793650793652 0.04563492063492063
5 0.7843501984126984 0.5901124338624338 0.03447420634920635 0.11474867724867725
5 0.783234126984127 0.28488756613756616 0.015128968253968254 0.0419973544973545
5 0.4851190476190476 0.3010912698412698 0.015376984126984126 0.045965608465608467
5 0.42931547619047616 0.2923280423280423 0.017857142857142856 0.04034391534391534
3 0.5343501984126984 0.25793650793650796 0.027777777777777776 0.041666666666666664
5 0.4645337301587302 0.2977843915343915 0.014632936507936508 0.0419973544973545
5 0.5615079365079365 0.32060185185185186 0.016121031746031748 0.04828042328042328
5 0.25148809523809523 0.4168320105820106 0.021577380952380952 0.06746031746031746
5 0.6140873015873016 0.2853835978835979 0.013640873015873016 0.042328042328042326
5 0.5343501984126984 0.28869047619047616 0.013392857142857142 0.03902116402116402
0 0.27827380952380953 0.6881613756613757 0.032242063492063495 0.010912698412698412
3 0.24268353174603174 0.3941798941798942 0.10788690476190477 0.05886243386243386
5 0.6252480158730159 0.31283068783068785 0.014136904761904762 0.04861111111111111
5 0.5481150793650794 0.35284391534391535 0.017361111111111112 0.04133597883597884
1 0.3865600198412698 0.4603835978835979 0.012189980158730159 0.00933531746031746
5 0.48648313492063494 0.2490079365079365 0.010912698412698412 0.03306878306878307
1 0.31721230158730157 0.4408068783068783 0.010416666666666666 0.006613756613756613
0 0.20354662698412698 0.5662103174603175 0.022767857142857142 0.008637566137566138