3 0.09759424603174603 0.6048280423280423 0.19518849206349206 0.24933862433862433
3 0.3531746031746032 0.2435515873015873 0.10491071428571429 0.105489417989418
3 0.18365575396825398 0.19576719576719576 0.11235119047619048 0.11276455026455026
5 0.27219742063492064 0.6398809523809523 0.06473214285714286 0.2152777777777778
5 0.21552579365079366 0.32159391534391535 0.04017857142857143 0.1173941798941799
6 0.5295138888888888 0.09457671957671958 0.08556547619047619 0.1283068783068783
5 0.5415426587301587 0.3384589947089947 0.040674603174603176 0.12698412698412698
5 0.26674107142857145 0.2220568783068783 0.03447420634920635 0.09689153439153439
5 0.30939980158730157 0.3630952380952381 0.046130952380952384 0.13690476190476192
3 0.38740079365079366 0.06332671957671958 0.046130952380952384 0.051587301587301584
6 0.6479414682539683 0.06960978835978836 0.054563492063492064 0.10383597883597884
5 0.4463045634920635 0.19328703703703703 0.028025793650793652 0.08531746031746032
5 0.4572172619047619 0.046792328042328045 0.016617063492063492 0.04828042328042328
5 0.28931051587301587 0.15806878306878308 0.027529761904761904 0.07605820105820106
3 0.9758184523809523 0.04398148148148148 0.03422619047619048 0.04332010582010582
5 0.38566468253968256 0.1359126984126984 0.025297619047619048 0.06580687830687831
5 0.9696180555555556 0.11541005291005291 0.024305555555555556 0.0710978835978836
5 0.4507688492063492 0.10201719576719577 0.020089285714285716 0.05720899470899471
5 0.42671130952380953 0.12781084656084657 0.020089285714285716 0.06481481481481481
0 0.014012896825396826 0.6922949735449735 0.028025793650793652 0.01488095238095238
5 0.3741319444444444 0.16550925925925927 0.023065476190476192 0.05853174603174603
5 0.29712301587301587 0.3004298941798942 0.03993055555555555 0.10251322751322751
5 0.8250248015873016 0.027116402116402115 0.01711309523809524 0.051587301587301584
5 0.988219246031746 0.1552579365079365 0.023561507936507936 0.06944444444444445
5 0.34660218253968256 0.06696428571428571 0.017857142857142856 0.05257936507936508
0 0.32925595238095234 0.27302579365079366 0.02232886904761905 0.007430555555555555
5 0.9920634920634921 0.18452380952380953 0.015873015873015872 0.08796296296296297
0 0.15833085317460316 0.22862103174603177 0.01869295634920635 0.00675925925925926
5 0.48561507936507936 0.072255291005291 0.016121031746031748 0.051587301587301584
6 0.5191195436507937 0.028435846560846557 0.07078869047619048 0.054454365079365075