3 0.3790922619047619 0.44146825396825395 0.12202380952380952 0.1765873015873016
5 0.1974206349206349 0.6537698412698413 0.06125992063492063 0.20105820105820105
5 0.07502480158730158 0.5621693121693122 0.06820436507936507 0.18353174603174602
5 0.40736607142857145 0.8943452380952381 0.07688492063492064 0.2113095238095238
5 0.5343501984126984 0.6827050264550265 0.05828373015873016 0.20767195767195767
5 0.27331349206349204 0.3716931216931217 0.034722222222222224 0.11342592592592593
3 0.5684523809523809 0.22156084656084657 0.06076388888888889 0.07374338624338625
5 0.7437996031746031 0.45618386243386244 0.03844246031746032 0.13690476190476192
5 0.5457589285714286 0.367228835978836 0.03422619047619048 0.1164021164021164
5 0.025421626984126984 0.7445436507936508 0.05084325396825397 0.2222222222222222
5 0.3237847222222222 0.3209325396825397 0.03521825396825397 0.10052910052910052
5 0.40625 0.2628968253968254 0.028025793650793652 0.08432539682539683
3 0.49231150793650796 0.15889550264550265 0.047619047619047616 0.05357142857142857
5 0.36433531746031744 0.3394510582010582 0.037698412698412696 0.06183862433862434
5 0.29365079365079366 0.23561507936507936 0.026041666666666668 0.07539682539682539
1 0.36321924603174605 0.49173280423280424 0.020833333333333332 0.015542328042328041
5 0.4626736111111111 0.2222222222222222 0.025297619047619048 0.07275132275132275
5 0.42683531746031744 0.17774470899470898 0.019345238095238096 0.06117724867724868
5 0.7232142857142857 0.20006613756613756 0.021577380952380952 0.06812169312169312
3 0.6727430555555556 0.06365740740740741 0.032242063492063495 0.03439153439153439
5 0.6567460317460317 0.13012566137566137 0.017857142857142856 0.04563492063492063
5 0.5130208333333334 0.20006613756613756 0.022321428571428572 0.06911375661375661
5 0.5677083333333334 0.148478835978836 0.01636904761904762 0.04563492063492063
3 0.6555059523809523 0.19725529100529102 0.0662202380952381 0.09689153439153439
5 0.5435267857142857 0.17096560846560846 0.020337301587301588 0.06084656084656084
3 0.6969246031746031 0.0419973544973545 0.025297619047619048 0.032407407407407406
3 0.40029761904761907 0.0679563492063492 0.031994047619047616 0.035383597883597885
4 0.19990079365079366 0.26587301587301587 0.025793650793650792 0.09027777777777778
5 0.4947916666666667 0.18783068783068782 0.019345238095238096 0.05654761904761905
5 0.6021825396825397 0.1506283068783069 0.017857142857142856 0.04861111111111111
5 0.5556795634920635 0.12863756613756613 0.01711309523809524 0.052248677248677246
5 0.3687996031746032 0.16881613756613756 0.025049603174603176 0.0582010582010582
5 0.5911458333333334 0.17509920634920634 0.017609126984126984 0.0539021164021164
5 0.5060763888888888 0.10433201058201058 0.01636904761904762 0.045965608465608467
5 0.5434027777777778 0.07705026455026455 0.01314484126984127 0.03802910052910053
5 0.5822172619047619 0.08416005291005291 0.014136904761904762 0.03736772486772487
5 0.6080109126984127 0.11656746031746032 0.01636904761904762 0.04332010582010582
5 0.5726686507936508 0.10813492063492064 0.01488095238095238 0.040674603174603176
5 0.4955357142857143 0.09970238095238096 0.015625 0.04332010582010582
5 0.564484126984127 0.07936507936507936 0.01240079365079365 0.03670634920634921
4 0.3923784722222222 0.140244708994709 0.013687996031746032 0.04581679894179894