5 0.13268849206349206 0.8062169312169312 0.10168650793650794 0.27744708994708994
5 0.22457837301587302 0.41369047619047616 0.0496031746031746 0.16832010582010581
5 0.3872767857142857 0.3361441798941799 0.046875 0.14351851851851852
5 0.4124503968253968 0.20519179894179895 0.031746031746031744 0.09821428571428571
5 0.19233630952380953 0.22337962962962962 0.03720238095238095 0.11210317460317461
5 0.4506448412698413 0.11623677248677249 0.023313492063492064 0.0744047619047619
5 0.3395337301587302 0.1433531746031746 0.026785714285714284 0.08002645502645503
5 0.7315228174603174 0.033895502645502645 0.01636904761904762 0.05125661375661376
5 0.4781746031746032 0.07705026455026455 0.018353174603174604 0.05952380952380952
5 0.6485615079365079 0.013227513227513227 0.01314484126984127 0.026455026455026454
5 0.2759176587301587 0.1669973544973545 0.03571428571428571 0.08796296296296297
5 0.8725198412698413 0.03422619047619048 0.018601190476190476 0.049933862433862435
2 0.5246006944444445 0.1913756613756614 0.11011904761904762 0.19378306878306878
5 0.025421626984126984 0.14153439153439154 0.05084325396825397 0.05291005291005291
4 0.2528497023809524 0.09110119047619047 0.017192460317460315 0.0644212962962963
4 0.31415426587301587 0.05435185185185186 0.015461309523809525 0.056223544973544974