3 0.49702380952380953 0.42857142857142855 0.14037698412698413 0.21263227513227514
2 0.21378968253968253 0.4244378306878307 0.3524305555555556 0.44477513227513227
5 0.597718253968254 0.5916005291005291 0.05704365079365079 0.20337301587301587
3 0.6674107142857143 0.17278439153439154 0.06225198412698413 0.0710978835978836
3 0.49169146825396826 0.11623677248677249 0.05109126984126984 0.062169312169312166
5 0.732390873015873 0.396494708994709 0.04092261904761905 0.12797619047619047
3 0.5503472222222222 0.057539682539682536 0.033482142857142856 0.03902116402116402
3 0.5565476190476191 0.1789021164021164 0.05431547619047619 0.082010582010582
3 0.5691964285714286 0.12417328042328042 0.059027777777777776 0.06878306878306878
5 0.7341269841269841 0.26967592592592593 0.030753968253968252 0.09953703703703703
3 0.5891617063492064 0.07853835978835978 0.04141865079365079 0.0496031746031746
5 0.6257440476190477 0.21626984126984128 0.028769841269841268 0.08167989417989419
5 0.43712797619047616 0.13310185185185186 0.02058531746031746 0.04265873015873016
3 0.6128472222222222 0.03141534391534392 0.030009920634920636 0.03670634920634921
5 0.35044642857142855 0.18568121693121692 0.0248015873015873 0.0539021164021164
1 0.1597222222222222 0.6276455026455027 0.026785714285714284 0.018518518518518517
5 0.8546626984126984 0.0796957671957672 0.016617063492063492 0.042328042328042326
5 0.8767361111111112 0.09375 0.016617063492063492 0.04861111111111111
5 0.42745535714285715 0.08928571428571429 0.015625 0.045304232804232805
5 0.8324652777777778 0.11755952380952381 0.018353174603174604 0.052248677248677246
0 0.4887152777777778 0.484457671957672 0.0339781746031746 0.011574074074074073
5 0.4009176587301587 0.1228505291005291 0.019593253968253968 0.057539682539682536
2 0.40587797619047616 0.22933201058201058 0.09399801587301587 0.15608465608465608
5 0.5143849206349206 0.08416005291005291 0.019345238095238096 0.04794973544973545
5 0.6722470238095238 0.04017857142857143 0.01314484126984127 0.03835978835978836
5 0.5049206349206349 0.05040674603174603 0.013315972222222222 0.03906746031746032
5 0.6316964285714286 0.05324074074074074 0.013392857142857142 0.04265873015873016
3 0.8756200396825397 0.18518518518518517 0.024305555555555556 0.07473544973544974
3 0.3586309523809524 0.031580687830687834 0.023809523809523808 0.034722222222222224
5 0.5265376984126984 0.0517526455026455 0.012648809523809524 0.03935185185185185
5 0.5701711309523809 0.03432208994708995 0.011374007936507936 0.03386574074074074
5 0.5264136904761905 0.01273148148148148 0.011408730158730158 0.02546296296296296
5 0.4782093253968254 0.0801984126984127 0.013754960317460317 0.03229828042328042
5 0.48754960317460316 0.0669212962962963 0.010265376984126984 0.03311838624338625
4 0.28636160714285713 0.1400462962962963 0.01826636904761905 0.05945767195767196