3 0.5389384920634921 0.5560515873015873 0.18154761904761904 0.24537037037037038
5 0.12686011904761904 0.8923611111111112 0.1195436507936508 0.2152777777777778
5 0.5543154761904762 0.9135251322751323 0.10367063492063493 0.17294973544973544
3 0.3949652777777778 0.17311507936507936 0.08308531746031746 0.10681216931216932
5 0.8741319444444444 0.40790343915343913 0.057539682539682536 0.17261904761904762
5 0.25768849206349204 0.6142526455026455 0.0689484126984127 0.21693121693121692
5 0.4505208333333333 0.28290343915343913 0.03819444444444445 0.1283068783068783
5 0.35751488095238093 0.3619378306878307 0.04439484126984127 0.15079365079365079
5 0.6138392857142857 0.23644179894179895 0.03571428571428571 0.11408730158730158
5 0.5535714285714286 0.296792328042328 0.037450396825396824 0.1349206349206349
5 0.8205605158730159 0.1843584656084656 0.03422619047619048 0.10846560846560846
1 0.5108978174603175 0.6393287037037036 0.03146577380952381 0.023035714285714284
5 0.9155505952380952 0.06316137566137567 0.022817460317460316 0.06977513227513228
5 0.2698412698412698 0.13392857142857142 0.03050595238095238 0.08564814814814815
5 0.43005952380952384 0.08845899470899471 0.024553571428571428 0.07242063492063493
5 0.48747519841269843 0.1292989417989418 0.02628968253968254 0.08267195767195767
5 0.543030753968254 0.07258597883597884 0.022569444444444444 0.07142857142857142
5 0.3288690476190476 0.12450396825396826 0.023809523809523808 0.07837301587301587
5 0.3039434523809524 0.08994708994708994 0.022817460317460316 0.07275132275132275
5 0.17906746031746032 0.18931878306878308 0.03968253968253968 0.1130952380952381
5 0.5719246031746031 0.025297619047619048 0.018353174603174604 0.05026455026455026
5 0.5040922619047619 0.0603505291005291 0.019593253968253968 0.06746031746031746
5 0.4905753968253968 0.04811507936507937 0.018849206349206348 0.06183862433862434
5 0.5933779761904762 0.02166005291005291 0.019097222222222224 0.04332010582010582
5 0.5381944444444444 0.027281746031746032 0.018849206349206348 0.0496031746031746
5 0.5090525793650794 0.023974867724867725 0.018849206349206348 0.047619047619047616
3 0.43427579365079366 0.02447089947089947 0.05109126984126984 0.04894179894179894
5 0.42139632936507937 0.0364781746031746 0.028060515873015873 0.05435515873015873
1 0.39017609126984126 0.1973776455026455 0.013754960317460317 0.010720899470899471