6 0.3678075396825397 0.35896164021164023 0.1388888888888889 0.21031746031746032
3 0.0740327380952381 0.59375 0.1480654761904762 0.2027116402116402
3 0.1277281746031746 0.32523148148148145 0.13120039682539683 0.12797619047619047
5 0.7785218253968254 0.6622023809523809 0.06076388888888889 0.18816137566137567
5 0.4567212301587302 0.8827711640211641 0.08779761904761904 0.23445767195767195
3 0.5809771825396826 0.21213624338624337 0.060267857142857144 0.07308201058201058
5 0.6099950396825397 0.5079365079365079 0.047371031746031744 0.16236772486772486
3 0.5694444444444444 0.14269179894179895 0.046378968253968256 0.04563492063492063
2 0.15736607142857142 0.8120039682539683 0.31473214285714285 0.3759920634920635
5 0.5199652777777778 0.43270502645502645 0.03968253968253968 0.1302910052910053
5 0.2204861111111111 0.4935515873015873 0.04935515873015873 0.15641534391534392
5 0.6769593253968254 0.3115079365079365 0.029017857142857144 0.0992063492063492
5 0.23313492063492064 0.3275462962962963 0.03447420634920635 0.09887566137566138
5 0.5102926587301587 0.14583333333333334 0.015873015873015872 0.05291005291005291
5 0.7144097222222222 0.19857804232804233 0.02132936507936508 0.06349206349206349
3 0.699280753968254 0.08134920634920635 0.028273809523809524 0.032407407407407406
5 0.6592261904761905 0.13624338624338625 0.015376984126984126 0.051587301587301584
3 0.6630704365079365 0.06762566137566138 0.02554563492063492 0.02943121693121693
6 0.44853670634920634 0.2490079365079365 0.09250992063492064 0.14252645502645503
5 0.6194196428571429 0.15707671957671956 0.018353174603174604 0.054563492063492064
5 0.40600198412698413 0.14914021164021163 0.018105158730158732 0.05191798941798942
5 0.19801835317460317 0.26287037037037037 0.038983134920634925 0.0784292328042328
3 0.35925099206349204 0.08630952380952381 0.035962301587301584 0.03802910052910053
3 0.30071924603174605 0.32919973544973546 0.05555555555555555 0.12533068783068782
5 0.5652281746031746 0.07390873015873016 0.011656746031746032 0.03439153439153439
5 0.34337797619047616 0.21164021164021163 0.023313492063492064 0.06349206349206349
5 0.6842757936507936 0.09060846560846561 0.011904761904761904 0.03505291005291005
5 0.47333829365079366 0.15244708994708994 0.018601190476190476 0.052248677248677246
5 0.2818700396825397 0.2984457671957672 0.029017857142857144 0.08597883597883597
5 0.31125992063492064 0.25148809523809523 0.025297619047619048 0.047619047619047616
5 0.47879464285714285 0.08862433862433862 0.012648809523809524 0.03670634920634921
5 0.4955357142857143 0.0818452380952381 0.012648809523809524 0.03406084656084656
5 0.35044642857142855 0.23941798941798942 0.028273809523809524 0.046296296296296294
5 0.8451140873015873 0.11755952380952381 0.011904761904761904 0.04365079365079365
5 0.6352926587301587 0.0603505291005291 0.010416666666666666 0.030753968253968252
0 0.09808035714285714 0.36352182539682537 0.02155753968253968 0.007744708994708995
0 0.34263392857142855 0.4375 0.025049603174603176 0.009259259259259259
5 0.053427579365079365 0.26988756613756615 0.06068452380952381 0.04979497354497355