3 0.4404296875 0.8531539351851852 0.2643229166666667 0.2934027777777778
3 0.4973958333333333 0.1501736111111111 0.10828993055555555 0.12297453703703703
5 0.03146701388888889 0.6433738425925926 0.06293402777777778 0.2543402777777778
2 0.8014322916666666 0.3263888888888889 0.3639322916666667 0.5610532407407407
5 0.22667100694444445 0.4322916666666667 0.06879340277777778 0.19444444444444445
5 0.21875 0.7116608796296297 0.07899305555555555 0.29108796296296297
5 0.4153645833333333 0.4984085648148148 0.0685763888888889 0.20630787037037038
5 0.8470052083333334 0.027054398148148147 0.059027777777777776 0.054108796296296294
5 0.4640842013888889 0.28804976851851855 0.04383680555555555 0.15075231481481483
5 0.17740885416666666 0.15856481481481483 0.03624131944444445 0.1244212962962963
5 0.4067925347222222 0.19068287037037038 0.043402777777777776 0.13831018518518517
5 0.2445746527777778 0.3152488425925926 0.05164930555555555 0.16174768518518517
5 0.1875 0.5668402777777778 0.07942708333333333 0.22569444444444445
5 0.2648654513888889 0.1449652777777778 0.040364583333333336 0.11574074074074074
5 0.09385850694444445 0.033275462962962965 0.028428819444444444 0.06655092592592593
5 0.3538411458333333 0.046296296296296294 0.029296875 0.08969907407407407
5 0.4237196180555556 0.10431134259259259 0.03428819444444445 0.10561342592592593
6 0.6458333333333334 0.05005787037037037 0.12977430555555555 0.0998263888888889
5 0.2009548611111111 0.07725694444444445 0.034505208333333336 0.10040509259259259
5 0.2472873263888889 0.21252893518518517 0.044487847222222224 0.11689814814814815
5 0.6064453125 0.26461226851851855 0.03342013888888889 0.15306712962962962
5 0.5005425347222222 0.03587962962962963 0.028645833333333332 0.07175925925925926
5 0.4728732638888889 0.04701967592592592 0.030815972222222224 0.08940972222222222
5 0.2146267361111111 0.039496527777777776 0.030815972222222224 0.07899305555555555
1 0.8501519097222222 0.5839120370370371 0.032769097222222224 0.022569444444444444
5 0.4103732638888889 0.026909722222222224 0.024956597222222224 0.05381944444444445
0 0.5103081597222222 0.1814236111111111 0.026692708333333332 0.009837962962962963
5 0.8072916666666666 0.016927083333333332 0.04578993055555555 0.033854166666666664