3 0.1484375 0.3941798941798942 0.12251984126984126 0.11838624338624339
3 0.4358878968253968 0.39814814814814814 0.10441468253968254 0.11574074074074074
5 0.662078373015873 0.7934854497354498 0.061507936507936505 0.21428571428571427
5 0.35887896825396826 0.5560515873015873 0.049107142857142856 0.1541005291005291
2 0.47371031746031744 0.22007275132275134 0.0662202380952381 0.11408730158730158
5 0.24987599206349206 0.5367063492063492 0.04513888888888889 0.12962962962962962
5 0.3033234126984127 0.4748677248677249 0.03571428571428571 0.11838624338624339
5 0.5571676587301587 0.2900132275132275 0.022321428571428572 0.06547619047619048
5 0.6014384920634921 0.3958333333333333 0.029513888888888888 0.09424603174603174
3 0.03249007936507937 0.5090939153439153 0.06498015873015874 0.14682539682539683
6 0.5882936507936508 0.21726190476190477 0.05009920634920635 0.09027777777777778
5 0.3525545634920635 0.375 0.031746031746031744 0.08895502645502645
5 0.2673611111111111 0.3343253968253968 0.03149801587301587 0.0701058201058201
5 0.6000744047619048 0.3245701058201058 0.0248015873015873 0.06845238095238096
5 0.4227430555555556 0.22569444444444445 0.01636904761904762 0.044642857142857144
5 0.5179811507936508 0.21395502645502645 0.014632936507936508 0.04365079365079365
5 0.5469990079365079 0.2154431216931217 0.013640873015873016 0.04662698412698413
2 0.6608382936507936 0.16137566137566137 0.033234126984126984 0.04894179894179894
5 0.3333333333333333 0.27314814814814814 0.024553571428571428 0.05555555555555555
0 0.1209077380952381 0.4290244708994709 0.020731646825396827 0.007632275132275132
5 0.1775793650793651 0.6228505291005291 0.05654761904761905 0.06481481481481481
5 0.636780753968254 0.17774470899470898 0.011904761904761904 0.034722222222222224
5 0.8413665674603175 0.20026785714285714 0.013199404761904761 0.03615079365079365
5 0.619171626984127 0.14401455026455026 0.011160714285714286 0.027116402116402115
1 0.41822916666666665 0.43316798941798945 0.014243551587301588 0.011111111111111112
6 0.569171626984127 0.17386243386243386 0.03911954365079365 0.06434854497354497