3 0.6956845238095238 0.4305555555555556 0.12003968253968254 0.15145502645502645
2 0.3740079365079365 0.24636243386243387 0.18129960317460317 0.2361111111111111
2 0.22891865079365079 0.5702711640211641 0.2663690476190476 0.37996031746031744
3 0.5533234126984127 0.2349537037037037 0.08209325396825397 0.1130952380952381
3 0.6608382936507936 0.11144179894179894 0.042162698412698416 0.047619047619047616
3 0.5317460317460317 0.0851521164021164 0.04092261904761905 0.04828042328042328
3 0.6129712301587301 0.0539021164021164 0.03521825396825397 0.0419973544973545
5 0.10813492063492064 0.53505291005291 0.052083333333333336 0.17162698412698413
5 0.7054811507936508 0.20238095238095238 0.026537698412698412 0.07903439153439154
5 0.636780753968254 0.2835648148148148 0.031746031746031744 0.10218253968253968
3 0.582093253968254 0.09937169312169312 0.048859126984126984 0.055224867724867725
3 0.8742559523809523 0.07820767195767196 0.04563492063492063 0.05191798941798942
5 0.2364831349206349 0.2771164021164021 0.02976190476190476 0.09424603174603174
3 0.8432539682539683 0.11342592592592593 0.03273809523809524 0.05489417989417989
3 0.5704365079365079 0.13425925925925927 0.040674603174603176 0.06415343915343916
3 0.5932539682539683 0.036871693121693125 0.025297619047619048 0.03141534391534392
5 0.6223958333333334 0.10830026455026455 0.016865079365079364 0.04861111111111111
5 0.4480406746031746 0.09424603174603174 0.014384920634920634 0.042328042328042326
5 0.7062251984126984 0.1519510582010582 0.02058531746031746 0.05952380952380952
3 0.6409970238095238 0.02166005291005291 0.026041666666666668 0.031084656084656083
5 0.8839285714285714 0.15426587301587302 0.022321428571428572 0.06283068783068783
0 0.1665277777777778 0.7207572751322752 0.047958829365079364 0.016167328042328042
4 0.08432539682539683 0.25148809523809523 0.023809523809523808 0.07308201058201058
0 0.6966443452380953 0.4787003968253968 0.03221726190476191 0.010522486772486772
5 0.5535714285714286 0.05869708994708995 0.013888888888888888 0.03869047619047619
0 0.5497247023809523 0.25793650793650796 0.02084077380952381 0.0066302910052910054
3 0.8456101190476191 0.02099867724867725 0.02554563492063492 0.037037037037037035
5 0.4722222222222222 0.09325396825396826 0.020833333333333332 0.03670634920634921
5 0.8684275793650794 0.038525132275132275 0.011160714285714286 0.03306878306878307
5 0.46986607142857145 0.06861772486772487 0.013392857142857142 0.03869047619047619
5 0.5148809523809523 0.06101190476190476 0.01314484126984127 0.03505291005291005
4 0.24731894841269841 0.17241071428571428 0.023816964285714285 0.05984457671957672
2 0.47204613095238096 0.16406415343915343 0.06411954365079364 0.11073412698412699
1 0.3531770833333333 0.3493386243386244 0.016054067460317463 0.011865079365079367