3 0.2265625 0.576058201058201 0.21329365079365079 0.22685185185185186
3 0.484375 0.3998015873015873 0.10143849206349206 0.1349206349206349
3 0.12425595238095238 0.3349867724867725 0.12177579365079365 0.11706349206349206
5 0.44568452380952384 0.6694775132275133 0.058779761904761904 0.19576719576719576
5 0.1052827380952381 0.39880952380952384 0.04935515873015873 0.10284391534391535
5 0.05505952380952381 0.5676256613756614 0.06274801587301587 0.16865079365079366
5 0.045262896825396824 0.4441137566137566 0.049107142857142856 0.0992063492063492
3 0.5927579365079365 0.10119047619047619 0.0248015873015873 0.02976190476190476
5 0.29811507936507936 0.3136574074074074 0.029017857142857144 0.09027777777777778
5 0.38231646825396826 0.4798280423280423 0.040426587301587304 0.1283068783068783
5 0.3812003968253968 0.39021164021164023 0.034970238095238096 0.09027777777777778
5 0.3369295634920635 0.3460648148148148 0.030009920634920636 0.09060846560846561
1 0.17356894841269843 0.6413690476190477 0.025381944444444447 0.018518518518518517
5 0.3680555555555556 0.3012566137566138 0.02703373015873016 0.07671957671957672
3 0.3404017857142857 0.19593253968253968 0.047619047619047616 0.05191798941798942
5 0.47098214285714285 0.1886574074074074 0.018849206349206348 0.057539682539682536
5 0.41431051587301587 0.17906746031746032 0.015873015873015872 0.04794973544973545
5 0.4253472222222222 0.2863756613756614 0.024057539682539684 0.07804232804232804
5 0.020213293650793652 0.5320767195767195 0.040426587301587304 0.1349206349206349
5 0.6526537698412699 0.19659391534391535 0.018105158730158732 0.0582010582010582
3 0.6434771825396826 0.10681216931216932 0.030009920634920636 0.034722222222222224
3 0.638640873015873 0.06927910052910052 0.022321428571428572 0.0248015873015873
5 0.49243551587301587 0.17708333333333334 0.01636904761904762 0.04927248677248677
1 0.4774975198412698 0.4379530423280423 0.015128968253968254 0.01455026455026455
5 0.4340277777777778 0.16815476190476192 0.015376984126984126 0.049933862433862435
5 0.9895833333333334 0.17212301587301587 0.018353174603174604 0.04794973544973545
5 0.527405753968254 0.14616402116402116 0.014136904761904762 0.04298941798941799
5 0.3478422619047619 0.2175925925925926 0.022817460317460316 0.05654761904761905
5 0.4402281746031746 0.2587632275132275 0.0220734126984127 0.06812169312169312
5 0.4513888888888889 0.15261243386243387 0.01488095238095238 0.045304232804232805
3 0.6670386904761905 0.06762566137566138 0.016121031746031748 0.027116402116402115
5 0.006944444444444444 0.6160714285714286 0.013888888888888888 0.1712962962962963
5 0.6450892857142857 0.16517857142857142 0.016121031746031748 0.04861111111111111
5 0.44221230158730157 0.22007275132275134 0.020337301587301588 0.04133597883597884
5 0.296875 0.20552248677248677 0.01636904761904762 0.04563492063492063
5 0.5151289682539683 0.11987433862433862 0.011160714285714286 0.03505291005291005
5 0.996155753968254 0.2197420634920635 0.007688492063492063 0.06547619047619048
2 0.5600049603174603 0.14458333333333334 0.04875 0.08249999999999999