3 0.1047092013888889 0.7358217592592593 0.2094184027777778 0.3136574074074074
5 0.3011067708333333 0.4743923611111111 0.06922743055555555 0.18373842592592593
3 0.9027777777777778 0.14699074074074073 0.08506944444444445 0.0865162037037037
5 0.8543836805555556 0.5407986111111112 0.05837673611111111 0.19068287037037038
5 0.6090494791666666 0.8592303240740741 0.08680555555555555 0.28125
3 0.5404730902777778 0.23365162037037038 0.099609375 0.10966435185185185
5 0.7014973958333334 0.5218460648148148 0.06228298611111111 0.2074652777777778
5 0.06629774305555555 0.5028935185185185 0.09461805555555555 0.18171296296296297
5 0.4539930555555556 0.4609375 0.057074652777777776 0.17737268518518517
5 0.6004774305555556 0.4654224537037037 0.05555555555555555 0.15306712962962962
5 0.5889756944444444 0.6024305555555556 0.07682291666666667 0.22077546296296297
3 0.9763454861111112 0.19039351851851852 0.047309027777777776 0.11834490740740741
2 0.9019097222222222 0.05685763888888889 0.14344618055555555 0.11371527777777778
5 0.6930338541666666 0.1306423611111111 0.028862847222222224 0.08362268518518519
5 0.6356336805555556 0.15321180555555555 0.029947916666666668 0.0876736111111111
5 0.7969835069444444 0.07291666666666667 0.024522569444444444 0.0708912037037037
5 0.4505208333333333 0.17983217592592593 0.030598958333333332 0.09346064814814815
5 0.9860026041666666 0.022569444444444444 0.017578125 0.04513888888888889
5 0.4222005208333333 0.16507523148148148 0.029513888888888888 0.08043981481481481
1 0.5322916666666667 0.2595167824074074 0.017667100694444444 0.012795138888888889
5 0.7477213541666666 0.06929976851851852 0.019748263888888888 0.06684027777777778
5 0.9865451388888888 0.11646412037037036 0.026909722222222224 0.06018518518518518
0 0.9917534722222222 0.22135416666666666 0.016493055555555556 0.009548611111111112
5 0.7039930555555556 0.0234375 0.038411458333333336 0.046875
4 0.15718098958333332 0.22717592592592592 0.044001736111111106 0.08213541666666667
4 0.18345486111111112 0.19368055555555555 0.02044921875 0.050144675925925926
4 0.20637152777777779 0.2080960648148148 0.023975694444444445 0.05829282407407407