3 0.38256448412698413 0.5428240740740741 0.15922619047619047 0.2251984126984127
3 0.6729910714285714 0.3601190476190476 0.10838293650793651 0.13227513227513227
5 0.033234126984126984 0.7238756613756614 0.0662202380952381 0.24107142857142858
3 0.6378968253968254 0.20949074074074073 0.07068452380952381 0.08366402116402116
5 0.2390873015873016 0.5262896825396826 0.05257936507936508 0.1822089947089947
5 0.13268849206349206 0.4462632275132275 0.05282738095238095 0.1498015873015873
5 0.08345734126984126 0.39814814814814814 0.05406746031746032 0.13855820105820105
1 0.3697916666666667 0.6203703703703703 0.026785714285714284 0.017857142857142856
3 0.8468501984126984 0.11375661375661375 0.03249007936507937 0.06944444444444445
5 0.31225198412698413 0.2923280423280423 0.03298611111111111 0.10714285714285714
5 0.3958333333333333 0.26438492063492064 0.028025793650793652 0.09656084656084656
5 0.23139880952380953 0.22883597883597884 0.025793650793650792 0.0873015873015873
5 0.6847718253968254 0.12582671957671956 0.020337301587301588 0.06316137566137567
3 0.6719990079365079 0.03455687830687831 0.03720238095238095 0.04431216931216931
5 0.10143849206349206 0.2837301587301587 0.03422619047619048 0.09656084656084656
5 0.6326884920634921 0.0851521164021164 0.016121031746031748 0.0539021164021164
3 0.5954861111111112 0.05009920634920635 0.04141865079365079 0.049933862433862435
5 0.3819444444444444 0.1552579365079365 0.021577380952380952 0.06580687830687831
5 0.4303075396825397 0.14417989417989419 0.020089285714285716 0.05952380952380952
5 0.509796626984127 0.17741402116402116 0.026785714285714284 0.07804232804232804
2 0.48896329365079366 0.033234126984126984 0.05009920634920635 0.06613756613756613
5 0.19779265873015872 0.18336640211640212 0.04117063492063492 0.06183862433862434
5 0.5217013888888888 0.11408730158730158 0.019097222222222224 0.05787037037037037
5 0.4732142857142857 0.15162037037037038 0.01984126984126984 0.06382275132275132
5 0.5548115079365079 0.04976851851851852 0.014384920634920634 0.041005291005291
5 0.4888392857142857 0.12979497354497355 0.019345238095238096 0.059854497354497355
5 0.5658482142857143 0.10648148148148148 0.017609126984126984 0.056216931216931214
5 0.5420386904761905 0.10714285714285714 0.015873015873015872 0.05489417989417989
5 0.6266121031746031 0.029265873015873016 0.01314484126984127 0.037037037037037035
5 0.513640873015873 0.06944444444444445 0.01488095238095238 0.046296296296296294
5 0.5380704365079365 0.06183862433862434 0.014384920634920634 0.04398148148148148
5 0.6866319444444444 0.05257936507936508 0.01314484126984127 0.04563492063492063
5 0.8439980158730159 0.031084656084656083 0.014384920634920634 0.04265873015873016
5 0.5724206349206349 0.03885582010582011 0.016121031746031748 0.03306878306878307
5 0.5726686507936508 0.08713624338624339 0.017361111111111112 0.04728835978835979
0 0.673891369047619 0.40119708994708997 0.026693948412698412 0.009166666666666667