3 0.3689236111111111 0.8511904761904762 0.19866071428571427 0.2976190476190476
3 0.09821428571428571 0.7333002645502645 0.19518849206349206 0.24834656084656084
6 0.3240327380952381 0.414021164021164 0.13913690476190477 0.19675925925925927
3 0.5921378968253969 0.439484126984127 0.07366071428571429 0.08498677248677249
3 0.4853670634920635 0.4117063492063492 0.07118055555555555 0.10052910052910052
5 0.5259176587301587 0.6479828042328042 0.041914682539682536 0.1488095238095238
5 0.6092509920634921 0.5783730158730159 0.03943452380952381 0.1283068783068783
3 0.7606646825396826 0.34325396825396826 0.048859126984126984 0.06018518518518518
5 0.6987847222222222 0.6615410052910053 0.04861111111111111 0.1550925925925926
5 0.3210565476190476 0.7017195767195767 0.04836309523809524 0.13955026455026456
3 0.4522569444444444 0.3272156084656085 0.044642857142857144 0.05489417989417989
5 0.8231646825396826 0.7339616402116402 0.07217261904761904 0.1746031746031746
5 0.06597222222222222 0.5874669312169312 0.04985119047619048 0.12962962962962962
2 0.9275793650793651 0.2802579365079365 0.035962301587301584 0.059854497354497355
5 0.7692212301587301 0.6378968253968254 0.050595238095238096 0.1378968253968254
5 0.15389384920634921 0.5492724867724867 0.04017857142857143 0.11441798941798942
3 0.5127728174603174 0.2435515873015873 0.028025793650793652 0.028769841269841268
3 0.5687003968253969 0.31398809523809523 0.04241071428571429 0.05026455026455026
5 0.6695188492063492 0.4495701058201058 0.031994047619047616 0.08664021164021164
5 0.744171626984127 0.5940806878306878 0.03373015873015873 0.11243386243386243
3 0.4946676587301587 0.22668650793650794 0.025297619047619048 0.027777777777777776
5 0.9657738095238095 0.3331679894179894 0.019593253968253968 0.049933862433862435
3 0.568328373015873 0.25496031746031744 0.031994047619047616 0.03935185185185185
1 0.04538690476190476 0.830026455026455 0.027529761904761904 0.018518518518518517
5 0.560515873015873 0.3794642857142857 0.021081349206349208 0.06547619047619048
3 0.5349702380952381 0.23148148148148148 0.0248015873015873 0.0248015873015873
5 0.9915674603174603 0.29050925925925924 0.015625 0.044642857142857144
0 0.3539186507936508 0.9861111111111112 0.047619047619047616 0.018187830687830687
4 0.051835317460317464 0.4255952380952381 0.021081349206349208 0.07705026455026455
5 0.7595486111111112 0.28869047619047616 0.01314484126984127 0.03902116402116402
3 0.7337549603174603 0.294973544973545 0.031994047619047616 0.052248677248677246
5 0.47346230158730157 0.24718915343915343 0.011656746031746032 0.03306878306878307
5 0.7746775793650794 0.30158730158730157 0.018849206349206348 0.03902116402116402
5 0.769469246031746 0.24057539682539683 0.010168650793650794 0.03042328042328042
1 0.30689732142857146 0.4864153439153439 0.014340277777777778 0.009722222222222222