3 0.38752480158730157 0.705191798941799 0.19642857142857142 0.2761243386243386
6 0.4601934523809524 0.33548280423280424 0.13938492063492064 0.2414021164021164
5 0.034350198412698416 0.7175925925925926 0.06870039682539683 0.2361111111111111
3 0.15848214285714285 0.24636243386243387 0.12351190476190477 0.11805555555555555
3 0.6272321428571429 0.3169642857142857 0.08754960317460317 0.11507936507936507
5 0.7776537698412699 0.6461640211640212 0.0625 0.20833333333333334
3 0.5730406746031746 0.22999338624338625 0.07465277777777778 0.08564814814814815
5 0.1531498015873016 0.40244708994708994 0.052083333333333336 0.1302910052910053
5 0.18700396825396826 0.6499669312169312 0.06349206349206349 0.21626984126984128
6 0.6563740079365079 0.11656746031746032 0.0763888888888889 0.14252645502645503
5 0.09647817460317461 0.45105820105820105 0.05109126984126984 0.15376984126984128
5 0.6175595238095238 0.4947089947089947 0.050595238095238096 0.17493386243386244
3 0.5709325396825397 0.1380621693121693 0.05109126984126984 0.057539682539682536
5 0.04017857142857143 0.5418320105820106 0.06398809523809523 0.1712962962962963
5 0.24342757936507936 0.5279431216931217 0.05133928571428571 0.17923280423280424
5 0.07291666666666667 0.37037037037037035 0.047371031746031744 0.1292989417989418
3 0.4195188492063492 0.12235449735449735 0.057291666666666664 0.054563492063492064
3 0.6080109126984127 0.06927910052910052 0.037450396825396824 0.03968253968253968
5 0.25806051587301587 0.3792989417989418 0.04141865079365079 0.13558201058201058
5 0.37103174603174605 0.31283068783068785 0.033234126984126984 0.1130952380952381
3 0.4476686507936508 0.19328703703703703 0.07217261904761904 0.059854497354497355
5 0.25310019841269843 0.3005952380952381 0.0339781746031746 0.08498677248677249
5 0.7028769841269841 0.25 0.028273809523809524 0.0882936507936508
5 0.3162202380952381 0.29976851851851855 0.03447420634920635 0.10615079365079365
5 0.37971230158730157 0.1931216931216931 0.023809523809523808 0.07572751322751323
5 0.6540178571428571 0.21378968253968253 0.025297619047619048 0.07903439153439154
1 0.3663194444444444 0.8045634920634921 0.0339781746031746 0.021825396825396824
3 0.7106894841269841 0.012566137566137565 0.022321428571428572 0.02447089947089947
5 0.3396577380952381 0.19031084656084657 0.023809523809523808 0.07572751322751323
5 0.5109126984126984 0.13971560846560846 0.018849206349206348 0.05654761904761905
3 0.6634424603174603 0.011243386243386243 0.025297619047619048 0.022486772486772486
5 0.30505952380952384 0.238260582010582 0.03125 0.08597883597883597
6 0.4929315476190476 0.08961640211640212 0.058779761904761904 0.09193121693121693
5 0.4107142857142857 0.24107142857142858 0.028769841269841268 0.08564814814814815
3 0.8489583333333334 0.02943121693121693 0.027281746031746032 0.03373015873015873
3 0.3803323412698413 0.029927248677248677 0.033234126984126984 0.034722222222222224
5 0.5803571428571429 0.04398148148148148 0.015128968253968254 0.041666666666666664
5 0.41617063492063494 0.17906746031746032 0.021577380952380952 0.06018518518518518
5 0.6449652777777778 0.022652116402116403 0.01314484126984127 0.037037037037037035
0 0.4432415674603175 0.4175958994708995 0.027961309523809524 0.011180555555555556
5 0.5656001984126984 0.02562830687830688 0.011656746031746032 0.03406084656084656
5 0.5375744047619048 0.047453703703703706 0.012648809523809524 0.03902116402116402
4 0.42607886904761905 0.07705026455026455 0.015399305555555557 0.03589616402116402
5 0.5235615079365079 0.12351190476190477 0.015873015873015872 0.05257936507936508
5 0.5560515873015873 0.10631613756613757 0.020089285714285716 0.04133597883597884
0 0.13008680555555555 0.2798346560846561 0.020577876984126983 0.008548280423280423
1 0.6255456349206349 0.34971560846560845 0.01612599206349206 0.012347883597883599