3 0.6960565476190477 0.5914351851851852 0.1626984126984127 0.23346560846560846
3 0.37648809523809523 0.7361111111111112 0.2371031746031746 0.3578042328042328
6 0.36321924603174605 0.38740079365079366 0.11408730158730158 0.20734126984126985
3 0.6190476190476191 0.25992063492063494 0.08705357142857142 0.12698412698412698
5 0.1467013888888889 0.41617063492063494 0.045882936507936505 0.1283068783068783
3 0.621031746031746 0.12896825396825398 0.051835317460317464 0.05489417989417989
3 0.6511656746031746 0.17328042328042328 0.056299603174603176 0.06812169312169312
5 0.7991071428571429 0.501818783068783 0.04811507936507937 0.1583994708994709
5 0.714781746031746 0.37136243386243384 0.03422619047619048 0.11970899470899471
5 0.2052331349206349 0.4244378306878307 0.045882936507936505 0.14351851851851852
3 0.5519593253968254 0.15162037037037038 0.05257936507936508 0.06448412698412699
5 0.503968253968254 0.30687830687830686 0.03670634920634921 0.11078042328042328
5 0.728546626984127 0.25496031746031744 0.02976190476190476 0.09325396825396826
5 0.23053075396825398 0.2918320105820106 0.036210317460317464 0.10185185185185185
5 0.2917906746031746 0.36689814814814814 0.03844246031746032 0.13095238095238096
1 0.3473462301587302 0.8796296296296297 0.03670634920634921 0.02546296296296296
5 0.4751984126984127 0.2478505291005291 0.028769841269841268 0.0873015873015873
5 0.36532738095238093 0.1962632275132275 0.023561507936507936 0.07506613756613757
5 0.41517857142857145 0.2091600529100529 0.026537698412698412 0.08002645502645503
5 0.49875992063492064 0.17592592592592593 0.02132936507936508 0.07175925925925926
5 0.5163690476190477 0.12251984126984126 0.020089285714285716 0.05357142857142857
3 0.6271081349206349 0.044642857142857144 0.03571428571428571 0.03869047619047619
5 0.29972718253968256 0.23511904761904762 0.029265873015873016 0.08763227513227513
3 0.6862599206349206 0.04133597883597884 0.03050595238095238 0.04365079365079365
5 0.4408482142857143 0.1906415343915344 0.03149801587301587 0.07076719576719577
5 0.4779265873015873 0.13078703703703703 0.019345238095238096 0.05886243386243386
0 0.6958358134920635 0.6721825396825397 0.045166170634920635 0.015664682539682537
5 0.5473710317460317 0.10168650793650794 0.015873015873015872 0.03968253968253968
0 0.34936011904761904 0.4551124338624339 0.029407242063492062 0.012106481481481482
5 0.4193948412698413 0.15112433862433863 0.0220734126984127 0.05654761904761905
5 0.46651785714285715 0.10400132275132275 0.01711309523809524 0.05092592592592592
4 0.21006944444444445 0.19262566137566137 0.022817460317460316 0.07804232804232804
5 0.5673363095238095 0.1076388888888889 0.01636904761904762 0.045304232804232805
0 0.6174355158730159 0.2855059523809524 0.021537698412698415 0.008296957671957672
5 0.34660218253968256 0.13938492063492064 0.023809523809523808 0.055224867724867725
3 0.6457093253968254 0.025793650793650792 0.026785714285714284 0.02976190476190476
5 0.6098710317460317 0.05489417989417989 0.012648809523809524 0.041005291005291
5 0.306671626984127 0.20634920634920634 0.028273809523809524 0.06911375661375661
2 0.5484399801587302 0.0514781746031746 0.0446577380952381 0.07194775132275132