3 0.5205853174603174 0.7652116402116402 0.22470238095238096 0.33796296296296297
2 0.38256448412698413 0.14517195767195767 0.14434523809523808 0.1931216931216931
3 0.5305059523809523 0.34011243386243384 0.11979166666666667 0.1474867724867725
5 0.2673611111111111 0.5046296296296297 0.0642361111111111 0.18783068783068782
3 0.5403025793650794 0.16534391534391535 0.07688492063492064 0.10152116402116403
5 0.3084077380952381 0.37218915343915343 0.048859126984126984 0.13988095238095238
5 0.47643849206349204 0.28174603174603174 0.03571428571428571 0.11937830687830688
5 0.7220982142857143 0.29480820105820105 0.039186507936507936 0.12400793650793651
5 0.17571924603174602 0.22337962962962962 0.03819444444444445 0.08697089947089948
3 0.6225198412698413 0.056051587301587304 0.05133928571428571 0.06349206349206349
5 0.640625 0.2751322751322751 0.036458333333333336 0.11805555555555555
3 0.7058531746031746 0.03422619047619048 0.04017857142857143 0.046957671957671955
5 0.5505952380952381 0.22288359788359788 0.03149801587301587 0.0958994708994709
5 0.6206597222222222 0.11921296296296297 0.019345238095238096 0.06878306878306878
1 0.4972718253968254 0.9057539682539683 0.03943452380952381 0.026455026455026454
5 0.654265873015873 0.10747354497354497 0.02132936507936508 0.06911375661375661
5 0.48152281746031744 0.025793650793650792 0.014136904761904762 0.046957671957671955
5 0.5339781746031746 0.08349867724867725 0.018353174603174604 0.05787037037037037
5 0.5616319444444444 0.05489417989417989 0.018849206349206348 0.05489417989417989
5 0.5073164682539683 0.12119708994708994 0.0220734126984127 0.06812169312169312
5 0.8697916666666666 0.041005291005291 0.018105158730158732 0.05291005291005291
5 0.5860615079365079 0.03951719576719577 0.016865079365079364 0.05257936507936508
5 0.6573660714285714 0.027447089947089946 0.016617063492063492 0.04861111111111111
0 0.5183531746031746 0.38492063492063494 0.029513888888888888 0.01025132275132275
5 0.5349702380952381 0.03819444444444445 0.016121031746031748 0.05489417989417989
5 0.018725198412698412 0.14930555555555555 0.037450396825396824 0.07043650793650794
1 0.3570188492063492 0.2294973544973545 0.01488095238095238 0.010582010582010581