3 0.8700086805555556 0.2259837962962963 0.2243923611111111 0.1987847222222222
3 0.4002821180555556 0.7191840277777778 0.4194878472222222 0.42476851851851855
3 0.3926866319444444 0.31640625 0.2823350694444444 0.22945601851851852
3 0.4860026041666667 0.4626736111111111 0.3426649305555556 0.25028935185185186
5 0.7569444444444444 0.13049768518518517 0.06597222222222222 0.14322916666666666
5 0.95703125 0.06843171296296297 0.046440972222222224 0.11950231481481481
5 0.2775607638888889 0.06770833333333333 0.08550347222222222 0.0943287037037037
5 0.22764756944444445 0.17418981481481483 0.076171875 0.1605902777777778
1 0.2904730902777778 0.3780381944444444 0.024956597222222224 0.0234375
1 0.8024088541666666 0.28718171296296297 0.019965277777777776 0.022569444444444444
1 0.2580295138888889 0.8668981481481481 0.038628472222222224 0.04079861111111111
4 0.21153645833333334 0.10243055555555555 0.027734375 0.05811053240740741
4 0.47347656250000003 0.09600983796296296 0.04450737847222222 0.08780671296296295
4 0.6446289062499999 0.04052662037037037 0.04233506944444445 0.07912326388888889
4 0.6940212673611111 0.02725983796296296 0.029672309027777774 0.054516782407407406
5 0.42262369791666665 0.06453414351851852 0.06874131944444445 0.08230324074074075
5 0.49136718749999997 0.030865162037037038 0.053309461805555555 0.05798611111111111
1 0.3606532118055556 0.5513917824074074 0.02845703125 0.023920717592592594