3 0.22160218253968253 0.24537037037037038 0.13343253968253968 0.1746031746031746
6 0.48722718253968256 0.5200066137566137 0.3010912698412698 0.6124338624338624
3 0.9635416666666666 0.09705687830687831 0.07291666666666667 0.11871693121693122
3 0.6356646825396826 0.20651455026455026 0.10267857142857142 0.12764550264550265
3 0.4254712301587302 0.07242063492063493 0.07465277777777778 0.08134920634920635
3 0.5348462301587301 0.07093253968253968 0.0818452380952381 0.09887566137566138
3 0.6360367063492064 0.0851521164021164 0.07663690476190477 0.09887566137566138
5 0.16431051587301587 0.38244047619047616 0.06324404761904762 0.16600529100529102
5 0.41455853174603174 0.26339285714285715 0.04017857142857143 0.13326719576719576
5 0.23152281746031747 0.1314484126984127 0.03422619047619048 0.06183862433862434
5 0.7087053571428571 0.11474867724867725 0.030009920634920636 0.09424603174603174
5 0.07093253968253968 0.115244708994709 0.06721230158730158 0.08862433862433862
5 0.5895337301587301 0.022652116402116403 0.02554563492063492 0.045304232804232805
5 0.5311259920634921 0.01207010582010582 0.024553571428571428 0.02414021164021164
5 0.011408730158730158 0.23875661375661375 0.022817460317460316 0.12169312169312169
0 0.48474702380952384 0.796792328042328 0.05505952380952381 0.01917989417989418
5 0.7048611111111112 0.012235449735449735 0.018105158730158732 0.02447089947089947
0 0.20337301587301587 0.30671296296296297 0.029017857142857144 0.01025132275132275
3 0.6572420634920635 0.007109788359788359 0.05505952380952381 0.014219576719576719
1 0.6327306547619048 0.11162698412698413 0.012703373015873015 0.00992063492063492
0 0.6374553571428571 0.24818121693121692 0.01529265873015873 0.008707010582010581
0 0.9925595238095238 0.12946428571428573 0.014632936507936508 0.01025132275132275
1 0.4145709325396825 0.09352843915343914 0.012120535714285714 0.009778439153439154