3 0.7984871031746031 0.6061507936507936 0.20734126984126985 0.23677248677248677
3 0.5275297619047619 0.38293650793650796 0.13194444444444445 0.13955026455026456
2 0.3039434523809524 0.2924933862433862 0.1765873015873016 0.24272486772486773
3 0.5362103174603174 0.16732804232804233 0.07886904761904762 0.08234126984126984
3 0.6752232142857143 0.22156084656084657 0.10863095238095238 0.1130952380952381
3 0.4670138888888889 0.20849867724867724 0.07738095238095238 0.08068783068783068
5 0.3607390873015873 0.603505291005291 0.056299603174603176 0.19146825396825398
5 0.15228174603174602 0.7377645502645502 0.06770833333333333 0.2251984126984127
3 0.034102182539682536 0.42146164021164023 0.06820436507936507 0.19146825396825398
5 0.21279761904761904 0.7683531746031746 0.08804563492063493 0.24735449735449735
5 0.1498015873015873 0.07175925925925926 0.034970238095238096 0.052248677248677246
5 0.1566220238095238 0.3697089947089947 0.03869047619047619 0.12268518518518519
5 0.41183035714285715 0.07705026455026455 0.0339781746031746 0.04828042328042328
5 0.35205853174603174 0.06663359788359788 0.03149801587301587 0.04662698412698413
5 0.6273561507936508 0.2671957671957672 0.039186507936507936 0.10085978835978836
5 0.6592261904761905 0.296792328042328 0.037450396825396824 0.10383597883597884
3 0.03360615079365079 0.3169642857142857 0.06721230158730158 0.10978835978835978
5 0.7704613095238095 0.08961640211640212 0.03844246031746032 0.04894179894179894
5 0.036458333333333336 0.062003968253968256 0.030009920634920636 0.05886243386243386
1 0.32961309523809523 0.38938492063492064 0.017609126984126984 0.012896825396825396
3 0.2208581349206349 0.06382275132275132 0.07936507936507936 0.04265873015873016
0 0.8294890873015873 0.6927910052910053 0.04117063492063492 0.014219576719576719
5 0.07713293650793651 0.08878968253968254 0.033482142857142856 0.054563492063492064
5 0.005456349206349206 0.06762566137566138 0.010912698412698412 0.05720899470899471
5 0.2693452380952381 0.1509589947089947 0.028025793650793652 0.04794973544973545
5 0.22904265873015872 0.0679563492063492 0.03050595238095238 0.04662698412698413
0 0.5489831349206349 0.4289021164021164 0.027281746031746032 0.010912698412698412
1 0.00992063492063492 0.48660714285714285 0.01984126984126984 0.015542328042328041
1 0.47983134920634923 0.2273048941798942 0.013139880952380951 0.009639550264550264