3 0.6694878472222222 0.2712673611111111 0.1480034722222222 0.12818287037037038
5 0.1640625 0.45413773148148145 0.0705295138888889 0.16782407407407407
5 0.3799913194444444 0.6684027777777778 0.0798611111111111 0.2427662037037037
3 0.8936631944444444 0.13686342592592593 0.07139756944444445 0.07928240740740741
5 0.3192274305555556 0.6131365740740741 0.07573784722222222 0.20949074074074073
5 0.6324869791666666 0.3884548611111111 0.04383680555555555 0.15104166666666666
5 0.7443576388888888 0.3314525462962963 0.03797743055555555 0.1255787037037037
5 0.8995225694444444 0.28414351851851855 0.035807291666666664 0.1154513888888889
5 0.6641710069444444 0.1644965277777778 0.045572916666666664 0.07928240740740741
5 0.4544270833333333 0.1909722222222222 0.060980902777777776 0.0787037037037037
5 0.027560763888888888 0.7621527777777778 0.05490451388888889 0.2560763888888889
5 0.7049696180555556 0.1752025462962963 0.028645833333333332 0.07175925925925926
5 0.498046875 0.22511574074074073 0.034505208333333336 0.09027777777777778
2 0.9688585069444444 0.04007523148148148 0.06141493055555555 0.07957175925925926
5 0.9188368055555556 0.24348958333333334 0.03146701388888889 0.09577546296296297
5 0.3353949652777778 0.30367476851851855 0.04470486111111111 0.1244212962962963
5 0.8111979166666666 0.11516203703703703 0.026041666666666668 0.07349537037037036
5 0.4114583333333333 0.21629050925925927 0.03732638888888889 0.07233796296296297
5 0.7782118055555556 0.05772569444444445 0.047309027777777776 0.05324074074074074
5 0.06228298611111111 0.2677951388888889 0.07486979166666667 0.11197916666666667
1 0.8840060763888888 0.1516087962962963 0.011048177083333333 0.008443287037037037
0 0.629921875 0.3069502314814815 0.02469184027777778 0.009074074074074075
4 0.06118055555555556 0.3234809027777778 0.043198784722222223 0.0940306712962963
4 0.23111979166666666 0.2739670138888889 0.042078993055555555 0.0842650462962963
4 0.25501736111111106 0.23807870370370368 0.020325520833333333 0.04763599537037037
4 0.2784396701388889 0.2523697916666667 0.02397786458333333 0.057164351851851855