3 0.5044642857142857 0.48313492063492064 0.15004960317460317 0.20932539682539683
3 0.5456349206349206 0.3148148148148148 0.10119047619047619 0.13161375661375663
5 0.6174355158730159 0.7670304232804233 0.06324404761904762 0.23809523809523808
2 0.14112103174603174 0.5777116402116402 0.2822420634920635 0.37136243386243384
5 0.7475198412698413 0.42857142857142855 0.03869047619047619 0.13260582010582012
5 0.6977926587301587 0.49189814814814814 0.043402777777777776 0.15674603174603174
5 0.38578869047619047 0.39021164021164023 0.03695436507936508 0.1292989417989418
3 0.6377728174603174 0.1509589947089947 0.05357142857142857 0.07539682539682539
3 0.6566220238095238 0.2511574074074074 0.07415674603174603 0.09391534391534391
5 0.10491071428571429 0.3816137566137566 0.043402777777777776 0.10482804232804233
6 0.49268353174603174 0.2091600529100529 0.062003968253968256 0.11243386243386243
5 0.3365575396825397 0.33134920634920634 0.031994047619047616 0.10681216931216932
5 0.25049603174603174 0.37037037037037035 0.038938492063492064 0.0882936507936508
5 0.42931547619047616 0.3374669312169312 0.03298611111111111 0.10978835978835978
3 0.5935019841269841 0.09986772486772487 0.03695436507936508 0.041005291005291
5 0.6183035714285714 0.28422619047619047 0.02976190476190476 0.09523809523809523
5 0.3942212301587302 0.24057539682539683 0.02628968253968254 0.08432539682539683
5 0.5713045634920635 0.1693121693121693 0.022321428571428572 0.06448412698412699
1 0.48855158730158726 0.5384292328042328 0.02019097222222222 0.021028439153439153
5 0.4078621031746032 0.19361772486772486 0.023065476190476192 0.06117724867724868
5 0.8516865079365079 0.14963624338624337 0.019097222222222224 0.05555555555555555
5 0.4486607142857143 0.11871693121693122 0.016617063492063492 0.0496031746031746
5 0.6920882936507936 0.13690476190476192 0.018353174603174604 0.05489417989417989
3 0.6617063492063492 0.03819444444444445 0.029017857142857144 0.032407407407407406
5 0.5472470238095238 0.12218915343915344 0.01711309523809524 0.05026455026455026
5 0.21316964285714285 0.22139550264550265 0.04563492063492063 0.05423280423280423
5 0.7046130952380952 0.20717592592592593 0.023313492063492064 0.07837301587301587
5 0.45634920634920634 0.18981481481481483 0.02132936507936508 0.06646825396825397
5 0.19680059523809523 0.359457671957672 0.041666666666666664 0.07572751322751323
1 0.5362996031746032 0.3533862433862434 0.016049107142857143 0.012470238095238095
5 0.5137648809523809 0.12880291005291006 0.018601190476190476 0.05092592592592592
4 0.2400793650793651 0.20386904761904762 0.017609126984126984 0.06514550264550265
0 0.03245039682539683 0.7258597883597884 0.04093501984126984 0.017738095238095237
5 0.5011160714285714 0.09242724867724868 0.014632936507936508 0.04332010582010582
5 0.19072420634920634 0.3237433862433862 0.03546626984126984 0.08267195767195767
3 0.6604662698412699 0.1056547619047619 0.03943452380952381 0.04298941798941799
5 0.3489583333333333 0.15988756613756613 0.02703373015873016 0.05787037037037037
5 0.8346974206349206 0.0851521164021164 0.015873015873015872 0.04265873015873016
3 0.6832837301587301 0.023809523809523808 0.025793650793650792 0.02447089947089947
3 0.7132936507936508 0.03422619047619048 0.024305555555555556 0.037037037037037035
5 0.48053075396825395 0.1271494708994709 0.019345238095238096 0.049933862433862435
5 0.5540674603174603 0.07242063492063493 0.014384920634920634 0.04034391534391534
0 0.6586458333333333 0.2759755291005291 0.019903273809523808 0.006375661375661376
5 0.5834573412698413 0.06746031746031746 0.014136904761904762 0.03207671957671958
5 0.5374503968253969 0.057705026455026454 0.011904761904761904 0.036044973544973546
5 0.5428546626984126 0.0966005291005291 0.012750496031746031 0.03925925925925926