3 0.5381944444444444 0.27199074074074076 0.1076388888888889 0.1378968253968254
5 0.17199900793650794 0.7529761904761905 0.09300595238095238 0.26355820105820105
5 0.48400297619047616 0.5679563492063492 0.05803571428571429 0.20535714285714285
2 0.4720982142857143 0.07142857142857142 0.08308531746031746 0.13095238095238096
3 0.5703125 0.15856481481481483 0.06994047619047619 0.08068783068783068
5 0.031001984126984128 0.6851851851851852 0.061755952380952384 0.23842592592592593
5 0.07328869047619048 0.38955026455026454 0.046378968253968256 0.14285714285714285
3 0.25124007936507936 0.12781084656084657 0.1259920634920635 0.0787037037037037
5 0.7938988095238095 0.3837632275132275 0.037698412698412696 0.14087301587301587
5 0.6550099206349206 0.21378968253968253 0.028025793650793652 0.1001984126984127
3 0.6305803571428571 0.025793650793650792 0.03844246031746032 0.04431216931216931
5 0.2669890873015873 0.30869708994708994 0.037698412698412696 0.11937830687830688
5 0.2292906746031746 0.2706679894179894 0.03695436507936508 0.11144179894179894
5 0.7192460317460317 0.1349206349206349 0.023313492063492064 0.07506613756613757
5 0.5210813492063492 0.18154761904761904 0.029265873015873016 0.07308201058201058
5 0.36334325396825395 0.0992063492063492 0.040426587301587304 0.060515873015873016
5 0.5559275793650794 0.02099867724867725 0.015625 0.04034391534391534
5 0.5777529761904762 0.028439153439153438 0.015873015873015872 0.042328042328042326
5 0.5381944444444444 0.0603505291005291 0.017609126984126984 0.05720899470899471
5 0.5673363095238095 0.06167328042328042 0.017609126984126984 0.0539021164021164
5 0.5331101190476191 0.010085978835978835 0.012896825396825396 0.02017195767195767
5 0.673236607142857 0.04510582010582011 0.015617559523809523 0.04669312169312169
5 0.8612351190476191 0.06746031746031746 0.018601190476190476 0.0539021164021164
0 0.5281498015873016 0.31183862433862436 0.023809523809523808 0.009259259259259259
5 0.6761011904761904 0.024212962962962964 0.014526289682539682 0.0375760582010582