3 0.6950954861111112 0.22077546296296297 0.1076388888888889 0.14033564814814814
6 0.3070746527777778 0.49016203703703703 0.2667100694444444 0.4618055555555556
3 0.3920355902777778 0.20225694444444445 0.11566840277777778 0.12818287037037038
3 0.7009548611111112 0.08058449074074074 0.08094618055555555 0.09953703703703703
3 0.3720703125 0.8764467592592593 0.3799913194444444 0.24623842592592593
3 0.8490668402777778 0.10069444444444445 0.08854166666666667 0.1015625
5 0.8481987847222222 0.43605324074074076 0.06727430555555555 0.1918402777777778
5 0.8211805555555556 0.7961516203703703 0.0900607638888889 0.2934027777777778
3 0.4956597222222222 0.03486689814814815 0.07552083333333333 0.0697337962962963
5 0.9790581597222222 0.3025173611111111 0.041666666666666664 0.15769675925925927
5 0.8625217013888888 0.23509837962962962 0.04405381944444445 0.13483796296296297
5 0.04503038194444445 0.3337673611111111 0.0720486111111111 0.1753472222222222
5 0.2546657986111111 0.18070023148148148 0.040364583333333336 0.12239583333333333
5 0.2443576388888889 0.033130787037037035 0.029513888888888888 0.06626157407407407
5 0.3158637152777778 0.052806712962962965 0.027560763888888888 0.08940972222222222
5 0.3855251736111111 0.02879050925925926 0.023871527777777776 0.05758101851851852
1 0.2619357638888889 0.6833043981481481 0.03298611111111111 0.024016203703703703
5 0.3440755208333333 0.03544560185185185 0.025173611111111112 0.0697337962962963
1 0.3831380208333333 0.24088541666666666 0.016710069444444444 0.013599537037037037
0 0.7074652777777778 0.10618923611111111 0.020180121527777775 0.006657986111111112
4 0.045464409722222224 0.08333333333333333 0.028645833333333332 0.08854166666666667
0 0.8550368923611111 0.12805555555555556 0.020770399305555555 0.006947337962962963
0 0.6933875868055556 0.2632146990740741 0.027539062500000003 0.009331597222222222
5 0.3313802083333333 0.017939814814814815 0.017578125 0.03530092592592592
1 0.4938151041666667 0.05114583333333333 0.012573784722222222 0.009105902777777777
0 0.7434722222222222 0.0054832175925925925 0.015175781250000001 0.005086805555555555