3 0.873046875 0.4681712962962963 0.23524305555555555 0.2740162037037037
5 0.22102864583333334 0.31278935185185186 0.0685763888888889 0.2074652777777778
5 0.2591145833333333 0.5512152777777778 0.09114583333333333 0.2690972222222222
5 0.4019097222222222 0.8278356481481481 0.10460069444444445 0.3443287037037037
5 0.4057074652777778 0.17173032407407407 0.05251736111111111 0.17708333333333334
5 0.9683159722222222 0.07971643518518519 0.04709201388888889 0.15335648148148148
5 0.3667534722222222 0.2743055555555556 0.059895833333333336 0.20283564814814814
5 0.4921875 0.14424189814814814 0.04796006944444445 0.17737268518518517
5 0.7654079861111112 0.05830439814814815 0.04470486111111111 0.1166087962962963
5 0.3982204861111111 0.03342013888888889 0.036675347222222224 0.06684027777777778
2 0.6332465277777778 0.2048611111111111 0.2456597222222222 0.38310185185185186
5 0.8844401041666666 0.03226273148148148 0.04296875 0.0642361111111111
1 0.6652560763888888 0.3504050925925926 0.030598958333333332 0.020543981481481483
3 0.6330295138888888 0.20515046296296297 0.24609375 0.3839699074074074
0 0.8850911458333334 0.5682870370370371 0.05642361111111111 0.01880787037037037