3 0.6904761904761905 0.3993055555555556 0.15922619047619047 0.23743386243386244
3 0.4964037698412698 0.18584656084656084 0.0974702380952381 0.11673280423280423
3 0.38318452380952384 0.13921957671957672 0.09151785714285714 0.10052910052910052
3 0.6563740079365079 0.15128968253968253 0.08234126984126984 0.10648148148148148
5 0.1906001984126984 0.5790343915343915 0.06299603174603174 0.23148148148148148
5 0.8911210317460317 0.5193452380952381 0.07564484126984126 0.20899470899470898
3 0.36049107142857145 0.44130291005291006 0.13219246031746032 0.19576719576719576
5 0.2136656746031746 0.41435185185185186 0.057539682539682536 0.1746031746031746
5 0.1857638888888889 0.16865079365079366 0.03422619047619048 0.10317460317460317
6 0.5426587301587301 0.06266534391534391 0.07142857142857142 0.12533068783068782
5 0.5271577380952381 0.2648809523809524 0.04513888888888889 0.1378968253968254
5 0.8718998015873016 0.37103174603174605 0.0597718253968254 0.14715608465608465
5 0.6195436507936508 0.2898478835978836 0.041914682539682536 0.14153439153439154
5 0.5851934523809523 0.19047619047619047 0.035962301587301584 0.11408730158730158
6 0.4915674603174603 0.5836640211640212 0.19593253968253968 0.45205026455026454
1 0.6909722222222222 0.48214285714285715 0.026537698412698412 0.018849206349206348
5 0.7010168650793651 0.10383597883597884 0.028273809523809524 0.08300264550264551
5 0.9485367063492064 0.41121031746031744 0.06076388888888889 0.18121693121693122
5 0.6736111111111112 0.03439153439153439 0.024305555555555556 0.06878306878306878
5 0.5959821428571429 0.021164021164021163 0.022569444444444444 0.042328042328042326
5 0.2829861111111111 0.03786375661375661 0.02554563492063492 0.06944444444444445
5 0.4626736111111111 0.02447089947089947 0.021081349206349208 0.04894179894179894
5 0.39893353174603174 0.04563492063492063 0.0248015873015873 0.07142857142857142
5 0.42199900793650796 0.020337301587301588 0.019345238095238096 0.03968253968253968
5 0.3193204365079365 0.03058862433862434 0.022321428571428572 0.06084656084656084
0 0.4837549603174603 0.7759589947089947 0.05233134920634921 0.018187830687830687
4 0.25669642857142855 0.03670634920634921 0.019097222222222224 0.0710978835978836
5 0.23846726190476192 0.34341931216931215 0.053323412698412696 0.15046296296296297
5 0.3525545634920635 0.0873015873015873 0.025793650793650792 0.07374338624338625
5 0.5802331349206349 0.05191798941798942 0.018105158730158732 0.07043650793650794
5 0.6560019841269841 0.013392857142857142 0.020337301587301588 0.026785714285714284
5 0.9790426587301587 0.48644179894179895 0.041914682539682536 0.1974206349206349
1 0.6594940476190476 0.17807539682539683 0.01572420634920635 0.011491402116402117
5 0.3552827380952381 0.05406746031746032 0.026041666666666668 0.055224867724867725
0 0.3533878968253968 0.5004828042328042 0.038072916666666665 0.01384589947089947
5 0.2127232142857143 0.2887202380952381 0.039283234126984125 0.10813161375661376
0 0.3733010912698413 0.1659027777777778 0.021259920634920635 0.007810846560846561
0 0.49018353174603174 0.22219907407407405 0.023975694444444445 0.008968253968253969