3 0.7932787698412699 0.38740079365079366 0.16468253968253968 0.23875661375661375
3 0.46899801587301587 0.1583994708994709 0.10044642857142858 0.1111111111111111
3 0.6623263888888888 0.18287037037037038 0.09970238095238096 0.1207010582010582
5 0.4878472222222222 0.435515873015873 0.05381944444444445 0.2037037037037037
5 0.06262400793650794 0.8133267195767195 0.11408730158730158 0.30456349206349204
3 0.5953621031746031 0.08118386243386243 0.07787698412698413 0.10945767195767196
5 0.27901785714285715 0.4978505291005291 0.05803571428571429 0.20634920634920634
5 0.34685019841269843 0.22982804232804233 0.037450396825396824 0.12863756613756613
3 0.6220238095238095 0.03720238095238095 0.06125992063492063 0.07407407407407407
5 0.8446180555555556 0.1875 0.04513888888888889 0.11838624338624339
5 0.021577380952380952 0.5009920634920635 0.043154761904761904 0.2080026455026455
5 0.3160962301587302 0.17311507936507936 0.03447420634920635 0.11507936507936507
3 0.4283234126984127 0.02166005291005291 0.09945436507936507 0.04298941798941799
5 0.5513392857142857 0.015376984126984126 0.021577380952380952 0.030753968253968252
5 0.5121527777777778 0.01570767195767196 0.0220734126984127 0.03141534391534392
0 0.8023313492063492 0.47585978835978837 0.03844246031746032 0.014219576719576719
0 0.6573660714285714 0.21626984126984128 0.023561507936507936 0.00958994708994709
5 0.05084325396825397 0.10631613756613757 0.06547619047619048 0.08465608465608465
3 0.7287946428571429 0.022982804232804233 0.05530753968253968 0.045965608465608467
0 0.45200892857142855 0.18898809523809523 0.0220734126984127 0.008928571428571428
1 0.5936259920634921 0.11607142857142858 0.014136904761904762 0.009259259259259259