6 0.45300099206349204 0.3645833333333333 0.125 0.2533068783068783
2 0.26550099206349204 0.2630621693121693 0.1341765873015873 0.22552910052910052
3 0.5895337301587301 0.2786044973544973 0.07564484126984126 0.08630952380952381
5 0.18812003968253968 0.7734788359788359 0.07043650793650794 0.2443783068783069
3 0.03869047619047619 0.8650793650793651 0.07738095238095238 0.2648809523809524
5 0.7161458333333334 0.5287698412698413 0.05109126984126984 0.15376984126984128
5 0.11160714285714286 0.3685515873015873 0.03670634920634921 0.10648148148148148
5 0.3175843253968254 0.5539021164021164 0.06498015873015874 0.1550925925925926
3 0.49975198412698413 0.1746031746031746 0.04985119047619048 0.06911375661375661
3 0.48412698412698413 0.242228835978836 0.06746031746031746 0.07539682539682539
5 0.7552083333333334 0.484457671957672 0.040674603174603176 0.13822751322751323
3 0.7766617063492064 0.13525132275132276 0.04538690476190476 0.04497354497354497
2 0.3740079365079365 0.08085317460317461 0.045882936507936505 0.06845238095238096
6 0.8027132936507937 0.08178571428571428 0.042638888888888886 0.06922949735449735
3 0.5034722222222222 0.07820767195767196 0.029513888888888888 0.040013227513227514
2 0.42075892857142855 0.1853505291005291 0.06547619047619048 0.11574074074074074
5 0.5868055555555556 0.2025462962962963 0.02132936507936508 0.06349206349206349
5 0.5621279761904762 0.22255291005291006 0.024057539682539684 0.06514550264550265
5 0.6183035714285714 0.17080026455026456 0.024057539682539684 0.05853174603174603
3 0.49503968253968256 0.1130952380952381 0.030753968253968252 0.03835978835978836
5 0.3695436507936508 0.20072751322751323 0.020337301587301588 0.060515873015873016
5 0.46552579365079366 0.08498677248677249 0.011904761904761904 0.03306878306878307
5 0.35900297619047616 0.18948412698412698 0.015873015873015872 0.05952380952380952
5 0.020957341269841268 0.33564814814814814 0.041666666666666664 0.06547619047619048
1 0.4526364087301587 0.46708333333333335 0.02011656746031746 0.012913359788359788
2 0.5457886904761905 0.12577050264550263 0.04880704365079365 0.08509920634920634
6 0.42577876984126983 0.13848544973544974 0.05935019841269842 0.11411375661375661
3 0.5556770833333333 0.07877645502645503 0.02787202380952381 0.029834656084656085
6 0.8106696428571428 0.18411375661375662 0.04736111111111111 0.10251322751322751