3 0.12338789682539683 0.45783730158730157 0.21825396825396826 0.23313492063492064
3 0.8673115079365079 0.791005291005291 0.2544642857142857 0.41798941798941797
3 0.05530753968253968 0.29480820105820105 0.11061507936507936 0.14781746031746032
3 0.5427827380952381 0.25992063492063494 0.10887896825396826 0.12665343915343916
3 0.45027281746031744 0.41005291005291006 0.15500992063492064 0.15773809523809523
3 0.543030753968254 0.1302910052910053 0.07341269841269842 0.08531746031746032
5 0.6853918650793651 0.5428240740740741 0.06448412698412699 0.2123015873015873
5 0.2692212301587302 0.48412698412698413 0.06001984126984127 0.17063492063492064
5 0.7552083333333334 0.47238756613756616 0.04811507936507937 0.18055555555555555
5 0.6843998015873016 0.3662367724867725 0.04290674603174603 0.15641534391534392
5 0.2197420634920635 0.23875661375661375 0.03373015873015873 0.11144179894179894
5 0.3844246031746032 0.17923280423280424 0.032242063492063495 0.09722222222222222
5 0.3151041666666667 0.26157407407407407 0.034970238095238096 0.11375661375661375
5 0.28410218253968256 0.2003968253968254 0.03373015873015873 0.10284391534391535
5 0.41865079365079366 0.1466600529100529 0.025297619047619048 0.08267195767195767
3 0.6246279761904762 0.020006613756613757 0.04563492063492063 0.040013227513227514
2 0.6583581349206349 0.08961640211640212 0.0835813492063492 0.13128306878306878
5 0.45907738095238093 0.13921957671957672 0.027281746031746032 0.08564814814814815
5 0.32155257936507936 0.07903439153439154 0.04389880952380952 0.06944444444444445
1 0.8820684523809523 0.9837962962962963 0.04563492063492063 0.031084656084656083
1 0.5314136904761905 0.29448412698412696 0.018105158730158732 0.012549603174603175
5 0.29476686507936506 0.1423611111111111 0.028273809523809524 0.07671957671957672
5 0.3343253968253968 0.20833333333333334 0.03720238095238095 0.10813492063492064
5 0.8875248015873016 0.028769841269841268 0.016865079365079364 0.056878306878306875
5 0.322296626984127 0.15641534391534392 0.029017857142857144 0.07705026455026455
5 0.5514632936507936 0.061507936507936505 0.01984126984126984 0.056216931216931214
5 0.5220734126984127 0.056216931216931214 0.01984126984126984 0.05919312169312169
5 0.5055803571428571 0.02976190476190476 0.018105158730158732 0.056878306878306875
5 0.5811011904761905 0.02595899470899471 0.014632936507936508 0.047619047619047616
5 0.3804563492063492 0.05340608465608466 0.025793650793650792 0.060515873015873016
0 0.07118055555555555 0.5355489417989417 0.04092261904761905 0.01455026455026455
5 0.5546875 0.027447089947089946 0.017857142857142856 0.05026455026455026
5 0.529265873015873 0.017691798941798943 0.01711309523809524 0.035383597883597885
5 0.5885416666666666 0.01488095238095238 0.016617063492063492 0.02943121693121693
4 0.3427678571428571 0.05945767195767196 0.014506448412698414 0.045846560846560844