3 0.37686011904761907 0.6727843915343915 0.21378968253968253 0.36078042328042326
3 0.0638640873015873 0.30853174603174605 0.1277281746031746 0.13425925925925927
5 0.5456349206349206 0.8827711640211641 0.08978174603174603 0.23445767195767195
5 0.7602926587301587 0.7245370370370371 0.07242063492063493 0.2400793650793651
3 0.6016865079365079 0.2700066137566138 0.08953373015873016 0.125
3 0.5 0.1927910052910053 0.08060515873015874 0.11805555555555555
5 0.5993303571428571 0.484457671957672 0.051587301587301584 0.18353174603174602
5 0.27033730158730157 0.453207671957672 0.05431547619047619 0.16137566137566137
3 0.4419642857142857 0.14699074074074073 0.0642361111111111 0.07506613756613757
3 0.3881448412698413 0.07142857142857142 0.07018849206349206 0.05886243386243386
3 0.9383680555555556 0.08035714285714286 0.03720238095238095 0.05423280423280423
5 0.3515625 0.2749669312169312 0.03546626984126984 0.11044973544973545
5 0.21614583333333334 0.3072089947089947 0.037450396825396824 0.11276455026455026
6 0.5298859126984127 0.0744047619047619 0.060267857142857144 0.11474867724867725
3 0.4506448412698413 0.053075396825396824 0.042162698412698416 0.05423280423280423
3 0.7434275793650794 0.05076058201058201 0.034722222222222224 0.046957671957671955
5 0.9854910714285714 0.164021164021164 0.029017857142857144 0.07374338624338625
3 0.9305555555555556 0.14252645502645503 0.030257936507936508 0.07076719576719577
5 0.19990079365079366 0.23032407407407407 0.03050595238095238 0.0916005291005291
5 0.3804563492063492 0.20502645502645503 0.031746031746031744 0.08597883597883597
5 0.599578373015873 0.05324074074074074 0.01711309523809524 0.05125661375661376
5 0.6108630952380952 0.1595568783068783 0.024305555555555556 0.0787037037037037
3 0.4392361111111111 0.022486772486772486 0.03546626984126984 0.04332010582010582
5 0.7731894841269841 0.0787037037037037 0.023313492063492064 0.05654761904761905
3 0.7537202380952381 0.023148148148148147 0.04141865079365079 0.045965608465608467
5 0.6039186507936508 0.113260582010582 0.023065476190476192 0.06018518518518518
5 0.474578373015873 0.08134920634920635 0.019097222222222224 0.056878306878306875
0 0.35205853174603174 0.8153108465608465 0.05009920634920635 0.017526455026455025
5 0.31820436507936506 0.07126322751322751 0.027529761904761904 0.052248677248677246
3 0.7969990079365079 0.04712301587301587 0.019593253968253968 0.055224867724867725
0 0.024697420634920635 0.3525330687830688 0.027819940476190477 0.008558201058201058
1 0.5997023809523809 0.30853174603174605 0.01636904761904762 0.010912698412698412
5 0.5938740079365079 0.011739417989417989 0.01240079365079365 0.023478835978835978
5 0.4228670634920635 0.10615079365079365 0.020833333333333332 0.04894179894179894
5 0.017981150793650792 0.1488095238095238 0.03546626984126984 0.06018518518518518
5 0.6178075396825397 0.037533068783068786 0.01636904761904762 0.04794973544973545
5 0.5457589285714286 0.008101851851851851 0.012152777777777778 0.016203703703703703
5 0.4782986111111111 0.02199074074074074 0.017609126984126984 0.0419973544973545
1 0.4973958333333333 0.21946759259259258 0.013469742063492064 0.010297619047619049
2 0.37071180555555555 0.03770833333333334 0.07166666666666666 0.07541666666666667
5 0.4159201388888889 0.017582671957671957 0.01318700396825397 0.03516534391534391
4 0.4144097222222222 0.04560185185185185 0.013462301587301587 0.01941468253968254