3 0.20560515873015872 0.22139550264550265 0.11210317460317461 0.11078042328042328
5 0.16555059523809523 0.3723544973544973 0.05927579365079365 0.13326719576719576
5 0.30183531746031744 0.45419973544973546 0.051835317460317464 0.16170634920634921
5 0.5169890873015873 0.4879298941798942 0.049107142857142856 0.16997354497354497
3 0.5126488095238095 0.2857142857142857 0.08209325396825397 0.13988095238095238
5 0.3680555555555556 0.25578703703703703 0.03050595238095238 0.09986772486772487
3 0.4076140873015873 0.08845899470899471 0.04538690476190476 0.05191798941798942
5 0.6981646825396826 0.21081349206349206 0.028025793650793652 0.08664021164021164
5 0.28311011904761907 0.23544973544973544 0.029017857142857144 0.09027777777777778
5 0.030133928571428572 0.6335978835978836 0.06001984126984127 0.2218915343915344
5 0.4107142857142857 0.21329365079365079 0.029265873015873016 0.08498677248677249
5 0.6134672619047619 0.1906415343915344 0.023561507936507936 0.07738095238095238
5 0.5571676587301587 0.10416666666666667 0.018353174603174604 0.0582010582010582
5 0.3162202380952381 0.1583994708994709 0.025297619047619048 0.06613756613756613
5 0.4348958333333333 0.14269179894179895 0.022321428571428572 0.0625
5 0.5164930555555556 0.10912698412698413 0.018601190476190476 0.05588624338624339
5 0.47966269841269843 0.10846560846560846 0.01711309523809524 0.05588624338624339
5 0.6922123015873016 0.0873015873015873 0.015128968253968254 0.05291005291005291
5 0.6418650793650794 0.11425264550264551 0.019345238095238096 0.05853174603174603
5 0.9830109126984127 0.1195436507936508 0.015376984126984126 0.06018518518518518
5 0.5796130952380952 0.08482142857142858 0.015376984126984126 0.04861111111111111
5 0.8434027777777777 0.09738756613756613 0.018055555555555554 0.05059854497354497
5 0.5951140873015873 0.05935846560846561 0.015128968253968254 0.05423280423280423
5 0.6338045634920635 0.06927910052910052 0.016617063492063492 0.045965608465608467
5 0.5592757936507936 0.037698412698412696 0.013640873015873016 0.042328042328042326
0 0.5093501984126984 0.32551256613756613 0.022973710317460316 0.008095238095238095
5 0.9934275793650794 0.04976851851851852 0.012896825396825396 0.05026455026455026
5 0.40649801587301587 0.1324404761904762 0.017361111111111112 0.06514550264550265
4 0.07688492063492064 0.19411375661375663 0.020833333333333332 0.0744047619047619
5 0.5159970238095238 0.04712301587301587 0.014632936507936508 0.04332010582010582
3 0.4019097222222222 0.013062169312169311 0.032242063492063495 0.026124338624338623
5 0.6378968253968254 0.027943121693121693 0.013392857142857142 0.03869047619047619
5 0.619171626984127 0.021494708994708994 0.012152777777777778 0.03571428571428571
5 0.6546378968253969 0.012235449735449735 0.010168650793650794 0.02447089947089947
5 0.5828373015873016 0.024966931216931217 0.011160714285714286 0.03670634920634921
5 0.5379464285714286 0.02662037037037037 0.013640873015873016 0.03736772486772487
0 0.18095238095238095 0.25462962962962965 0.018901289682539683 0.007027116402116402
5 0.8417261904761905 0.06810185185185186 0.015887896825396826 0.03466931216931217