3 0.6153273809523809 0.2585978835978836 0.09350198412698413 0.12996031746031747
5 0.23239087301587302 0.6631944444444444 0.07018849206349206 0.23313492063492064
5 0.16480654761904762 0.4887566137566138 0.05679563492063492 0.16335978835978837
3 0.6457093253968254 0.10052910052910052 0.053075396825396824 0.07142857142857142
5 0.2411954365079365 0.3331679894179894 0.04290674603174603 0.1292989417989418
5 0.7338789682539683 0.45353835978835977 0.047619047619047616 0.16468253968253968
5 0.4181547619047619 0.3331679894179894 0.04092261904761905 0.12268518518518519
5 0.5651041666666666 0.3811177248677249 0.036210317460317464 0.13260582010582012
5 0.7301587301587301 0.2787698412698413 0.031001984126984128 0.10714285714285714
3 0.6741071428571429 0.07605820105820106 0.04538690476190476 0.06018518518518518
2 0.4851190476190476 0.11011904761904762 0.08134920634920635 0.1306216931216931
2 0.5164930555555556 0.04365079365079365 0.10094246031746032 0.08697089947089948
5 0.29389880952380953 0.24834656084656084 0.03422619047619048 0.09325396825396826
5 0.7090773809523809 0.1605489417989418 0.024305555555555556 0.07407407407407407
5 0.1134672619047619 0.2837301587301587 0.043402777777777776 0.10681216931216932
3 0.740203373015873 0.028439153439153438 0.031746031746031744 0.03736772486772487
5 0.5921378968253969 0.12384259259259259 0.02132936507936508 0.06183862433862434
5 0.7625248015873016 0.10714285714285714 0.021081349206349208 0.05853174603174603
6 0.6170634920634921 0.04034391534391534 0.051835317460317464 0.08002645502645503
2 0.5452628968253969 0.18501984126984128 0.10639880952380952 0.14384920634920634
4 0.020089285714285716 0.27992724867724866 0.024305555555555556 0.08333333333333333
3 0.7254464285714286 0.013558201058201057 0.027777777777777776 0.026785714285714284
5 0.9291914682539683 0.043816137566137565 0.012896825396825396 0.03968253968253968
5 0.7780257936507936 0.016203703703703703 0.012152777777777778 0.031746031746031744
4 0.2997048611111111 0.16780092592592594 0.024357638888888887 0.06877645502645502
4 0.33314732142857145 0.08615079365079364 0.013551587301587302 0.04882936507936508
0 0.607938988095238 0.2945469576719577 0.021986607142857145 0.00837632275132275