6 0.5494791666666666 0.49537037037037035 0.21453373015873015 0.4236111111111111
3 0.8190724206349206 0.5320767195767195 0.19990079365079366 0.24702380952380953
3 0.19035218253968253 0.7491732804232805 0.21155753968253968 0.35615079365079366
3 0.24417162698412698 0.29910714285714285 0.11383928571428571 0.16865079365079366
3 0.431671626984127 0.2845568783068783 0.11408730158730158 0.13822751322751323
3 0.4680059523809524 0.1185515873015873 0.08134920634920635 0.08267195767195767
3 0.34164186507936506 0.15261243386243387 0.0798611111111111 0.09722222222222222
3 0.3056795634920635 0.08630952380952381 0.07713293650793651 0.08763227513227513
5 0.6867559523809523 0.11789021164021164 0.06076388888888889 0.07341269841269842
5 0.1271081349206349 0.31960978835978837 0.03993055555555555 0.1292989417989418
5 0.054811507936507936 0.34771825396825395 0.04389880952380952 0.13723544973544974
3 0.32068452380952384 0.0419973544973545 0.06498015873015874 0.059854497354497355
5 0.09325396825396826 0.23528439153439154 0.034970238095238096 0.10648148148148148
5 0.07229662698412699 0.15261243386243387 0.030753968253968252 0.08961640211640212
5 0.029637896825396824 0.27744708994708994 0.03695436507936508 0.11607142857142858
5 0.1861359126984127 0.05853174603174603 0.02058531746031746 0.06580687830687831
5 0.1433531746031746 0.17526455026455026 0.030753968253968252 0.09126984126984126
5 0.15240575396825398 0.2584325396825397 0.03521825396825397 0.11970899470899471
1 0.18998015873015872 0.87880291005291 0.03943452380952381 0.027116402116402115
5 0.09833829365079365 0.05787037037037037 0.019593253968253968 0.06183862433862434
5 0.6094990079365079 0.1306216931216931 0.027281746031746032 0.08134920634920635
3 0.6057787698412699 0.9604828042328042 0.2601686507936508 0.07903439153439154
5 0.1388888888888889 0.03009259259259259 0.017361111111111112 0.056878306878306875
1 0.56296875 0.6806084656084656 0.03069940476190476 0.02072420634920635
3 0.22730654761904762 0.00958994708994709 0.05133928571428571 0.01917989417989418
5 0.3627232142857143 0.011574074074074073 0.017361111111111112 0.023148148148148147
0 0.8551587301587301 0.6243386243386243 0.041666666666666664 0.01455026455026455
1 0.24888392857142858 0.3521825396825397 0.019593253968253968 0.013888888888888888
5 0.006076388888888889 0.3680555555555556 0.012152777777777778 0.13227513227513227
0 0.48561507936507936 0.13971560846560846 0.016617063492063492 0.007936507936507936
0 0.35264384920634917 0.18023148148148146 0.01853174603174603 0.008181216931216932