3 0.29675099206349204 0.490244708994709 0.15922619047619047 0.16732804232804233
3 0.1935763888888889 0.2585978835978836 0.10813492063492064 0.10615079365079365
3 0.5747767857142857 0.35201719576719576 0.09375 0.12003968253968254
3 0.38244047619047616 0.2630621693121693 0.09424603174603174 0.11243386243386243
3 0.5498511904761905 0.17625661375661375 0.05704365079365079 0.07076719576719577
3 0.9753224206349206 0.3017526455026455 0.049107142857142856 0.10416666666666667
5 0.2347470238095238 0.36259920634920634 0.03571428571428571 0.10714285714285714
3 0.4626736111111111 0.13227513227513227 0.04935515873015873 0.04828042328042328
3 0.7941468253968254 0.12202380952380952 0.0339781746031746 0.05092592592592592
3 0.38665674603174605 0.13210978835978837 0.04290674603174603 0.04728835978835979
5 0.9544890873015873 0.21395502645502645 0.02628968253968254 0.07506613756613757
5 0.29972718253968256 0.22288359788359788 0.023809523809523808 0.07175925925925926
5 0.7924107142857143 0.9131944444444444 0.1076388888888889 0.1736111111111111
5 0.45436507936507936 0.17989417989417988 0.019097222222222224 0.061507936507936505
5 0.5013640873015873 0.13971560846560846 0.016121031746031748 0.05125661375661376
5 0.42212301587301587 0.1765873015873016 0.019345238095238096 0.05853174603174603
1 0.5685763888888888 0.38855820105820105 0.016865079365079364 0.012566137566137565
5 0.5414186507936508 0.12483465608465609 0.018353174603174604 0.03505291005291005
2 0.6201636904761905 0.017857142857142856 0.04389880952380952 0.03571428571428571
0 0.2602926587301587 0.544973544973545 0.031001984126984128 0.011574074074074073
3 0.380828373015873 0.05638227513227513 0.029017857142857144 0.03042328042328042
5 0.5080605158730159 0.08035714285714286 0.01240079365079365 0.03902116402116402
4 0.020709325396825396 0.2567791005291005 0.023809523809523808 0.07771164021164022
0 0.16951884920634921 0.2898478835978836 0.018105158730158732 0.007605820105820105
5 0.9631696428571429 0.0894510582010582 0.01314484126984127 0.040013227513227514
5 0.6094990079365079 0.046792328042328045 0.010912698412698412 0.031084656084656083
5 0.6623263888888888 0.06431878306878307 0.011408730158730158 0.03406084656084656
5 0.34833829365079366 0.13855820105820105 0.01636904761904762 0.04431216931216931
5 0.47953869047619047 0.09672619047619048 0.015128968253968254 0.037037037037037035
5 0.5851934523809523 0.055224867724867725 0.010416666666666666 0.03869047619047619
5 0.9543650793650794 0.07275132275132275 0.012896825396825396 0.0333994708994709
5 0.48325892857142855 0.08382936507936507 0.015873015873015872 0.03802910052910053
1 0.3669196428571429 0.29074074074074074 0.011557539682539683 0.011904761904761904
5 0.5698164682539683 0.03009259259259259 0.01066468253968254 0.03042328042328042