3 0.03608630952380952 0.3406084656084656 0.07217261904761904 0.15079365079365079
2 0.25012400793650796 0.45171957671957674 0.21378968253968253 0.34755291005291006
3 0.5967261904761905 0.10218253968253968 0.06572420634920635 0.08300264550264551
3 0.3072916666666667 0.2523148148148148 0.0954861111111111 0.12103174603174603
6 0.5031001984126984 0.6359126984126984 0.326140873015873 0.7281746031746031
3 0.4898313492063492 0.11656746031746032 0.05853174603174603 0.07407407407407407
3 0.40414186507936506 0.10730820105820106 0.05927579365079365 0.0710978835978836
5 0.6935763888888888 0.3220899470899471 0.044890873015873016 0.13558201058201058
3 0.4884672619047619 0.06084656084656084 0.053075396825396824 0.06911375661375661
5 0.7302827380952381 0.2650462962962963 0.036210317460317464 0.11838624338624339
3 0.48586309523809523 0.25479497354497355 0.08705357142857142 0.04828042328042328
5 0.6102430555555556 0.3151455026455027 0.03670634920634921 0.12533068783068782
5 0.15637400793650794 0.33349867724867727 0.038938492063492064 0.13392857142857142
5 0.6535218253968254 0.15178571428571427 0.028025793650793652 0.08498677248677249
3 0.31398809523809523 0.15806878306878308 0.10168650793650794 0.12334656084656084
5 0.21416170634920634 0.12301587301587301 0.03546626984126984 0.06514550264550265
5 0.43353174603174605 0.16947751322751323 0.03298611111111111 0.08796296296296297
3 0.5607638888888888 0.0248015873015873 0.0496031746031746 0.0496031746031746
3 0.8082837301587301 0.09606481481481481 0.03794642857142857 0.07605820105820106
2 0.38392857142857145 0.03521825396825397 0.06498015873015874 0.07043650793650794
5 0.40302579365079366 0.2681878306878307 0.035962301587301584 0.11474867724867725
5 0.9833829365079365 0.13078703703703703 0.03050595238095238 0.08167989417989419
3 0.5908978174603174 0.05340608465608466 0.05084325396825397 0.052248677248677246
5 0.9885912698412699 0.02943121693121693 0.022321428571428572 0.05588624338624339
5 0.28893849206349204 0.07142857142857142 0.028025793650793652 0.0539021164021164
5 0.763640873015873 0.03141534391534392 0.01711309523809524 0.056216931216931214
0 0.22544642857142858 0.593915343915344 0.04141865079365079 0.01455026455026455
5 0.6326884920634921 0.028273809523809524 0.018849206349206348 0.05291005291005291
5 0.13690476190476192 0.12367724867724868 0.03571428571428571 0.05588624338624339
5 0.9827628968253969 0.10383597883597884 0.03249007936507937 0.07771164021164022
5 0.29243551587301586 0.023564814814814816 0.03665922619047619 0.033892195767195765
5 0.36594742063492064 0.14484126984126985 0.018601190476190476 0.0582010582010582
5 0.2209250992063492 0.05258267195767195 0.02498263888888889 0.05853174603174603
4 0.20718501984126983 0.0511574074074074 0.01320436507936508 0.05948412698412698