3 0.2641059027777778 0.6205150462962963 0.25390625 0.3576388888888889
3 0.7864583333333334 0.5811631944444444 0.2604166666666667 0.31828703703703703
3 0.6899956597222222 0.1886574074074074 0.13802083333333334 0.14872685185185186
6 0.4475911458333333 0.1323784722222222 0.20963541666666666 0.2647569444444444
5 0.8708767361111112 0.8755787037037037 0.09700520833333333 0.2488425925925926
5 0.1796875 0.39858217592592593 0.07877604166666667 0.18605324074074073
5 0.7786458333333334 0.35865162037037035 0.06922743055555555 0.13917824074074073
5 0.8199869791666666 0.11530671296296297 0.03797743055555555 0.1293402777777778
5 0.040473090277777776 0.08622685185185185 0.03797743055555555 0.11574074074074074
5 0.1919487847222222 0.03370949074074074 0.034505208333333336 0.06741898148148148
1 0.2580295138888889 0.7213541666666666 0.035590277777777776 0.03269675925925926
1 0.4712456597222222 0.22077546296296297 0.021701388888888888 0.016203703703703703
1 0.7114561631944444 0.2281712962962963 0.021124131944444444 0.01558738425925926
5 0.333984375 0.055266203703703706 0.026258680555555556 0.10648148148148148
2 0.5674913194444444 0.05483217592592592 0.14192708333333334 0.109375
0 0.8229166666666666 0.6940104166666666 0.05967881944444445 0.019097222222222224
0 0.5753103298611112 0.08193865740740741 0.02595703125 0.007939814814814814