3 0.2034970238095238 0.8407738095238095 0.2130456349206349 0.2218915343915344
3 0.53125 0.6597222222222222 0.15749007936507936 0.20105820105820105
3 0.04538690476190476 0.6597222222222222 0.09077380952380952 0.2261904761904762
3 0.5353422619047619 0.3559854497354497 0.07316468253968254 0.08862433862433862
5 0.16604662698412698 0.6759259259259259 0.051835317460317464 0.15443121693121692
5 0.8525545634920635 0.9075727513227513 0.06374007936507936 0.18485449735449735
5 0.7273065476190477 0.6236772486772487 0.04563492063492063 0.1531084656084656
5 0.2725694444444444 0.5004960317460317 0.03447420634920635 0.11011904761904762
3 0.9625496031746031 0.42212301587301587 0.06274801587301587 0.10317460317460317
3 0.6537698412698413 0.3697089947089947 0.06696428571428571 0.08267195767195767
5 0.23028273809523808 0.5798611111111112 0.03968253968253968 0.1306216931216931
5 0.28137400793650796 0.6691468253968254 0.04513888888888889 0.15145502645502645
5 0.2978670634920635 0.6021825396825397 0.041914682539682536 0.1292989417989418
5 0.7380952380952381 0.544973544973545 0.041914682539682536 0.09623015873015874
3 0.1501736111111111 0.3002645502645503 0.06101190476190476 0.06183862433862434
5 0.38504464285714285 0.4308862433862434 0.029017857142857144 0.08862433862433862
5 0.45696924603174605 0.46395502645502645 0.028273809523809524 0.09788359788359788
1 0.1640625 0.9069113756613757 0.030753968253968252 0.023478835978835978
5 0.318328373015873 0.46147486772486773 0.03149801587301587 0.09953703703703703
5 0.43253968253968256 0.4322089947089947 0.027529761904761904 0.09292328042328042
5 0.3621031746031746 0.3999669312169312 0.023809523809523808 0.07804232804232804
5 0.07688492063492064 0.48677248677248675 0.044890873015873016 0.105489417989418
5 0.3803323412698413 0.3191137566137566 0.0220734126984127 0.062169312169312166
5 0.6634424603174603 0.41104497354497355 0.029513888888888888 0.08333333333333333
5 0.17671130952380953 0.35102513227513227 0.023809523809523808 0.07308201058201058
3 0.7239583333333334 0.2650462962962963 0.046378968253968256 0.056216931216931214
5 0.615203373015873 0.34011243386243384 0.02058531746031746 0.06415343915343916
0 0.5199801587301587 0.7099305555555555 0.03846974206349207 0.012126322751322752
5 0.7047371031746031 0.33978174603174605 0.0220734126984127 0.07208994708994709
5 0.3141121031746032 0.3880621693121693 0.026785714285714284 0.07043650793650794
5 0.5993303571428571 0.3020833333333333 0.01711309523809524 0.055224867724867725
5 0.3167162698412698 0.3263888888888889 0.022569444444444444 0.06448412698412699
3 0.6557539682539683 0.2665343915343915 0.04241071428571429 0.04398148148148148
5 0.3998015873015873 0.37103174603174605 0.023809523809523808 0.06845238095238096
5 0.4056299603174603 0.33283730158730157 0.0220734126984127 0.05952380952380952
3 0.6325644841269841 0.2551256613756614 0.035962301587301584 0.041005291005291
5 0.7258184523809523 0.3057208994708995 0.020337301587301588 0.05588624338624339
5 0.5208333333333334 0.289021164021164 0.01711309523809524 0.05357142857142857
5 0.6915922619047619 0.3039021164021164 0.017609126984126984 0.05489417989417989
5 0.6653025793650794 0.3002645502645503 0.017857142857142856 0.056216931216931214
5 0.46478174603174605 0.27976190476190477 0.019345238095238096 0.05291005291005291
4 0.10999503968253968 0.41782407407407407 0.019593253968253968 0.0763888888888889
5 0.9507688492063492 0.3136574074074074 0.019097222222222224 0.05952380952380952
5 0.9689980158730159 0.28488756613756616 0.018105158730158732 0.04894179894179894
5 0.5677083333333334 0.2468584656084656 0.015128968253968254 0.04563492063492063
5 0.44642857142857145 0.37962962962962965 0.023065476190476192 0.06514550264550265
5 0.4459325396825397 0.3220899470899471 0.019345238095238096 0.055224867724867725
5 0.9417162698412699 0.3523478835978836 0.02058531746031746 0.06283068783068783
5 0.5296378968253969 0.2619047619047619 0.016617063492063492 0.04298941798941799
5 0.46056547619047616 0.34672619047619047 0.022817460317460316 0.07308201058201058
5 0.9711061507936508 0.35912698412698413 0.024057539682539684 0.037037037037037035
0 0.9711061507936508 0.4479166666666667 0.02058531746031746 0.007936507936507936