3 0.7430555555555556 0.6284722222222222 0.16021825396825398 0.2056878306878307
2 0.3540426587301587 0.38293650793650796 0.2105654761904762 0.32936507936507936
3 0.6276041666666666 0.4537037037037037 0.11681547619047619 0.14649470899470898
3 0.0818452380952381 0.5261243386243386 0.16145833333333334 0.16335978835978837
3 0.6884920634920635 0.31283068783068785 0.08655753968253968 0.1173941798941799
5 0.892609126984127 0.5474537037037037 0.051587301587301584 0.15178571428571427
5 0.8725198412698413 0.4427910052910053 0.04092261904761905 0.11838624338624339
6 0.9377480158730159 0.13822751322751323 0.07415674603174603 0.1283068783068783
6 0.6107390873015873 0.22156084656084657 0.09226190476190477 0.16865079365079366
3 0.5318700396825397 0.19295634920634921 0.05555555555555555 0.06977513227513228
2 0.7366071428571429 0.22255291005291006 0.09027777777777778 0.1345899470899471
2 0.5230654761904762 0.10978835978835978 0.045882936507936505 0.0744047619047619
5 0.9675099206349206 0.251984126984127 0.028521825396825396 0.07539682539682539
3 0.6127232142857143 0.12119708994708994 0.030753968253968252 0.031084656084656083
2 0.6302083333333334 0.06299603174603174 0.046875 0.055224867724867725
5 0.5081845238095238 0.2986111111111111 0.022569444444444444 0.0796957671957672
0 0.037078373015873016 0.5833333333333334 0.032242063492063495 0.010582010582010581
2 0.9361359126984127 0.03902116402116402 0.028521825396825396 0.037698412698412696
5 0.03658234126984127 0.33812830687830686 0.0441468253968254 0.06911375661375661
5 0.4444444444444444 0.2166005291005291 0.021825396825396824 0.052248677248677246
3 0.6924603174603174 0.10036375661375661 0.03273809523809524 0.03670634920634921
3 0.9918154761904762 0.0796957671957672 0.016121031746031748 0.03306878306878307
2 0.5612599206349206 0.3060515873015873 0.09697420634920635 0.17923280423280424
5 0.6696428571428571 0.11838624338624339 0.012896825396825396 0.037698412698412696
5 0.9913194444444444 0.19212962962962962 0.015873015873015872 0.05787037037037037
3 0.706969246031746 0.1259920634920635 0.03447420634920635 0.04794973544973545
0 0.7395833333333334 0.7020502645502645 0.04117063492063492 0.01521164021164021
3 0.984375 0.06514550264550265 0.023065476190476192 0.025793650793650792
5 0.9565972222222222 0.06448412698412699 0.010912698412698412 0.026785714285714284
0 0.6256374007936508 0.49941137566137567 0.028236607142857143 0.009427910052910054
1 0.5567336309523809 0.3722585978835979 0.015533234126984128 0.010796957671957671
3 0.638296130952381 0.12750661375661376 0.03621279761904762 0.03128306878306878
3 0.6502827380952381 0.16422949735449735 0.024481646825396823 0.04420304232804233
2 0.660610119047619 0.07837301587301587 0.028306051587301585 0.04590277777777778
3 0.5603893849206348 0.08755291005291005 0.028816964285714286 0.02754298941798942
3 0.5776041666666667 0.07684523809523809 0.02244047619047619 0.024480820105820107
3 0.7246031746031746 0.08934193121693122 0.027452876984126982 0.026970899470899472
3 0.6885714285714286 0.07573412698412699 0.02546626984126984 0.02528439153439153