3 0.9236111111111112 0.3570601851851852 0.1527777777777778 0.17737268518518517
5 0.2623697916666667 0.8929398148148148 0.10026041666666667 0.21383101851851852
2 0.6300998263888888 0.35517939814814814 0.3131510416666667 0.4019097222222222
3 0.8250868055555556 0.2513020833333333 0.1462673611111111 0.16001157407407407
2 0.1644965277777778 0.48234953703703703 0.3161892361111111 0.5593171296296297
5 0.06282552083333333 0.8904803240740741 0.1017795138888889 0.21903935185185186
3 0.15342881944444445 0.07465277777777778 0.0881076388888889 0.09259259259259259
3 0.0771484375 0.11125578703703703 0.09309895833333333 0.10243055555555555
2 0.5301649305555556 0.06756365740740741 0.3003472222222222 0.13512731481481483
5 0.3492838541666667 0.41116898148148145 0.05295138888888889 0.18113425925925927
3 0.19694010416666666 0.04065393518518518 0.08637152777777778 0.08130787037037036
5 0.6810980902777778 0.14380787037037038 0.03884548611111111 0.10387731481481481
1 0.6656901041666666 0.5435474537037037 0.028645833333333332 0.01707175925925926
1 0.1706814236111111 0.7356770833333334 0.037109375 0.02459490740740741
5 0.07703993055555555 0.02618634259259259 0.025390625 0.05237268518518518
1 0.9742838541666666 0.4049479166666667 0.024305555555555556 0.016203703703703703
1 0.08561197916666667 0.1388888888888889 0.016710069444444444 0.011574074074074073
5 0.9711371527777778 0.7549189814814815 0.05772569444444445 0.10966435185185185
5 0.013454861111111112 0.31004050925925924 0.026909722222222224 0.1449652777777778
1 0.21071180555555558 0.06068576388888888 0.012586805555555556 0.010127314814814815
6 0.3244357638888889 0.19458912037037038 0.1519097222222222 0.24739583333333334
0 0.33026909722222225 0.28759837962962964 0.028591579861111112 0.011539351851851853
1 0.1636284722222222 0.09620949074074074 0.014973958333333334 0.01099537037037037
1 0.6428580729166666 0.11376736111111112 0.011278211805555556 0.009450231481481481
0 0.85611328125 0.30028067129629626 0.017083333333333332 0.009308449074074075
1 0.23457031250000002 0.009554398148148149 0.009973958333333333 0.01058738425925926