3 0.7358630952380952 0.5390211640211641 0.1470734126984127 0.24636243386243387
6 0.1847718253968254 0.6223544973544973 0.29117063492063494 0.6514550264550265
3 0.6651785714285714 0.29050925925925924 0.07663690476190477 0.09391534391534391
3 0.5956101190476191 0.18237433862433863 0.03844246031746032 0.04563492063492063
2 0.8040674603174603 0.37797619047619047 0.11780753968253968 0.1927910052910053
3 0.3998015873015873 0.29894179894179895 0.05679563492063492 0.09027777777777778
5 0.3678075396825397 0.4011243386243386 0.045882936507936505 0.09391534391534391
3 0.7090773809523809 0.16964285714285715 0.04241071428571429 0.045965608465608467
3 0.8069196428571429 0.9594907407407407 0.2048611111111111 0.08101851851851852
5 0.5396825396825397 0.39302248677248675 0.02703373015873016 0.09093915343915344
3 0.015128968253968254 0.29034391534391535 0.030257936507936508 0.0667989417989418
5 0.9471726190476191 0.27199074074074076 0.024057539682539684 0.062169312169312166
5 0.5141369047619048 0.3635912698412698 0.028769841269841268 0.08465608465608465
5 0.9296875 0.48908730158730157 0.039186507936507936 0.12202380952380952
5 0.9494047619047619 0.4419642857142857 0.03819444444444445 0.105489417989418
5 0.5952380952380952 0.35830026455026454 0.028769841269841268 0.08697089947089948
5 0.8092757936507936 0.24702380952380953 0.021577380952380952 0.057539682539682536
5 0.49330357142857145 0.33283730158730157 0.02132936507936508 0.07341269841269842
5 0.6405009920634921 0.23015873015873015 0.019345238095238096 0.046296296296296294
3 0.40612599206349204 0.2465277777777778 0.04563492063492063 0.054563492063492064
2 0.6726190476190477 0.1195436507936508 0.10143849206349206 0.05588624338624339
5 0.7316468253968254 0.2273478835978836 0.020089285714285716 0.05357142857142857
3 0.37624007936507936 0.14682539682539683 0.044642857142857144 0.04828042328042328
5 0.7478918650793651 0.24421296296296297 0.020089285714285716 0.056216931216931214
5 0.8681795634920635 0.23528439153439154 0.017361111111111112 0.05357142857142857
5 0.5492311507936508 0.2931547619047619 0.023065476190476192 0.06779100529100529
1 0.2082093253968254 0.8844246031746031 0.03447420634920635 0.026124338624338623
5 0.9892113095238095 0.2671957671957672 0.021577380952380952 0.05324074074074074
5 0.552703373015873 0.21428571428571427 0.016617063492063492 0.046296296296296294
5 0.04228670634920635 0.2726521164021164 0.023065476190476192 0.059854497354497355
5 0.6010664682539683 0.23892195767195767 0.018105158730158732 0.049933862433862435
5 0.8131200396825397 0.1380621693121693 0.01984126984126984 0.028108465608465607
5 0.5886656746031746 0.2622354497354497 0.020089285714285716 0.05952380952380952
5 0.4201388888888889 0.19163359788359788 0.014632936507936508 0.040674603174603176
5 0.7535962301587301 0.17708333333333334 0.014136904761904762 0.03835978835978836
2 0.3166145833333333 0.01886574074074074 0.08239087301587301 0.029351851851851855
1 0.7425595238095238 0.642691798941799 0.021825396825396824 0.01521164021164021
5 0.7614087301587301 0.1927910052910053 0.014384920634920634 0.04332010582010582
5 0.5587797619047619 0.1400462962962963 0.011408730158730158 0.03141534391534392
5 0.00496031746031746 0.20899470899470898 0.009672619047619048 0.04431216931216931
5 0.8740079365079365 0.14401455026455026 0.021825396825396824 0.03009259259259259
5 0.8533655753968253 0.15044312169312168 0.026917162698412697 0.032103174603174606
5 0.7292906746031746 0.15856481481481483 0.012896825396825396 0.03439153439153439
5 0.5368303571428571 0.15336309523809524 0.011408730158730158 0.029910714285714287
1 0.8092286706349207 0.45668650793650795 0.017003968253968254 0.010654761904761905
1 0.6758829365079365 0.31807208994708996 0.01052579365079365 0.007288359788359788
5 0.5761855158730158 0.13546957671957674 0.008278769841269842 0.026769179894179894
5 0.5876165674603174 0.12967261904761904 0.007859623015873016 0.024150132275132276
5 0.6047271825396826 0.1278968253968254 0.009546130952380954 0.023214285714285715
5 0.6198735119047619 0.12630621693121694 0.00730406746031746 0.023773148148148147
6 0.5921750992063493 0.11050595238095239 0.035210813492063495 0.04303240740740741
2 0.4624280753968254 0.01740410052910053 0.06469246031746032 0.027708333333333335
3 0.34159474206349205 0.1366137566137566 0.030171130952380953 0.03138558201058201
5 0.39466021825396824 0.11022817460317459 0.01609623015873016 0.01935846560846561
3 0.06555555555555555 0.3636342592592593 0.07205853174603175 0.12444444444444444
5 0.5253497023809524 0.12806547619047617 0.00882440476190476 0.02490079365079365
5 0.5381051587301587 0.13288690476190476 0.010652281746031746 0.02398148148148148
3 0.9285267857142857 0.09873015873015874 0.040054563492063495 0.017827380952380952
3 0.9085069444444445 0.09398478835978835 0.02893105158730159 0.011302910052910052
3 0.905171130952381 0.08197420634920634 0.016475694444444446 0.012781084656084655
6 0.8715873015873016 0.0865707671957672 0.044052579365079364 0.01901124338624339