3 0.7923177083333334 0.31177662037037035 0.2282986111111111 0.2560763888888889
3 0.5805121527777778 0.4542824074074074 0.2250434027777778 0.3258101851851852
3 0.11176215277777778 0.2952835648148148 0.1636284722222222 0.21296296296296297
3 0.6618923611111112 0.06032986111111111 0.1332465277777778 0.12065972222222222
5 0.2001953125 0.4827835648148148 0.07161458333333333 0.2378472222222222
5 0.3544921875 0.3224826388888889 0.057074652777777776 0.1970486111111111
5 0.9187282986111112 0.7229456018518519 0.0881076388888889 0.3038194444444444
5 0.2696397569444444 0.3738425925925926 0.06488715277777778 0.21180555555555555
5 0.3388671875 0.0998263888888889 0.040364583333333336 0.13599537037037038
5 0.4638671875 0.16652199074074073 0.049262152777777776 0.1605902777777778
1 0.8361002604166666 0.3944936342592592 0.029188368055555556 0.01960648148148148
1 0.1201171875 0.3604513888888889 0.028645833333333332 0.02096354166666667
1 0.5954861111111112 0.5678530092592593 0.03624131944444445 0.02459490740740741
1 0.6882595486111112 0.08868634259259259 0.019314236111111112 0.013888888888888888
5 0.12445746527777778 0.9471932870370371 0.1247829861111111 0.10532407407407407