3 0.8335813492063492 0.4310515873015873 0.16765873015873015 0.23809523809523808
2 0.3793402777777778 0.20717592592592593 0.19072420634920634 0.2781084656084656
5 0.2709573412698413 0.7595899470899471 0.08432539682539683 0.28273809523809523
3 0.06039186507936508 0.6335978835978836 0.12078373015873016 0.2728174603174603
5 0.17063492063492064 0.3688822751322751 0.05530753968253968 0.15112433862433863
3 0.933531746031746 0.05720899470899471 0.05431547619047619 0.062169312169312166
3 0.48759920634920634 0.12136243386243387 0.05084325396825397 0.08697089947089948
5 0.6134672619047619 0.09887566137566138 0.025793650793650792 0.07539682539682539
2 0.5913938492063492 0.47437169312169314 0.20907738095238096 0.37367724867724866
5 0.5787450396825397 0.16898148148148148 0.03273809523809524 0.10218253968253968
1 0.3568948412698413 0.3272354497354497 0.017609126984126984 0.013888888888888888
5 0.5379464285714286 0.08581349206349206 0.021081349206349208 0.06779100529100529
5 0.4626736111111111 0.026455026455026454 0.02058531746031746 0.05257936507936508
5 0.5240575396825397 0.027281746031746032 0.01984126984126984 0.05423280423280423
5 0.5032242063492064 0.05324074074074074 0.01984126984126984 0.06382275132275132
5 0.7385912698412699 0.018353174603174604 0.016617063492063492 0.03670634920634921
1 0.5856696428571428 0.6274570105820106 0.030964781746031744 0.019464285714285715
0 0.8456770833333334 0.5181117724867724 0.03863095238095238 0.01462962962962963
5 0.4181547619047619 0.05357142857142857 0.024553571428571428 0.034722222222222224
5 0.5730406746031746 0.12665343915343916 0.028273809523809524 0.0667989417989418
4 0.03784722222222222 0.21360780423280426 0.024084821428571428 0.057916666666666665
4 0.040642361111111115 0.1683035714285714 0.02623511904761905 0.06938492063492063