3 0.10652281746031746 0.544973544973545 0.12177579365079365 0.12003968253968254
5 0.07465277777777778 0.7579365079365079 0.0597718253968254 0.16104497354497355
6 0.38777281746031744 0.44328703703703703 0.08581349206349206 0.14384920634920634
5 0.48127480158730157 0.7581018518518519 0.044642857142857144 0.15873015873015872
6 0.5690724206349206 0.39103835978835977 0.054563492063492064 0.10615079365079365
5 0.25297619047619047 0.5540674603174603 0.03422619047619048 0.09854497354497355
5 0.3804563492063492 0.611441798941799 0.03373015873015873 0.1164021164021164
3 0.494171626984127 0.3599537037037037 0.041666666666666664 0.04265873015873016
5 0.4506448412698413 0.4130291005291005 0.018105158730158732 0.056216931216931214
5 0.49094742063492064 0.44775132275132273 0.021577380952380952 0.07076719576719577
3 0.6283482142857143 0.30952380952380953 0.027281746031746032 0.031746031746031744
3 0.12723214285714285 0.46048280423280424 0.10441468253968254 0.06944444444444445
5 0.29365079365079366 0.41121031746031744 0.021081349206349208 0.056878306878306875
3 0.4949156746031746 0.3219246031746032 0.03447420634920635 0.037037037037037035
3 0.5096726190476191 0.28621031746031744 0.026041666666666668 0.025793650793650792
5 0.3179563492063492 0.4064153439153439 0.018849206349206348 0.05291005291005291
6 0.5882936507936508 0.5573743386243386 0.10590277777777778 0.2218915343915344
5 0.4391121031746032 0.3419312169312169 0.013888888888888888 0.040013227513227514
5 0.5389384920634921 0.320271164021164 0.013640873015873016 0.035383597883597885
5 0.45944940476190477 0.35267857142857145 0.015625 0.046957671957671955
5 0.5590277777777778 0.3237433862433862 0.01240079365079365 0.031746031746031744
3 0.5437748015873016 0.36177248677248675 0.023809523809523808 0.047619047619047616
5 0.48747519841269843 0.39798280423280424 0.019345238095238096 0.055224867724867725
5 0.761780753968254 0.33564814814814814 0.012896825396825396 0.04034391534391534
0 0.07874503968253968 0.5805224867724867 0.020833333333333332 0.007936507936507936
5 0.45634920634920634 0.32175925925925924 0.013392857142857142 0.03373015873015873
1 0.3743849206349206 0.495681216931217 0.011706349206349206 0.008482142857142856
1 0.5881696428571429 0.6363293650793651 0.018105158730158732 0.0133994708994709
4 0.21328125 0.43346891534391535 0.012073412698412698 0.05557208994708995
4 0.22598710317460316 0.43083002645502644 0.01277281746031746 0.05963955026455026