3 0.2103949652777778 0.6114004629629629 0.2445746527777778 0.29224537037037035
6 0.3160807291666667 0.1540798611111111 0.2144097222222222 0.3072916666666667
3 0.7769097222222222 0.10894097222222222 0.1252170138888889 0.1490162037037037
5 0.6558159722222222 0.7054398148148148 0.0939670138888889 0.28530092592592593
5 0.0966796875 0.34765625 0.07139756944444445 0.2097800925925926
5 0.7761501736111112 0.41030092592592593 0.0627170138888889 0.20515046296296297
5 0.9266493055555556 0.2009548611111111 0.05099826388888889 0.15306712962962962
5 0.9027777777777778 0.32103587962962965 0.056206597222222224 0.1886574074074074
5 0.13661024305555555 0.07494212962962964 0.056206597222222224 0.1333912037037037
3 0.6673177083333334 0.027922453703703703 0.10807291666666667 0.055844907407407406
2 0.5123697916666666 0.08608217592592593 0.1625434027777778 0.17216435185185186
1 0.2923177083333333 0.2547743055555556 0.023220486111111112 0.02228009259259259
5 0.7194010416666666 0.21860532407407407 0.054253472222222224 0.16637731481481483
1 0.6588541666666666 0.7507233796296297 0.02734375 0.026331018518518517
1 0.20616319444444445 0.6720196759259259 0.04275173611111111 0.028356481481481483
1 0.7677907986111111 0.11269675925925926 0.023211805555555555 0.017638888888888888
1 0.0986328125 0.39424189814814814 0.019748263888888888 0.01880787037037037
5 0.8844401041666666 0.02271412037037037 0.03125 0.04456018518518518
1 0.7756076388888888 0.43677662037037035 0.020616319444444444 0.018518518518518517
1 0.9265407986111112 0.22916666666666666 0.014756944444444444 0.013020833333333334
1 0.7185329861111112 0.2443576388888889 0.016493055555555556 0.015046296296296295
1 0.4698350694444444 0.08868634259259259 0.021918402777777776 0.016203703703703703
1 0.6565082465277778 0.005208333333333333 0.015625 0.010416666666666666
5 0.9427083333333334 0.03443287037037037 0.056640625 0.06886574074074074
1 0.8815342881944445 0.010326967592592592 0.01087890625 0.011032986111111111
1 0.9004774305555555 0.3489699074074074 0.017795138888888888 0.011186342592592591
1 0.13196397569444446 0.11646122685185185 0.013854166666666667 0.013671875