6 0.6648065476190477 0.31613756613756616 0.10639880952380952 0.210978835978836
5 0.053943452380952384 0.7771164021164021 0.09176587301587301 0.24834656084656084
5 0.2265625 0.5706018518518519 0.054811507936507936 0.17162698412698413
5 0.12686011904761904 0.562334656084656 0.06076388888888889 0.16038359788359788
3 0.6640625 0.15873015873015872 0.05009920634920635 0.0625
5 0.4201388888888889 0.37020502645502645 0.03546626984126984 0.11607142857142858
3 0.5747767857142857 0.17509920634920634 0.049107142857142856 0.05787037037037037
5 0.2034970238095238 0.36243386243386244 0.03819444444444445 0.11375661375661375
5 0.49206349206349204 0.23809523809523808 0.025049603174603176 0.07671957671957672
5 0.2666170634920635 0.3425925925925926 0.03273809523809524 0.10747354497354497
3 0.028769841269841268 0.423776455026455 0.057539682539682536 0.14087301587301587
5 0.39868551587301587 0.25562169312169314 0.025793650793650792 0.0796957671957672
5 0.28881448412698413 0.3187830687830688 0.029513888888888888 0.10317460317460317
3 0.36247519841269843 0.08134920634920635 0.0339781746031746 0.036044973544973546
5 0.5466269841269841 0.12218915343915344 0.016617063492063492 0.04794973544973545
5 0.4582093253968254 0.2154431216931217 0.021081349206349208 0.0667989417989418
5 0.5179811507936508 0.17195767195767195 0.018849206349206348 0.05952380952380952
5 0.517609126984127 0.1335978835978836 0.016121031746031748 0.0419973544973545
5 0.43898809523809523 0.1931216931216931 0.019593253968253968 0.061507936507936505
5 0.6277281746031746 0.09705687830687831 0.013888888888888888 0.03935185185185185
5 0.6138392857142857 0.12169312169312169 0.014632936507936508 0.04431216931216931
5 0.48995535714285715 0.15244708994708994 0.01711309523809524 0.05257936507936508
3 0.6690228174603174 0.11689814814814815 0.037450396825396824 0.040674603174603176
5 0.45535714285714285 0.10499338624338625 0.013392857142857142 0.03935185185185185
5 0.5422867063492064 0.08664021164021164 0.013640873015873016 0.03571428571428571
5 0.33023313492063494 0.1906415343915344 0.026041666666666668 0.05191798941798942
3 0.8590029761904762 0.046130952380952384 0.017857142857142856 0.028769841269841268
5 0.5887896825396826 0.10201719576719577 0.015873015873015872 0.04034391534391534
5 0.5848214285714286 0.12417328042328042 0.015376984126984126 0.04431216931216931
5 0.5069444444444444 0.09110449735449735 0.01240079365079365 0.034722222222222224
5 0.5276537698412699 0.07258597883597884 0.011408730158730158 0.03306878306878307
0 0.6624503968253969 0.39269179894179895 0.024305555555555556 0.008597883597883597
5 0.4601934523809524 0.17708333333333334 0.019345238095238096 0.04861111111111111
5 0.8392857142857143 0.0916005291005291 0.014632936507936508 0.044642857142857144
5 0.5637400793650794 0.11656746031746032 0.01488095238095238 0.046296296296296294
5 0.8547867063492064 0.08961640211640212 0.012648809523809524 0.03736772486772487
5 0.6540178571428571 0.04646164021164021 0.011160714285714286 0.03042328042328042
5 0.603546626984127 0.07324735449735449 0.012152777777777778 0.03439153439153439
5 0.49702380952380953 0.10929232804232804 0.016121031746031748 0.03968253968253968
5 0.668030753968254 0.05869708994708995 0.01066468253968254 0.031746031746031744
5 0.6287202380952381 0.04828042328042328 0.012648809523809524 0.0333994708994709
5 0.683655753968254 0.09193121693121693 0.014632936507936508 0.03968253968253968