2 0.21329365079365079 0.4201388888888889 0.2058531746031746 0.26322751322751325
6 0.43737599206349204 0.41517857142857145 0.10193452380952381 0.19477513227513227
3 0.918030753968254 0.27099867724867727 0.07688492063492064 0.06712962962962964
5 0.5264136904761905 0.611441798941799 0.0496031746031746 0.16071428571428573
6 0.5668402777777778 0.2994378306878307 0.08804563492063493 0.1650132275132275
5 0.6619543650793651 0.5 0.037450396825396824 0.11507936507936507
5 0.9250992063492064 0.37334656084656087 0.03993055555555555 0.08498677248677249
6 0.28869047619047616 0.24950396825396826 0.11210317460317461 0.08432539682539683
3 0.5040922619047619 0.27298280423280424 0.044642857142857144 0.05357142857142857
6 0.3430059523809524 0.20965608465608465 0.04365079365079365 0.07605820105820106
5 0.6186755952380952 0.4383267195767196 0.03373015873015873 0.10648148148148148
5 0.8669394841269841 0.36226851851851855 0.029513888888888888 0.08101851851851852
3 0.45362103174603174 0.1974206349206349 0.028769841269841268 0.034722222222222224
2 0.5324900793650794 0.13855820105820105 0.028769841269841268 0.047619047619047616
5 0.4134424603174603 0.23578042328042328 0.014136904761904762 0.04398148148148148
5 0.38566468253968256 0.2716600529100529 0.02058531746031746 0.05555555555555555
5 0.4095982142857143 0.31084656084656087 0.020833333333333332 0.04794973544973545
5 0.7144097222222222 0.21031746031746032 0.013392857142857142 0.040013227513227514
2 0.41629464285714285 0.14947089947089948 0.046130952380952384 0.056216931216931214
5 0.8277529761904762 0.9489087301587301 0.0818452380952381 0.10218253968253968
1 0.4339806547619047 0.49297949735449736 0.016163194444444445 0.011603835978835979
5 0.5531994047619048 0.20453042328042328 0.013392857142857142 0.02976190476190476
5 0.6906001984126984 0.21494708994708994 0.012896825396825396 0.04431216931216931
5 0.8971974206349206 0.19411375661375663 0.026537698412698412 0.03736772486772487
5 0.8608630952380952 0.20122354497354497 0.013640873015873016 0.03802910052910053
5 0.5656001984126984 0.1714616402116402 0.00992063492063492 0.028439153439153438
5 0.011408730158730158 0.3933531746031746 0.022817460317460316 0.07605820105820106
5 0.7027529761904762 0.1949404761904762 0.012152777777777778 0.03406084656084656
1 0.17596726190476192 0.5362103174603174 0.016617063492063492 0.012566137566137565
2 0.49041170634920633 0.21399801587301587 0.039913194444444446 0.06680224867724867
1 0.5687400793650793 0.3622718253968254 0.011626984126984128 0.008346560846560847