3 0.6770833333333334 0.22511574074074073 0.1271701388888889 0.13773148148148148
6 0.2859157986111111 0.6817129629629629 0.4390190972222222 0.5448495370370371
5 0.6090494791666666 0.8622685185185185 0.1072048611111111 0.27546296296296297
5 0.7830946180555556 0.24117476851851852 0.041015625 0.13368055555555555
5 0.4205729166666667 0.3804976851851852 0.054253472222222224 0.07928240740740741
5 0.7809244791666666 0.04716435185185185 0.024088541666666668 0.07291666666666667
5 0.7248263888888888 0.125 0.030815972222222224 0.09056712962962964
1 0.17415364583333334 0.9220196759259259 0.038411458333333336 0.03298611111111111
1 0.65234375 0.26027199074074076 0.018229166666666668 0.013599537037037037
5 0.022569444444444444 0.2605613425925926 0.044921875 0.0876736111111111
5 0.685546875 0.04586226851851852 0.030381944444444444 0.06770833333333333