3 0.2375217013888889 0.7608506944444444 0.2966579861111111 0.28501157407407407
3 0.591796875 0.46773726851851855 0.20963541666666666 0.2248263888888889
3 0.7861328125 0.3666087962962963 0.1345486111111111 0.11226851851851852
5 0.8871527777777778 0.8396990740740741 0.08637152777777778 0.28935185185185186
2 0.7280815972222222 0.6076388888888888 0.2701822916666667 0.40219907407407407
5 0.2833116319444444 0.5163483796296297 0.0685763888888889 0.1762152777777778
3 0.96875 0.11241319444444445 0.06228298611111111 0.058159722222222224
5 0.5338541666666666 0.3013599537037037 0.033854166666666664 0.11140046296296297
5 0.6226128472222222 0.2962962962962963 0.03797743055555555 0.1111111111111111
5 0.20887586805555555 0.37861689814814814 0.05555555555555555 0.13744212962962962
3 0.9836154513888888 0.29398148148148145 0.032552083333333336 0.11197916666666667
1 0.15821397569444443 0.8604513888888888 0.03532769097222222 0.030390625
5 0.7571614583333334 0.21223958333333334 0.02734375 0.08478009259259259
5 0.7582465277777778 0.1501736111111111 0.024956597222222224 0.06394675925925926
1 0.6735026041666666 0.7604166666666666 0.033203125 0.024016203703703703
3 0.7752821180555556 0.04137731481481482 0.047309027777777776 0.048032407407407406
5 0.7775607638888888 0.17679398148148148 0.025824652777777776 0.07725694444444445
3 0.9894748263888888 0.2113715277777778 0.021050347222222224 0.08622685185185185
5 0.9598524305555556 0.06394675925925926 0.017361111111111112 0.04456018518518518
5 0.8640407986111112 0.0853587962962963 0.017361111111111112 0.05642361111111111
0 0.5362413194444444 0.5276331018518519 0.03298611111111111 0.014756944444444444
4 0.041666666666666664 0.37745949074074076 0.036458333333333336 0.10011574074074074
5 0.13292100694444445 0.2708333333333333 0.059244791666666664 0.07175925925925926
4 0.3140386284722222 0.2870486111111111 0.038174913194444444 0.05813368055555555
4 0.25192491319444443 0.29593460648148145 0.02691840277777778 0.06253472222222223
4 0.2034548611111111 0.30529224537037036 0.03963324652777778 0.07067997685185186
4 0.2295464409722222 0.27633680555555556 0.02543185763888889 0.05460648148148148