3 0.46552579365079366 0.39897486772486773 0.15773809523809523 0.20072751322751323
3 0.5329861111111112 0.685681216931217 0.21875 0.3402777777777778
3 0.07105654761904762 0.8268849206349206 0.14211309523809523 0.3435846560846561
2 0.32006448412698413 0.20105820105820105 0.2452876984126984 0.2853835978835979
3 0.7890625 0.2706679894179894 0.109375 0.14947089947089948
5 0.7380952380952381 0.4945436507936508 0.059027777777777776 0.20304232804232805
6 0.630828373015873 0.11623677248677249 0.14310515873015872 0.23247354497354497
5 0.31572420634920634 0.40244708994708994 0.051835317460317464 0.16005291005291006
6 0.5404265873015873 0.058366402116402115 0.06870039682539683 0.11607142857142858
5 0.6808035714285714 0.24636243386243387 0.03546626984126984 0.12235449735449735
5 0.7514880952380952 0.10119047619047619 0.024553571428571428 0.07473544973544974
5 0.7967509920634921 0.10532407407407407 0.027281746031746032 0.08101851851851852
1 0.43898809523809523 0.46064814814814814 0.023313492063492064 0.016865079365079364
5 0.4849950396825397 0.11755952380952381 0.0248015873015873 0.08002645502645503
5 0.7791418650793651 0.07589285714285714 0.023561507936507936 0.06944444444444445
0 0.5127728174603174 0.8088624338624338 0.059027777777777776 0.01951058201058201
1 0.26525297619047616 0.3265542328042328 0.018353174603174604 0.013558201058201057
5 0.44754464285714285 0.057705026455026454 0.025049603174603176 0.05952380952380952
5 0.7700892857142857 0.019675925925925927 0.01711309523809524 0.03935185185185185
1 0.7874503968253969 0.3151455026455027 0.019521329365079363 0.013558201058201057
5 0.48127480158730157 0.062003968253968256 0.018849206349206348 0.056216931216931214
5 0.013268849206349206 0.5324074074074074 0.02628968253968254 0.20171957671957672
5 0.5012400793650794 0.047784391534391533 0.015128968253968254 0.061507936507936505