3 0.36235119047619047 0.7061838624338624 0.12723214285714285 0.18816137566137567
2 0.1029265873015873 0.4556878306878307 0.14657738095238096 0.2199074074074074
3 0.4802827380952381 0.5299272486772487 0.09647817460317461 0.12235449735449735
3 0.24851190476190477 0.9332010582010583 0.20188492063492064 0.1335978835978836
3 0.32762896825396826 0.5120701058201058 0.08060515873015874 0.09656084656084656
3 0.3913690476190476 0.43898809523809523 0.06473214285714286 0.07175925925925926
5 0.7218501984126984 0.5223214285714286 0.05679563492063492 0.08366402116402116
3 0.3334573412698413 0.328207671957672 0.040674603174603176 0.04133597883597884
5 0.9495287698412699 0.7275132275132276 0.04861111111111111 0.14484126984126985
5 0.9091021825396826 0.5259589947089947 0.06646825396825397 0.07903439153439154
5 0.7967509920634921 0.6673280423280423 0.04017857142857143 0.1306216931216931
5 0.22296626984126985 0.580026455026455 0.03720238095238095 0.11838624338624339
5 0.44506448412698413 0.42228835978835977 0.02132936507936508 0.06514550264550265
3 0.6502976190476191 0.35615079365079366 0.09052579365079365 0.04497354497354497
5 0.8343253968253969 0.5958994708994709 0.037450396825396824 0.09986772486772487
5 0.30183531746031744 0.3568121693121693 0.019345238095238096 0.050595238095238096
5 0.13095238095238096 0.30257936507936506 0.029513888888888888 0.03835978835978836
5 0.8346974206349206 0.529265873015873 0.06473214285714286 0.09027777777777778
5 0.2034970238095238 0.3844246031746032 0.020089285714285716 0.0582010582010582
5 0.45783730158730157 0.3435846560846561 0.03125 0.04365079365079365
5 0.2569444444444444 0.34408068783068785 0.016865079365079364 0.050595238095238096
5 0.7874503968253969 0.3812830687830688 0.034970238095238096 0.0419973544973545
5 0.1453373015873016 0.34441137566137564 0.017857142857142856 0.049933862433862435
5 0.21490575396825398 0.3146494708994709 0.015128968253968254 0.04497354497354497
1 0.3593650793650794 0.7576058201058201 0.02186259920634921 0.015542328042328041
5 0.1593501984126984 0.2977843915343915 0.029265873015873016 0.03902116402116402
5 0.5901537698412699 0.3404431216931217 0.03298611111111111 0.04365079365079365
5 0.18936011904761904 0.3435846560846561 0.018105158730158732 0.04927248677248677
5 0.9440724206349206 0.37896825396825395 0.041666666666666664 0.04828042328042328
6 0.4849950396825397 0.14384920634920634 0.10193452380952381 0.04034391534391534
3 0.7254464285714286 0.28422619047619047 0.054811507936507936 0.025793650793650792
1 0.11445932539682539 0.5519179894179894 0.015376984126984126 0.010582010582010581
5 0.783234126984127 0.9712301587301587 0.0689484126984127 0.057539682539682536
5 0.19605654761904762 0.3093584656084656 0.016865079365079364 0.04365079365079365
3 0.32700892857142855 0.2564484126984127 0.05133928571428571 0.028108465608465607
5 0.6803075396825397 0.2746362433862434 0.018105158730158732 0.023148148148148147
5 0.006572420634920635 0.27529761904761907 0.01314484126984127 0.036044973544973546
0 0.33105406746031746 0.5387103174603174 0.01980902777777778 0.006736111111111111
5 0.038938492063492064 0.27843915343915343 0.022569444444444444 0.037037037037037035
0 0.49390873015873016 0.5661177248677249 0.02091517857142857 0.007569444444444445