3 0.15809461805555555 0.8590856481481481 0.3159722222222222 0.2818287037037037
5 0.7230902777777778 0.5232928240740741 0.11046006944444445 0.23234953703703703
5 0.4908854166666667 0.6074942129629629 0.10633680555555555 0.2361111111111111
5 0.07530381944444445 0.17505787037037038 0.058159722222222224 0.1339699074074074
5 0.6015625 0.2594039351851852 0.057942708333333336 0.1556712962962963
5 0.4525824652777778 0.3894675925925926 0.064453125 0.18113425925925927
5 0.6486545138888888 0.4305555555555556 0.06293402777777778 0.1987847222222222
5 0.5220269097222222 0.028935185185185185 0.05946180555555555 0.05787037037037037
5 0.29296875 0.4791666666666667 0.07964409722222222 0.2126736111111111
5 0.1916232638888889 0.3402777777777778 0.05772569444444445 0.17505787037037038
5 0.5346137152777778 0.3294270833333333 0.05099826388888889 0.18894675925925927
5 0.3325737847222222 0.11964699074074074 0.040581597222222224 0.12037037037037036
5 0.22743055555555555 0.040219907407407406 0.06684027777777778 0.08043981481481481
5 0.1552734375 0.17042824074074073 0.057942708333333336 0.12905092592592593
5 0.2905815972222222 0.2298900462962963 0.041015625 0.14322916666666666
5 0.037434895833333336 0.5911458333333334 0.07486979166666667 0.24710648148148148
5 0.201171875 0.16333912037037038 0.04383680555555555 0.12239583333333333
5 0.3132595486111111 0.38266782407407407 0.06792534722222222 0.17708333333333334
5 0.020616319444444444 0.18344907407407407 0.04123263888888889 0.13773148148148148
5 0.2394748263888889 0.20341435185185186 0.05555555555555555 0.1339699074074074
5 0.2728949652777778 0.028645833333333332 0.06076388888888889 0.057291666666666664
5 0.6959635416666666 0.016637731481481483 0.05555555555555555 0.03298611111111111
1 0.5322265625 0.6571180555555556 0.023003472222222224 0.026041666666666668
1 0.2068142361111111 0.37398726851851855 0.017795138888888888 0.01678240740740741
1 0.24012586805555555 0.9037905092592593 0.04123263888888889 0.041666666666666664
1 0.4705946180555556 0.42332175925925924 0.019314236111111112 0.018518518518518517
1 0.3096788194444444 0.5396412037037037 0.019965277777777776 0.02025462962962963
5 0.2608506944444444 0.14221643518518517 0.056206597222222224 0.11082175925925926
1 0.3310546875 0.4214409722222222 0.018446180555555556 0.018518518518518517
1 0.6558159722222222 0.46672453703703703 0.020616319444444444 0.019097222222222224
1 0.2905815972222222 0.2533275462962963 0.014105902777777778 0.013310185185185185
1 0.7634548611111112 0.5610532407407407 0.021701388888888888 0.021701388888888888
1 0.09375 0.20515046296296297 0.01376736111111111 0.013278356481481481
1 0.03460286458333333 0.21066261574074072 0.013020833333333334 0.012216435185185184
1 0.17274305555555555 0.1918402777777778 0.011935763888888888 0.013310185185185185
1 0.6157769097222222 0.2835648148148148 0.015625 0.014756944444444444
5 0.6554904513888888 0.012008101851851851 0.05251736111111111 0.024016203703703703
1 0.052083333333333336 0.6264467592592593 0.023871527777777776 0.018518518518518517