3 0.14484126984126985 0.4011243386243386 0.22098214285714285 0.20535714285714285
3 0.7229662698412699 0.08746693121693122 0.08482142857142858 0.11541005291005291
5 0.5354662698412699 0.1982473544973545 0.037698412698412696 0.12301587301587301
5 0.8064236111111112 0.3062169312169312 0.043154761904761904 0.15211640211640212
5 0.22457837301587302 0.21197089947089948 0.04117063492063492 0.12566137566137567
3 0.564484126984127 0.03191137566137566 0.06349206349206349 0.06349206349206349
5 0.4494047619047619 0.16352513227513227 0.035962301587301584 0.11044973544973545
5 0.8412698412698413 0.18253968253968253 0.042162698412698416 0.11970899470899471
5 0.33023313492063494 0.13607804232804233 0.031746031746031744 0.10251322751322751
5 0.09288194444444445 0.1984126984126984 0.043402777777777776 0.12533068783068782
5 0.5731646825396826 0.0818452380952381 0.02703373015873016 0.08697089947089948
5 0.45696924603174605 0.03042328042328042 0.023809523809523808 0.06084656084656084
5 0.49851190476190477 0.10615079365079365 0.02554563492063492 0.08928571428571429
5 0.3872767857142857 0.01636904761904762 0.03050595238095238 0.03273809523809524
5 0.4992559523809524 0.03191137566137566 0.0220734126984127 0.06382275132275132
0 0.08680555555555555 0.4756944444444444 0.036210317460317464 0.013558201058201057
5 0.05084325396825397 0.0992063492063492 0.06721230158730158 0.09027777777777778
0 0.7236309523809523 0.1214484126984127 0.019893353174603175 0.006980820105820106