3 0.28447420634920634 0.421792328042328 0.08556547619047619 0.08664021164021164
6 0.4599454365079365 0.7638888888888888 0.2160218253968254 0.4722222222222222
2 0.44047619047619047 0.28505291005291006 0.057539682539682536 0.08134920634920635
3 0.8653273809523809 0.3801256613756614 0.06547619047619048 0.055224867724867725
5 0.05505952380952381 0.5550595238095238 0.04861111111111111 0.09027777777777778
2 0.8079117063492064 0.32159391534391535 0.06448412698412699 0.06514550264550265
3 0.7101934523809523 0.335978835978836 0.02703373015873016 0.04398148148148148
5 0.5815972222222222 0.44477513227513227 0.024305555555555556 0.07407407407407407
3 0.39459325396825395 0.3645833333333333 0.04712301587301587 0.05588624338624339
5 0.6543898809523809 0.5338955026455027 0.03373015873015873 0.10317460317460317
5 0.5076884920634921 0.4320436507936508 0.023809523809523808 0.0710978835978836
3 0.5125248015873016 0.26802248677248675 0.01984126984126984 0.026124338624338623
5 0.5589037698412699 0.36061507936507936 0.017361111111111112 0.05257936507936508
5 0.7414434523809523 0.2908399470899471 0.012648809523809524 0.03042328042328042
5 0.3162202380952381 0.35697751322751325 0.017609126984126984 0.04828042328042328
5 0.6228918650793651 0.4621362433862434 0.030753968253968252 0.07705026455026455
5 0.5837053571428571 0.36772486772486773 0.018353174603174604 0.055224867724867725
5 0.37549603174603174 0.4244378306878307 0.02132936507936508 0.0701058201058201
2 0.47346230158730157 0.22123015873015872 0.024057539682539684 0.03439153439153439
5 0.39037698412698413 0.28158068783068785 0.01488095238095238 0.032407407407407406
5 0.8722718253968254 0.3315145502645503 0.013640873015873016 0.04365079365079365
5 0.3785962301587302 0.3326719576719577 0.016865079365079364 0.03902116402116402
3 0.5222123015873016 0.23735780423280423 0.018353174603174604 0.021825396825396824
3 0.535218253968254 0.22486772486772486 0.016121031746031748 0.017195767195767195
5 0.9312996031746031 0.3176256613756614 0.021577380952380952 0.036375661375661374
5 0.16604662698412698 0.39451058201058203 0.0441468253968254 0.047619047619047616
1 0.2642981150793651 0.4510152116402116 0.01123263888888889 0.00818452380952381
2 0.42458829365079365 0.42617724867724865 0.08531994047619047 0.13778769841269842
1 0.40981398809523806 0.4780820105820106 0.011512896825396825 0.008035714285714287
4 0.4473288690476191 0.35069113756613757 0.014131944444444444 0.017797619047619048
3 0.5210069444444444 0.25558531746031743 0.01765128968253968 0.023902116402116404