3 0.5095486111111112 0.4041005291005291 0.1423611111111111 0.19874338624338625
2 0.20163690476190477 0.2926587301587302 0.263640873015873 0.31382275132275134
3 0.7121775793650794 0.12235449735449735 0.060267857142857144 0.06779100529100529
3 0.5293898809523809 0.1779100529100529 0.08680555555555555 0.1087962962962963
5 0.6405009920634921 0.4603174603174603 0.047867063492063495 0.1626984126984127
5 0.2864583333333333 0.4419642857142857 0.050595238095238096 0.1597222222222222
5 0.5600198412698413 0.3179563492063492 0.03794642857142857 0.10978835978835978
5 0.48053075396825395 0.2404100529100529 0.031001984126984128 0.09953703703703703
3 0.8727678571428571 0.018518518518518517 0.039186507936507936 0.037037037037037035
5 0.40438988095238093 0.1099537037037037 0.019345238095238096 0.06316137566137567
5 0.6517857142857143 0.1531084656084656 0.02703373015873016 0.08465608465608465
5 0.5197172619047619 0.02166005291005291 0.015873015873015872 0.041666666666666664
5 0.7180059523809523 0.04811507936507937 0.015128968253968254 0.05026455026455026
5 0.4642857142857143 0.042328042328042326 0.01711309523809524 0.049933862433862435
5 0.6593501984126984 0.09623015873015874 0.021081349206349208 0.056878306878306875
5 0.621155753968254 0.03935185185185185 0.015625 0.04894179894179894
5 0.498015873015873 0.07688492063492064 0.01984126984126984 0.05886243386243386
5 0.5446428571428571 0.0248015873015873 0.013640873015873016 0.046296296296296294
0 0.4993799603174603 0.47453703703703703 0.03273809523809524 0.011243386243386243
3 0.6753472222222222 0.015046296296296295 0.04017857142857143 0.02976190476190476
5 0.47842261904761907 0.13293650793650794 0.022321428571428572 0.07506613756613757
5 0.46478174603174605 0.12053571428571429 0.019345238095238096 0.06911375661375661
1 0.13567460317460317 0.43206679894179895 0.021098710317460315 0.016583994708994708
0 0.5169717261904762 0.21206018518518518 0.019975198412698413 0.007767857142857142