3 0.19890873015873015 0.3680555555555556 0.18452380952380953 0.21825396825396826
3 0.38950892857142855 0.1421957671957672 0.08779761904761904 0.09391534391534391
3 0.16815476190476192 0.9090608465608465 0.33630952380952384 0.18121693121693122
5 0.18253968253968253 0.6038359788359788 0.07366071428571429 0.2414021164021164
5 0.6875 0.30968915343915343 0.041666666666666664 0.14484126984126985
3 0.6793154761904762 0.7453703703703703 0.2614087301587302 0.49173280423280424
3 0.2074652777777778 0.07903439153439154 0.10813492063492064 0.07572751322751323
5 0.0720486111111111 0.33812830687830686 0.05233134920634921 0.14583333333333334
5 0.5230654761904762 0.36904761904761907 0.047867063492063495 0.15674603174603174
3 0.5729166666666666 0.03488756613756614 0.057291666666666664 0.06613756613756613
5 0.7180059523809523 0.18766534391534392 0.03149801587301587 0.10846560846560846
5 0.20399305555555555 0.22800925925925927 0.05133928571428571 0.09292328042328042
5 0.48288690476190477 0.12648809523809523 0.02976190476190476 0.09424603174603174
5 0.34486607142857145 0.09689153439153439 0.02554563492063492 0.07771164021164022
5 0.509796626984127 0.16964285714285715 0.029513888888888888 0.10085978835978836
5 0.40736607142857145 0.0646494708994709 0.0220734126984127 0.06481481481481481
5 0.0951140873015873 0.24966931216931218 0.03844246031746032 0.1173941798941799
4 0.05952380952380952 0.22255291005291006 0.030009920634920636 0.09656084656084656
0 0.16034226190476192 0.4439484126984127 0.03447420634920635 0.012896825396825396
0 0.675843253968254 0.9573412698412699 0.0689484126984127 0.022156084656084655
4 0.014384920634920634 0.16832010582010581 0.028273809523809524 0.10515873015873016
4 0.055679563492063495 0.12318121693121693 0.024305555555555556 0.09556878306878307
5 0.3940972222222222 0.015542328042328041 0.018105158730158732 0.031084656084656083