3 0.5592757936507936 0.5003306878306878 0.11408730158730158 0.16005291005291006
2 0.17063492063492064 0.626984126984127 0.3412698412698413 0.5357142857142857
3 0.44754464285714285 0.30340608465608465 0.06770833333333333 0.08101851851851852
3 0.5632440476190477 0.2177579365079365 0.049107142857142856 0.0701058201058201
5 0.8922371031746031 0.5734126984126984 0.04712301587301587 0.15873015873015872
5 0.4724702380952381 0.19907407407407407 0.01636904761904762 0.04662698412698413
5 0.2932787698412698 0.3353174603174603 0.030257936507936508 0.05919312169312169
5 0.3637152777777778 0.33548280423280424 0.029017857142857144 0.08564814814814815
5 0.863219246031746 0.1841931216931217 0.015376984126984126 0.04398148148148148
5 0.04092261904761905 0.42046957671957674 0.0818452380952381 0.08068783068783068
5 0.26711309523809523 0.263723544973545 0.036210317460317464 0.04927248677248677
1 0.05344742063492063 0.8700396825396826 0.03273809523809524 0.0205026455026455
3 0.5737847222222222 0.11755952380952381 0.025793650793650792 0.027447089947089946
3 0.498015873015873 0.10218253968253968 0.023561507936507936 0.023809523809523808
1 0.556671626984127 0.5550595238095238 0.01984126984126984 0.01521164021164021
3 0.5393105158730159 0.1013558201058201 0.024057539682539684 0.023148148148148147
5 0.6555059523809523 0.18336640211640212 0.014632936507936508 0.047619047619047616
3 0.5986681547619047 0.10748677248677249 0.02050099206349206 0.022638888888888885
5 0.6362847222222222 0.12781084656084657 0.021825396825396824 0.036375661375661374
5 0.8123759920634921 0.17394179894179895 0.021577380952380952 0.04894179894179894
5 0.6468253968253969 0.16104497354497355 0.013392857142857142 0.040013227513227514
5 0.37686011904761907 0.21081349206349206 0.0220734126984127 0.04332010582010582
0 0.4416468253968254 0.32733796296296297 0.018206845238095237 0.006375661375661376
3 0.5789409722222222 0.09529431216931218 0.022527281746031746 0.02120701058201058
3 0.6097891865079366 0.1012962962962963 0.016971726190476193 0.0205026455026455