3 0.7490079365079365 0.4460978835978836 0.140625 0.2037037037037037
3 0.6893601190476191 0.2691798941798942 0.09499007936507936 0.1207010582010582
5 0.4046378968253968 0.5509259259259259 0.06125992063492063 0.20072751322751323
3 0.7145337301587301 0.055224867724867725 0.04985119047619048 0.06746031746031746
5 0.6659226190476191 0.6033399470899471 0.058779761904761904 0.20205026455026456
5 0.1409970238095238 0.3392857142857143 0.054811507936507936 0.105489417989418
3 0.3246527777777778 0.14401455026455026 0.12028769841269842 0.07903439153439154
5 0.5405505952380952 0.4695767195767196 0.04712301587301587 0.1779100529100529
3 0.5151289682539683 0.15773809523809523 0.06820436507936507 0.08234126984126984
5 0.5414186507936508 0.31977513227513227 0.03794642857142857 0.12632275132275134
3 0.6077628968253969 0.082010582010582 0.049107142857142856 0.05886243386243386
5 0.34685019841269843 0.33134920634920634 0.036210317460317464 0.12301587301587301
2 0.49851190476190477 0.05539021164021164 0.07936507936507936 0.11078042328042328
5 0.5948660714285714 0.24371693121693122 0.03125 0.10846560846560846
5 0.3289930555555556 0.2614087301587302 0.03720238095238095 0.1078042328042328
5 0.2672371031746032 0.29298941798941797 0.03943452380952381 0.11078042328042328
3 0.644593253968254 0.028273809523809524 0.03968253968253968 0.04431216931216931
5 0.5248015873015873 0.2392526455026455 0.030753968253968252 0.10152116402116403
3 0.10813492063492064 0.5291005291005291 0.2160218253968254 0.2800925925925926
5 0.4350198412698413 0.15591931216931218 0.028273809523809524 0.07738095238095238
1 0.7477678571428571 0.5102513227513228 0.025049603174603176 0.017526455026455025
5 0.2482638888888889 0.42162698412698413 0.05009920634920635 0.15773809523809523
4 0.037450396825396824 0.2650462962962963 0.0248015873015873 0.08134920634920635
5 0.40910218253968256 0.08812830687830688 0.018353174603174604 0.05886243386243386
5 0.5518353174603174 0.11425264550264551 0.023561507936507936 0.0667989417989418
5 0.5771329365079365 0.04877645502645503 0.018105158730158732 0.05257936507936508
5 0.6563740079365079 0.06018518518518518 0.01636904761904762 0.05588624338624339
5 0.9087127976190476 0.07289021164021163 0.021612103174603176 0.06024140211640211
5 0.6149553571428571 0.021164021164021163 0.01488095238095238 0.03902116402116402
5 0.5887896825396826 0.032242063492063495 0.01488095238095238 0.04828042328042328
5 0.5286458333333334 0.09556878306878307 0.019097222222222224 0.04828042328042328
5 0.6013144841269841 0.017361111111111112 0.014136904761904762 0.03439153439153439
5 0.9058779761904762 0.017691798941798943 0.015376984126984126 0.035383597883597885
5 0.9538690476190477 0.046957671957671955 0.012648809523809524 0.052248677248677246
0 0.02994047619047619 0.6345205026455026 0.04024801587301587 0.01398478835978836
4 0.33125992063492066 0.06234126984126984 0.0167609126984127 0.051755952380952375
4 0.35301835317460317 0.09096230158730159 0.017936507936507935 0.04783399470899471
4 0.04466765873015873 0.15239748677248677 0.028028273809523812 0.07590608465608466
1 0.6869320436507936 0.30124338624338626 0.01720982142857143 0.012794312169312169