3 0.39186507936507936 0.8505291005291006 0.18526785714285715 0.29894179894179895
3 0.3474702380952381 0.5681216931216931 0.12996031746031747 0.1583994708994709
2 0.33382936507936506 0.3143187830687831 0.12822420634920634 0.17857142857142858
3 0.574280753968254 0.43452380952380953 0.0920138888888889 0.11706349206349206
3 0.582093253968254 0.32060185185185186 0.05431547619047619 0.06911375661375661
6 0.4928075396825397 0.2220568783068783 0.05406746031746032 0.1130952380952381
3 0.47966269841269843 0.3449074074074074 0.061507936507936505 0.07671957671957672
2 0.40922619047619047 0.1822089947089947 0.05257936507936508 0.07175925925925926
3 0.47346230158730157 0.29927248677248675 0.05530753968253968 0.06448412698412699
5 0.12165178571428571 0.47668650793650796 0.041914682539682536 0.11441798941798942
1 0.3787202380952381 0.9799933862433863 0.03447420634920635 0.023478835978835978
5 0.49875992063492064 0.39384920634920634 0.028769841269841268 0.08664021164021164
1 0.32979910714285715 0.6254398148148148 0.02088293650793651 0.015472883597883598
5 0.8874007936507936 0.2541335978835979 0.018105158730158732 0.04728835978835979
5 0.015873015873015872 0.39285714285714285 0.030753968253968252 0.07771164021164022
3 0.5264136904761905 0.18799603174603174 0.026537698412698412 0.0333994708994709
3 0.550843253968254 0.20320767195767195 0.03422619047619048 0.03968253968253968
5 0.5405505952380952 0.26339285714285715 0.01711309523809524 0.050595238095238096
5 0.23425099206349206 0.3060515873015873 0.0248015873015873 0.05787037037037037
6 0.45498511904761907 0.20287698412698413 0.04365079365079365 0.09424603174603174
3 0.5436507936507936 0.13707010582010581 0.018353174603174604 0.020833333333333332
1 0.5752728174603174 0.4740410052910053 0.015625 0.012235449735449735
5 0.5718005952380952 0.2156084656084656 0.013392857142857142 0.04298941798941799
5 0.5882936507936508 0.2716600529100529 0.020089285714285716 0.034722222222222224
1 0.3162202380952381 0.39026785714285717 0.011904761904761904 0.009037698412698412
5 0.8921130952380952 0.19047619047619047 0.015873015873015872 0.03571428571428571
5 0.744171626984127 0.22850529100529102 0.010912698412698412 0.042328042328042326