3 0.3539186507936508 0.7041997354497355 0.1324404761904762 0.2414021164021164
3 0.5442708333333334 0.6221891534391535 0.1259920634920635 0.16071428571428573
3 0.5970982142857143 0.46378968253968256 0.08159722222222222 0.09226190476190477
5 0.18700396825396826 0.9026124338624338 0.062003968253968256 0.19477513227513227
3 0.4601934523809524 0.4575066137566138 0.07242063492063493 0.09457671957671958
3 0.5231894841269841 0.3725198412698413 0.06498015873015874 0.0582010582010582
5 0.8017113095238095 0.7485119047619048 0.05133928571428571 0.17427248677248677
3 0.3968253968253968 0.3148148148148148 0.04290674603174603 0.04298941798941799
5 0.22507440476190477 0.6254960317460317 0.041666666666666664 0.0958994708994709
5 0.1281001984126984 0.6703042328042328 0.05357142857142857 0.1412037037037037
5 0.10354662698412699 0.8177910052910053 0.06696428571428571 0.1908068783068783
5 0.031125992063492064 0.8159722222222222 0.06225198412698413 0.18518518518518517
5 0.19754464285714285 0.5168650793650794 0.033234126984126984 0.10251322751322751
5 0.22197420634920634 0.7276785714285714 0.04985119047619048 0.17592592592592593
3 0.09809027777777778 0.4312169312169312 0.0679563492063492 0.09689153439153439
5 0.2927827380952381 0.5276124338624338 0.033234126984126984 0.10714285714285714
3 0.462921626984127 0.39599867724867727 0.06969246031746032 0.08167989417989419
2 0.45634920634920634 0.2562830687830688 0.11210317460317461 0.06283068783068783
1 0.35659722222222223 0.7947751322751323 0.02361111111111111 0.01712962962962963
3 0.09957837301587301 0.3731812169312169 0.053075396825396824 0.0582010582010582
5 0.4585813492063492 0.33664021164021163 0.016617063492063492 0.03902116402116402
5 0.34052579365079366 0.4270833333333333 0.023313492063492064 0.07308201058201058
5 0.2620287698412698 0.40575396825396826 0.019345238095238096 0.06349206349206349
3 0.9827628968253969 0.3201058201058201 0.03447420634920635 0.04927248677248677
5 0.27318948412698413 0.2791005291005291 0.024553571428571428 0.0333994708994709
5 0.3134920634920635 0.3968253968253968 0.02132936507936508 0.06712962962962964
3 0.05580357142857143 0.2706679894179894 0.053075396825396824 0.049933862433862435
5 0.2806299603174603 0.3220899470899471 0.016865079365079364 0.04497354497354497
5 0.13541666666666666 0.2837301587301587 0.015376984126984126 0.03439153439153439
5 0.3167162698412698 0.32242063492063494 0.014384920634920634 0.04265873015873016
5 0.5405505952380952 0.33382936507936506 0.015625 0.04298941798941799
5 0.6324404761904762 0.3500330687830688 0.039186507936507936 0.04497354497354497
3 0.5658482142857143 0.2673611111111111 0.04811507936507937 0.028108465608465607
3 0.6506051587301587 0.26589616402116406 0.04699156746031746 0.02673611111111111
5 0.6432291666666666 0.3685515873015873 0.018105158730158732 0.0539021164021164
3 0.011780753968253968 0.259755291005291 0.023561507936507936 0.03042328042328042
1 0.5637400793650794 0.685515873015873 0.018601190476190476 0.013227513227513227
0 0.612844742063492 0.49387566137566136 0.01740327380952381 0.006296296296296296
0 0.4705803571428572 0.4878240740740741 0.01646577380952381 0.007159391534391534
1 0.5398239087301587 0.3890410052910053 0.00796626984126984 0.006676587301587302
0 0.47960565476190475 0.4199404761904762 0.007876984126984128 0.005443121693121693
6 0.8527405753968254 0.20385251322751324 0.06436011904761904 0.025138888888888888
6 0.8539012896825396 0.20955357142857145 0.05537450396825397 0.024947089947089947
3 0.8543353174603174 0.21786375661375662 0.03740327380952381 0.017218915343915345
5 0.6746130952380952 0.26922949735449736 0.021954365079365077 0.026180555555555558
3 0.6793328373015873 0.263343253968254 0.0255109126984127 0.02552579365079365
3 0.6552405753968253 0.2505919312169312 0.0457390873015873 0.014408068783068783
1 0.10057539682539682 0.4624669312169312 0.012430555555555554 0.009057539682539683
3 0.6191195436507937 0.21508597883597882 0.03056051587301587 0.014345238095238097
3 0.5940376984126984 0.21383597883597882 0.02646329365079365 0.014117063492063492
3 0.5576909722222223 0.21156084656084656 0.031919642857142855 0.014117063492063492
3 0.5454042658730159 0.20359788359788358 0.017242063492063493 0.013660714285714286
3 0.5781671626984127 0.2016633597883598 0.01212797619047619 0.011613756613756613
6 0.5154662698412699 0.13765873015873015 0.04992063492063492 0.0216765873015873
6 0.4085639880952381 0.1403670634920635 0.051941964285714286 0.027096560846560844
3 0.4098462301587302 0.21012896825396823 0.027194940476190477 0.015238095238095238
3 0.3594890873015873 0.20964285714285716 0.024032738095238097 0.013617724867724867