3 0.4339192708333333 0.8166956018518519 0.2543402777777778 0.3055555555555556
3 0.17296006944444445 0.49927662037037035 0.1560329861111111 0.17592592592592593
6 0.5307074652777778 0.17259837962962962 0.1072048611111111 0.1597222222222222
5 0.03407118055555555 0.7473958333333334 0.0681423611111111 0.24710648148148148
5 0.5825737847222222 0.3763020833333333 0.04665798611111111 0.15046296296296297
5 0.19249131944444445 0.7863136574074074 0.08550347222222222 0.2517361111111111
3 0.9606119791666666 0.32667824074074076 0.0783420138888889 0.13802083333333334
3 0.138671875 0.10402199074074074 0.07855902777777778 0.07581018518518519
3 0.4955512152777778 0.037037037037037035 0.053168402777777776 0.05642361111111111
5 0.3824869791666667 0.4324363425925926 0.05078125 0.16030092592592593
3 0.4478081597222222 0.15248842592592593 0.07552083333333333 0.08449074074074074
5 0.7706163194444444 0.2601273148148148 0.03689236111111111 0.11805555555555555
5 0.8952907986111112 0.29108796296296297 0.03732638888888889 0.1171875
5 0.345703125 0.59765625 0.05750868055555555 0.1953125
3 0.5687934027777778 0.06105324074074074 0.053385416666666664 0.06278935185185185
3 0.4206814236111111 0.07581018518518519 0.0666232638888889 0.07609953703703703
5 0.2633463541666667 0.5415219907407407 0.05946180555555555 0.18836805555555555
3 0.7097439236111112 0.013599537037037037 0.04275173611111111 0.027199074074074073
5 0.4290364583333333 0.2209201388888889 0.030598958333333332 0.09780092592592593
5 0.6322699652777778 0.025752314814814815 0.018446180555555556 0.05092592592592592
1 0.4140625 0.8551793981481481 0.040364583333333336 0.028935185185185185
5 0.6069878472222222 0.021701388888888888 0.019748263888888888 0.043402777777777776
1 0.2553168402777778 0.5753761574074074 0.017578125 0.016493055555555556
1 0.3403862847222222 0.6293402777777778 0.018446180555555556 0.017361111111111112
1 0.3805338541666667 0.4635416666666667 0.014973958333333334 0.015625
1 0.009982638888888888 0.7989004629629629 0.019965277777777776 0.02141203703703704
3 0.1586371527777778 0.04456018518518518 0.052083333333333336 0.06770833333333333
5 0.8234592013888888 0.018229166666666668 0.016710069444444444 0.036458333333333336
1 0.1566840277777778 0.5475983796296297 0.028645833333333332 0.020543981481481483
5 0.6547309027777778 0.02662037037037037 0.016059027777777776 0.05179398148148148
1 0.9935980902777778 0.33839699074074076 0.012586805555555556 0.014467592592592593
1 0.17220052083333334 0.84375 0.0234375 0.02228009259259259
5 0.763671875 0.016059027777777776 0.016059027777777776 0.03211805555555555
5 0.7937282986111112 0.023726851851851853 0.019097222222222224 0.047453703703703706
1 0.771484375 0.2769097222222222 0.011067708333333334 0.009837962962962963
1 0.5295138888888888 0.21079282407407407 0.016710069444444444 0.01070601851851852
1 0.4291449652777778 0.24464699074074073 0.009765625 0.009837962962962963
1 0.5669227430555556 0.07611689814814815 0.009765625 0.007410300925925926
1 0.8874001736111111 0.3097916666666667 0.011317274305555555 0.009013310185185185
1 0.5875737847222222 0.3995341435185185 0.014533420138888888 0.012552083333333333
1 0.4459483506944444 0.1524508101851852 0.013472222222222222 0.009673032407407408
5 0.43389756944444446 0.0986574074074074 0.027022569444444443 0.05948495370370371
1 0.41514973958333334 0.07808449074074074 0.01080078125 0.008440393518518519
1 0.1258984375 0.12513888888888888 0.012265625 0.008819444444444444
0 0.15524739583333333 0.05721643518518519 0.013342013888888888 0.005393518518518519