6 0.5856894841269841 0.388723544973545 0.16691468253968253 0.31646825396825395
3 0.30753968253968256 0.27662037037037035 0.062003968253968256 0.07903439153439154
3 0.21577380952380953 0.807959656084656 0.16641865079365079 0.37253306878306874
3 0.4800347222222222 0.31183862433862436 0.06845238095238096 0.08862433862433862
3 0.4986359126984127 0.23363095238095238 0.051835317460317464 0.06514550264550265
6 0.9274553571428571 0.2166005291005291 0.09176587301587301 0.10119047619047619
3 0.4192708333333333 0.25132275132275134 0.05357142857142857 0.06183862433862434
2 0.3974454365079365 0.10267857142857142 0.040426587301587304 0.0539021164021164
3 0.7251984126984127 0.19576719576719576 0.047867063492063495 0.04861111111111111
5 0.20510912698412698 0.29976851851851855 0.03720238095238095 0.07308201058201058
5 0.9728422619047619 0.36226851851851855 0.041666666666666664 0.09424603174603174
5 0.24441964285714285 0.3133267195767196 0.025049603174603176 0.07506613756613757
5 0.3637152777777778 0.2736441798941799 0.022817460317460316 0.06845238095238096
5 0.8897569444444444 0.2918320105820106 0.024305555555555556 0.0763888888888889
6 0.4931795634920635 0.1191600529100529 0.027281746031746032 0.05202050264550265
1 0.5825892857142857 0.5095899470899471 0.019593253968253968 0.014219576719576719
5 0.39533730158730157 0.2779431216931217 0.022817460317460316 0.07506613756613757
5 0.38504464285714285 0.1593915343915344 0.013640873015873016 0.040013227513227514
5 0.5115327380952381 0.16517857142857142 0.013888888888888888 0.04034391534391534
5 0.5525793650793651 0.19295634920634921 0.016617063492063492 0.05324074074074074
3 0.7468998015873016 0.14864417989417988 0.02554563492063492 0.03406084656084656
5 0.021453373015873016 0.39533730158730157 0.04290674603174603 0.08300264550264551
5 0.5339781746031746 0.15906084656084657 0.014384920634920634 0.040013227513227514
5 0.3117559523809524 0.19427910052910052 0.022321428571428572 0.04431216931216931
3 0.7191220238095238 0.1636904761904762 0.04092261904761905 0.04431216931216931
5 0.5619766865079365 0.1591005291005291 0.013055555555555556 0.040152116402116404
4 0.2526388888888889 0.18968584656084655 0.011403769841269841 0.04299603174603175
4 0.28818204365079364 0.19586309523809523 0.012294146825396826 0.0444212962962963
1 0.47777529761904763 0.3346494708994709 0.01156498015873016 0.008561507936507937
3 0.7211458333333333 0.130271164021164 0.03140625 0.028224206349206346
3 0.7157564484126984 0.11492724867724868 0.024087301587301588 0.026980820105820105
3 0.7388392857142857 0.09674272486772487 0.022894345238095238 0.023250661375661376
5 0.7520758928571428 0.11767526455026456 0.00972470238095238 0.024675925925925928
3 0.5108506944444444 0.1083399470899471 0.01206845238095238 0.022923280423280422
3 0.5129737103174603 0.09013227513227513 0.01650793650793651 0.017645502645502645
3 0.5330952380952381 0.08157407407407408 0.016800595238095236 0.017000661375661374
5 0.5441815476190476 0.10422619047619047 0.008988095238095238 0.02396494708994709
3 0.4252901785714286 0.09501653439153439 0.01669642857142857 0.01886574074074074