3 0.48623511904761907 0.5223214285714286 0.19642857142857142 0.3253968253968254
3 0.08147321428571429 0.4224537037037037 0.1589781746031746 0.22255291005291006
3 0.3189484126984127 0.3070436507936508 0.12524801587301587 0.1531084656084656
5 0.8888888888888888 0.6612103174603174 0.16865079365079366 0.20403439153439154
2 0.8482142857142857 0.8753306878306878 0.30282738095238093 0.24933862433862433
5 0.2569444444444444 0.5013227513227513 0.060515873015873016 0.21626984126984128
5 0.04985119047619048 0.6187169312169312 0.09970238095238096 0.2156084656084656
3 0.2472718253968254 0.15244708994708994 0.0992063492063492 0.12797619047619047
5 0.3742559523809524 0.8363095238095238 0.13814484126984128 0.3273809523809524
5 0.3402777777777778 0.1810515873015873 0.03670634920634921 0.10383597883597884
1 0.5178571428571429 0.6446759259259259 0.03249007936507937 0.02414351851851852
1 0.32924107142857145 0.34854497354497355 0.021081349206349208 0.018518518518518517
1 0.08630952380952381 0.49933862433862436 0.028025793650793652 0.01917989417989418