3 0.7977430555555556 0.8510251322751323 0.2251984126984127 0.29794973544973546
3 0.44717261904761907 0.7422288359788359 0.2569444444444444 0.33994708994708994
3 0.7183779761904762 0.5325727513227513 0.1232638888888889 0.2152777777777778
5 0.16852678571428573 0.7060185185185185 0.07192460317460317 0.22718253968253968
5 0.22457837301587302 0.4264219576719577 0.0441468253968254 0.13326719576719576
5 0.08655753968253968 0.421792328042328 0.05133928571428571 0.13293650793650794
5 0.7876984126984127 0.44047619047619047 0.0441468253968254 0.13955026455026456
5 0.34424603174603174 0.4968584656084656 0.05381944444444445 0.16170634920634921
5 0.7243303571428571 0.3748346560846561 0.03695436507936508 0.10912698412698413
5 0.5851934523809523 0.3505291005291005 0.03670634920634921 0.11507936507936507
5 0.10515873015873016 0.5238095238095238 0.05431547619047619 0.16302910052910052
5 0.37462797619047616 0.3998015873015873 0.04365079365079365 0.12433862433862433
3 0.5758928571428571 0.15608465608465608 0.044642857142857144 0.0667989417989418
5 0.6452132936507936 0.3776455026455027 0.03373015873015873 0.11342592592592593
5 0.6961805555555556 0.3210978835978836 0.0339781746031746 0.09887566137566138
5 0.5251736111111112 0.2647156084656085 0.028025793650793652 0.08961640211640212
6 0.6808035714285714 0.06927910052910052 0.037450396825396824 0.05125661375661376
5 0.6292162698412699 0.2865410052910053 0.03422619047619048 0.09556878306878307
5 0.14124503968253968 0.45006613756613756 0.049107142857142856 0.1431878306878307
5 0.6754712301587301 0.18667328042328044 0.02058531746031746 0.06283068783068783
5 0.41592261904761907 0.21329365079365079 0.021577380952380952 0.07175925925925926
3 0.5306299603174603 0.09540343915343916 0.03273809523809524 0.03902116402116402
5 0.447296626984127 0.15426587301587302 0.017857142857142856 0.05720899470899471
5 0.6096230158730159 0.23296957671957672 0.026785714285714284 0.07837301587301587
1 0.7999751984126984 0.9892526455026455 0.04117063492063492 0.021164021164021163
5 0.5725446428571429 0.2273478835978836 0.021577380952380952 0.07208994708994709
4 0.2482638888888889 0.22602513227513227 0.020089285714285716 0.07341269841269842
5 0.5120287698412699 0.1552579365079365 0.018601190476190476 0.0582010582010582
5 0.4883705357142857 0.19622685185185185 0.0215203373015873 0.06456018518518518
3 0.6209077380952381 0.09341931216931217 0.03521825396825397 0.04034391534391534
0 0.7144097222222222 0.6048280423280423 0.03571428571428571 0.013558201058201057
1 0.39459325396825395 0.8735119047619048 0.03422619047619048 0.026124338624338623
3 0.7299107142857143 0.026785714285714284 0.023065476190476192 0.027116402116402115
5 0.6169394841269841 0.11987433862433862 0.016617063492063492 0.04398148148148148
5 0.5522073412698413 0.10598544973544974 0.01488095238095238 0.044642857142857144
5 0.3681795634920635 0.15922619047619047 0.024305555555555556 0.056878306878306875
5 0.5360863095238095 0.11970899470899471 0.014384920634920634 0.044642857142857144
3 0.8629712301587301 0.05009920634920635 0.022817460317460316 0.028108465608465607
5 0.6440128968253968 0.06750661375661375 0.010587797619047618 0.03297619047619048
5 0.7120957341269841 0.08434193121693122 0.012485119047619049 0.03899140211640212
5 0.5811011904761905 0.3010912698412698 0.030257936507936508 0.054563492063492064
4 0.4062772817460317 0.14692791005291006 0.016009424603174602 0.05099206349206349
4 0.412906746031746 0.08186507936507936 0.00978422619047619 0.037182539682539685
4 0.29952876984126986 0.13127645502645502 0.01492063492063492 0.059034391534391537
5 0.5741071428571429 0.10762896825396827 0.015166170634920635 0.031964285714285716