6 0.48387896825396826 0.5492724867724867 0.16939484126984128 0.30952380952380953
3 0.5302579365079365 0.22371031746031747 0.0763888888888889 0.08928571428571429
3 0.33990575396825395 0.13607804232804233 0.05109126984126984 0.061507936507936505
3 0.0597718253968254 0.26703042328042326 0.07886904761904762 0.1130952380952381
5 0.23053075396825398 0.373015873015873 0.03447420634920635 0.11904761904761904
5 0.3913690476190476 0.25925925925925924 0.028521825396825396 0.08068783068783068
5 0.21540178571428573 0.20453042328042328 0.025049603174603176 0.0701058201058201
3 0.018353174603174604 0.08449074074074074 0.03670634920634921 0.05555555555555555
3 0.058779761904761904 0.20287698412698413 0.0642361111111111 0.06746031746031746
3 0.34660218253968256 0.09193121693121693 0.04092261904761905 0.03835978835978836
3 0.8960813492063492 0.0625 0.050595238095238096 0.037037037037037035
5 0.30158730158730157 0.19907407407407407 0.020337301587301588 0.0667989417989418
5 0.7156498015873016 0.09722222222222222 0.03298611111111111 0.041005291005291
3 0.3323412698412698 0.0710978835978836 0.034970238095238096 0.0333994708994709
5 0.49813988095238093 0.0582010582010582 0.021825396825396824 0.03141534391534392
5 0.19766865079365079 0.07936507936507936 0.014136904761904762 0.03835978835978836
1 0.4904935515873016 0.6884060846560845 0.026376488095238095 0.01835978835978836
5 0.25124007936507936 0.10482804232804233 0.014384920634920634 0.04398148148148148
5 0.2275545634920635 0.1345899470899471 0.01711309523809524 0.054563492063492064
5 0.015376984126984126 0.4019510582010582 0.030753968253968252 0.11937830687830688
5 0.22767857142857142 0.10152116402116403 0.016865079365079364 0.041666666666666664
5 0.26599702380952384 0.056051587301587304 0.011160714285714286 0.03406084656084656
0 0.5438417658730159 0.24678902116402116 0.017390873015873016 0.005985449735449736