3 0.34765625 0.7170138888888888 0.2556423611111111 0.2505787037037037
3 0.5378689236111112 0.4508101851851852 0.1564670138888889 0.15480324074074073
2 0.4273003472222222 0.31278935185185186 0.2955729166666667 0.2679398148148148
5 0.10167100694444445 0.5494791666666666 0.08116319444444445 0.1646412037037037
3 0.84375 0.15321180555555555 0.07291666666666667 0.07465277777777778
3 0.8347439236111112 0.2973090277777778 0.11263020833333333 0.11197916666666667
3 0.7188585069444444 0.26938657407407407 0.09657118055555555 0.0859375
5 0.6857638888888888 0.6995081018518519 0.076171875 0.22366898148148148
5 0.6728515625 0.5302372685185185 0.048828125 0.16493055555555555
5 0.6732855902777778 0.33492476851851855 0.034722222222222224 0.11082175925925926
2 0.9146050347222222 0.0697337962962963 0.07378472222222222 0.0842013888888889
5 0.7816840277777778 0.2232349537037037 0.02734375 0.07609953703703703
3 0.9230685763888888 0.11429398148148148 0.048828125 0.05150462962962963
5 0.8984375 0.21643518518518517 0.024739583333333332 0.07407407407407407
5 0.12456597222222222 0.3570601851851852 0.07660590277777778 0.11082175925925926
3 0.703125 0.09172453703703703 0.048828125 0.046875
5 0.9508463541666666 0.13932291666666666 0.019097222222222224 0.05700231481481482
5 0.7494574652777778 0.15205439814814814 0.021484375 0.06105324074074074
5 0.994140625 0.1099537037037037 0.01171875 0.05150462962962963
0 0.2808159722222222 0.7993344907407407 0.04383680555555555 0.019097222222222224
5 0.9944661458333334 0.3185763888888889 0.010850694444444444 0.10358796296296297