3 0.3126085069444444 0.46947337962962965 0.2183159722222222 0.18460648148148148
3 0.22037760416666666 0.31655092592592593 0.1740451388888889 0.13975694444444445
3 0.11979166666666667 0.6407696759259259 0.23958333333333334 0.2769097222222222
3 0.5286458333333334 0.3287037037037037 0.22374131944444445 0.18287037037037038
3 0.4883897569444444 0.8308738425925926 0.4242621527777778 0.3333333333333333
3 0.6730685763888888 0.6979166666666666 0.3637152777777778 0.27662037037037035
6 0.1101345486111111 0.16608796296296297 0.1150173611111111 0.15133101851851852
3 0.0458984375 0.31235532407407407 0.091796875 0.16319444444444445
5 0.9089626736111112 0.3745659722222222 0.07161458333333333 0.15653935185185186
5 0.4738498263888889 0.37962962962962965 0.07139756944444445 0.1684027777777778
5 0.3595920138888889 0.17578125 0.048828125 0.10821759259259259
5 0.5087890625 0.19762731481481483 0.04796006944444445 0.09519675925925926
5 0.2443576388888889 0.16319444444444445 0.041666666666666664 0.10069444444444445
5 0.2789713541666667 0.14134837962962962 0.043619791666666664 0.10474537037037036
5 0.4173177083333333 0.22916666666666666 0.05056423611111111 0.12413194444444445
1 0.5884331597222222 0.33015046296296297 0.024305555555555556 0.019965277777777776
1 0.3700086805555556 0.5118634259259259 0.021484375 0.024016203703703703
3 0.04958767361111111 0.1371527777777778 0.09917534722222222 0.11834490740740741
1 0.7964409722222222 0.7526041666666666 0.03211805555555555 0.032407407407407406
1 0.6312934027777778 0.9074074074074074 0.039713541666666664 0.03819444444444445
1 0.16731770833333334 0.6465567129629629 0.03428819444444445 0.03125
1 0.13344618055555554 0.20401041666666664 0.017328559027777777 0.014146412037037037
1 0.4954427083333333 0.4071180555555556 0.016927083333333332 0.015914351851851853
1 0.039605034722222224 0.3142361111111111 0.020399305555555556 0.018229166666666668
1 0.2606336805555556 0.31640625 0.018880208333333332 0.018518518518518517
1 0.294921875 0.16044560185185186 0.009765625 0.010416666666666666
1 0.43259548611111115 0.2534809027777778 0.012762586805555556 0.010688657407407407
1 0.37344835069444443 0.18986400462962963 0.011236979166666668 0.011342592592592593
1 0.9302300347222222 0.39458912037037036 0.016276041666666668 0.013715277777777778
1 0.52505859375 0.23076967592592593 0.011864149305555556 0.011984953703703704
1 0.2587890625 0.1795138888888889 0.012367621527777779 0.010185185185185186