3 0.6862599206349206 0.4991732804232804 0.12648809523809523 0.20205026455026456
3 0.10776289682539683 0.34226190476190477 0.12103174603174603 0.14384920634920634
3 0.8098958333333334 0.36574074074074076 0.10987103174603174 0.13756613756613756
2 0.39880952380952384 0.4712301587301587 0.2748015873015873 0.5353835978835979
3 0.6686507936507936 0.09507275132275132 0.04141865079365079 0.04431216931216931
5 0.9397321428571429 0.28488756613756616 0.03819444444444445 0.09424603174603174
3 0.9148065476190477 0.78125 0.17038690476190477 0.4375
3 0.3787202380952381 0.20023148148148148 0.05679563492063492 0.09259259259259259
5 0.6892361111111112 0.33052248677248675 0.03670634920634921 0.10284391534391535
5 0.6221478174603174 0.345734126984127 0.03571428571428571 0.10681216931216932
5 0.71875 0.23544973544973544 0.02703373015873016 0.0796957671957672
5 0.7672371031746031 0.16732804232804233 0.03298611111111111 0.06283068783068783
5 0.8325892857142857 0.22156084656084657 0.036458333333333336 0.07738095238095238
3 0.34337797619047616 0.04712301587301587 0.04563492063492063 0.04894179894179894
5 0.6775793650793651 0.24950396825396826 0.028025793650793652 0.08895502645502645
5 0.5922619047619048 0.2152777777777778 0.024305555555555556 0.07208994708994709
5 0.6352926587301587 0.22056878306878308 0.025793650793650792 0.08068783068783068
3 0.3812003968253968 0.14781746031746032 0.044642857142857144 0.05588624338624339
5 0.8498263888888888 0.283234126984127 0.026785714285714284 0.08994708994708994
5 0.6481894841269841 0.1466600529100529 0.020833333333333332 0.05919312169312169
5 0.4759424603174603 0.023974867724867725 0.018601190476190476 0.030753968253968252
5 0.5916418650793651 0.13161375661375663 0.018849206349206348 0.055224867724867725
5 0.6097470238095238 0.10168650793650794 0.015128968253968254 0.04927248677248677
1 0.38169642857142855 0.7240410052910053 0.026537698412698412 0.016203703703703703
5 0.4052579365079365 0.022817460317460316 0.028025793650793652 0.03306878306878307
5 0.6733630952380952 0.042328042328042326 0.023065476190476192 0.03935185185185185
5 0.6148313492063492 0.01603835978835979 0.01711309523809524 0.028769841269841268
0 0.1303298611111111 0.38589285714285715 0.024806547619047617 0.01318452380952381
5 0.7565724206349206 0.02513227513227513 0.021825396825396824 0.02513227513227513
0 0.6898561507936508 0.5730820105820106 0.032242063492063495 0.011243386243386243
5 0.847718253968254 0.03125 0.0248015873015873 0.027777777777777776
1 0.8253819444444445 0.4183730158730159 0.01768105158730159 0.011941137566137567
1 0.380530753968254 0.23333664021164022 0.010364583333333333 0.0076620370370370375