3 0.3298611111111111 0.8467261904761905 0.2170138888888889 0.30654761904761907
6 0.43452380952380953 0.4462632275132275 0.14112103174603174 0.30423280423280424
3 0.6135912698412699 0.44742063492063494 0.09722222222222222 0.12566137566137567
3 0.5843253968253969 0.3543320105820106 0.06770833333333333 0.08531746031746032
3 0.5372023809523809 0.28621031746031744 0.05257936507936508 0.05423280423280423
3 0.2533482142857143 0.388723544973545 0.07787698412698413 0.08366402116402116
2 0.33878968253968256 0.25396825396825395 0.08804563492063493 0.08862433862433862
5 0.29699900793650796 0.6001984126984127 0.04265873015873016 0.14087301587301587
6 0.3542906746031746 0.3715277777777778 0.12872023809523808 0.2208994708994709
5 0.7119295634920635 0.6534391534391535 0.05803571428571429 0.16468253968253968
5 0.43725198412698413 0.26884920634920634 0.017609126984126984 0.05125661375661376
5 0.5935019841269841 0.2701719576719577 0.016617063492063492 0.050595238095238096
5 0.21242559523809523 0.34755291005291006 0.02132936507936508 0.061507936507936505
5 0.4381200396825397 0.2166005291005291 0.013640873015873016 0.036044973544973546
5 0.5693204365079365 0.2587632275132275 0.016865079365079364 0.04828042328042328
3 0.5383184523809523 0.2025462962962963 0.024553571428571428 0.02976190476190476
0 0.3030753968253968 0.9909060846560847 0.04811507936507937 0.016203703703703703
5 0.6091269841269841 0.30009920634920634 0.01984126984126984 0.05654761904761905
5 0.5832093253968254 0.2468584656084656 0.01488095238095238 0.04332010582010582
2 0.5432787698412699 0.14037698412698413 0.033482142857142856 0.03373015873015873
0 0.6195436507936508 0.48974867724867727 0.024057539682539684 0.008597883597883597
3 0.48648313492063494 0.18138227513227514 0.023313492063492064 0.02513227513227513
4 0.11259920634920635 0.38938492063492064 0.01984126984126984 0.06977513227513228
5 0.49404761904761907 0.20552248677248677 0.010912698412698412 0.036375661375661374
5 0.4123263888888889 0.25132275132275134 0.014384920634920634 0.04034391534391534
5 0.39732142857142855 0.19990079365079366 0.011408730158730158 0.03406084656084656
0 0.42911954365079363 0.5709093915343916 0.029265873015873016 0.008786375661375662
5 0.19655257936507936 0.3179563492063492 0.02628968253968254 0.05324074074074074
5 0.5548115079365079 0.230489417989418 0.016865079365079364 0.04332010582010582
5 0.022569444444444444 0.408234126984127 0.02976190476190476 0.08002645502645503
5 0.8943452380952381 0.19990079365079366 0.016617063492063492 0.036375661375661374
1 0.33589533730158727 0.4557175925925926 0.014734623015873015 0.01021494708994709
1 0.24538938492063492 0.4119378306878307 0.012584325396825398 0.008720238095238095