3 0.6137152777777778 0.5143849206349206 0.1746031746031746 0.2853835978835979
3 0.3116319444444444 0.27992724867724866 0.12698412698412698 0.13988095238095238
3 0.615203373015873 0.1865079365079365 0.09275793650793651 0.1259920634920635
5 0.09040178571428571 0.5796957671957672 0.0716765873015873 0.2371031746031746
5 0.4419642857142857 0.3680555555555556 0.04538690476190476 0.15773809523809523
5 0.36222718253968256 0.19890873015873015 0.03819444444444445 0.10482804232804233
5 0.20982142857142858 0.33349867724867727 0.045882936507936505 0.1527777777777778
5 0.09114583333333333 0.34226190476190477 0.048859126984126984 0.1498015873015873
3 0.10007440476190477 0.9361772486772487 0.20014880952380953 0.12764550264550265
5 0.8272569444444444 0.3878968253968254 0.05282738095238095 0.15542328042328044
3 0.21316964285714285 0.06613756613756613 0.13169642857142858 0.06878306878306878
5 0.1185515873015873 0.22023809523809523 0.04017857142857143 0.11342592592592593
1 0.6087549603174603 0.6220238095238095 0.030753968253968252 0.0205026455026455
5 0.5693204365079365 0.072255291005291 0.022569444444444444 0.07175925925925926
5 0.49094742063492064 0.13657407407407407 0.027281746031746032 0.08597883597883597
5 0.6284722222222222 0.02595899470899471 0.017361111111111112 0.051587301587301584
5 0.3900049603174603 0.09738756613756613 0.024305555555555556 0.08002645502645503
1 0.2900545634920635 0.3226025132275132 0.019345238095238096 0.014219576719576719
5 0.5246775793650794 0.09474206349206349 0.022569444444444444 0.07572751322751323
5 0.41009424603174605 0.041005291005291 0.019097222222222224 0.061507936507936505
5 0.8188244047619048 0.03356481481481482 0.019345238095238096 0.060515873015873016
5 0.33990575396825395 0.027777777777777776 0.018601190476190476 0.05555555555555555
5 0.4365079365079365 0.05423280423280423 0.020089285714285716 0.06514550264550265
5 0.48561507936507936 0.0517526455026455 0.02058531746031746 0.0667989417989418
1 0.8257440476190476 0.42417328042328045 0.014930555555555556 0.01541005291005291
5 0.3577628968253968 0.04662698412698413 0.020337301587301588 0.06448412698412699
5 0.8551587301587301 0.028935185185185185 0.022817460317460316 0.05720899470899471
0 0.6127455357142858 0.2238888888888889 0.02365327380952381 0.008015873015873016