3 0.6155753968253969 0.7602513227513228 0.17708333333333334 0.3125
5 0.8009672619047619 0.7941468253968254 0.07465277777777778 0.2156084656084656
5 0.06832837301587301 0.5542328042328042 0.04811507936507937 0.12797619047619047
6 0.30257936507936506 0.302744708994709 0.07341269841269842 0.1302910052910053
2 0.4693700396825397 0.24751984126984128 0.06076388888888889 0.11408730158730158
5 0.9656498015873016 0.4489087301587302 0.03993055555555555 0.10383597883597884
3 0.9744543650793651 0.3072089947089947 0.05084325396825397 0.06712962962962964
5 0.6452132936507936 0.4494047619047619 0.030257936507936508 0.10449735449735449
2 0.36669146825396826 0.7445436507936508 0.21949404761904762 0.43617724867724866
5 0.34337797619047616 0.4332010582010582 0.03373015873015873 0.10085978835978836
2 0.4201388888888889 0.18915343915343916 0.04265873015873016 0.0744047619047619
1 0.6273561507936508 0.8827711640211641 0.031001984126984128 0.0205026455026455
5 0.23425099206349206 0.5376984126984127 0.05282738095238095 0.1283068783068783
5 0.5778769841269841 0.271494708994709 0.017857142857142856 0.055224867724867725
3 0.5016121031746031 0.21197089947089948 0.02132936507936508 0.036044973544973546
4 0.24069940476190477 0.2908399470899471 0.014136904761904762 0.046296296296296294
6 0.5389384920634921 0.2371031746031746 0.04389880952380952 0.083994708994709
5 0.7109375 0.22767857142857142 0.014136904761904762 0.041005291005291
1 0.3602430555555556 0.9346891534391535 0.033234126984126984 0.021825396825396824
3 0.7033035714285714 0.1565674603174603 0.02119047619047619 0.022509920634920633
6 0.5305059523809523 0.14252645502645503 0.03249007936507937 0.050595238095238096
3 0.6891121031746031 0.17493386243386244 0.018601190476190476 0.026785714285714284
4 0.21763392857142858 0.289021164021164 0.015376984126984126 0.0539021164021164
5 0.43253968253968256 0.2347883597883598 0.015873015873015872 0.04861111111111111
3 0.5411706349206349 0.18237433862433863 0.02628968253968254 0.027777777777777776
5 0.8746279761904762 0.19576719576719576 0.02132936507936508 0.03802910052910053
5 0.5780009920634921 0.2328042328042328 0.01711309523809524 0.042328042328042326
5 0.00992063492063492 0.3996362433862434 0.019593253968253968 0.08597883597883597
5 0.685515873015873 0.23197751322751323 0.011904761904761904 0.04332010582010582
5 0.9949156746031746 0.24338624338624337 0.00992063492063492 0.04398148148148148
5 0.715483630952381 0.1881679894179894 0.010052083333333333 0.02680886243386243