3 0.4765625 0.42824074074074076 0.15228174603174602 0.1884920634920635
3 0.31138392857142855 0.7614087301587301 0.2604166666666667 0.3544973544973545
5 0.6560019841269841 0.8558201058201058 0.08283730158730158 0.2880291005291005
3 0.056051587301587304 0.30539021164021163 0.11210317460317461 0.14583333333333334
3 0.47668650793650796 0.23148148148148148 0.09722222222222222 0.11243386243386243
5 0.059027777777777776 0.5401785714285714 0.06522817460317461 0.18783068783068782
5 0.2286706349206349 0.34441137566137564 0.051587301587301584 0.1431878306878307
3 0.5968501984126984 0.06696428571428571 0.054563492063492064 0.06117724867724868
5 0.1457093253968254 0.4183201058201058 0.0625 0.17394179894179895
5 0.31274801587301587 0.2833994708994709 0.036458333333333336 0.11772486772486772
5 0.06882440476190477 0.39880952380952384 0.05580357142857143 0.1488095238095238
3 0.6915922619047619 0.03257275132275132 0.05084325396825397 0.06084656084656084
5 0.35974702380952384 0.29910714285714285 0.038938492063492064 0.12566137566137567
5 0.15302579365079366 0.30952380952380953 0.048859126984126984 0.11408730158730158
5 0.24466765873015872 0.23015873015873015 0.033482142857142856 0.10218253968253968
1 0.45771329365079366 0.48561507936507936 0.024057539682539684 0.018518518518518517
2 0.6335565476190477 0.16451719576719576 0.10243055555555555 0.16534391534391535
5 0.4410962301587302 0.09887566137566138 0.022569444444444444 0.07043650793650794
5 0.5255456349206349 0.1228505291005291 0.023561507936507936 0.07804232804232804
5 0.521453373015873 0.01570767195767196 0.015625 0.03141534391534392
5 0.4868551587301587 0.06861772486772487 0.019593253968253968 0.06349206349206349
5 0.515625 0.0775462962962963 0.01984126984126984 0.06415343915343916
5 0.4618055555555556 0.15046296296296297 0.025793650793650792 0.06646825396825397
5 0.5484871031746031 0.08746693121693122 0.019097222222222224 0.05886243386243386
5 0.4680059523809524 0.06233465608465608 0.017857142857142856 0.05588624338624339
0 0.2681051587301587 0.8883928571428571 0.05580357142857143 0.018518518518518517
3 0.5990823412698413 0.013392857142857142 0.046378968253968256 0.026455026455026454
5 0.38430059523809523 0.06646825396825397 0.025793650793650792 0.05654761904761905
4 0.33308531746031744 0.09011243386243387 0.019097222222222224 0.060515873015873016
1 0.4625496031746032 0.26157407407407407 0.01488095238095238 0.012235449735449735
5 0.5499751984126984 0.051587301587301584 0.0220734126984127 0.04563492063492063
0 0.6292708333333333 0.2229232804232804 0.022725694444444444 0.007582671957671957