6 0.3880208333333333 0.45634920634920634 0.1793154761904762 0.26256613756613756
3 0.7074652777777778 0.35267857142857145 0.09399801587301587 0.10978835978835978
5 0.7956349206349206 0.7400793650793651 0.06547619047619048 0.22916666666666666
3 0.6473214285714286 0.259755291005291 0.07341269841269842 0.08134920634920635
3 0.9693700396825397 0.18998015873015872 0.06125992063492063 0.06283068783068783
2 0.39037698412698413 0.2177579365079365 0.0882936507936508 0.1746031746031746
3 0.4601934523809524 0.20453042328042328 0.06324404761904762 0.0667989417989418
3 0.5489831349206349 0.22503306878306878 0.05580357142857143 0.06283068783068783
6 0.6030505952380952 0.16203703703703703 0.06299603174603174 0.11243386243386243
3 0.4677579365079365 0.34953703703703703 0.0900297619047619 0.12400793650793651
3 0.9420882936507936 0.12185846560846561 0.03943452380952381 0.04133597883597884
5 0.3039434523809524 0.34308862433862436 0.03050595238095238 0.09193121693121693
5 0.5081845238095238 0.257771164021164 0.02628968253968254 0.07374338624338625
5 0.2197420634920635 0.2777777777777778 0.057539682539682536 0.07341269841269842
2 0.46664186507936506 0.10003306878306878 0.057291666666666664 0.07771164021164022
3 0.6843998015873016 0.11789021164021164 0.036210317460317464 0.03736772486772487
5 0.6904761904761905 0.17708333333333334 0.018849206349206348 0.056216931216931214
5 0.416046626984127 0.2984457671957672 0.027529761904761904 0.05720899470899471
6 0.5901537698412699 0.07374338624338625 0.0496031746031746 0.06746031746031746
3 0.9836309523809523 0.07473544973544974 0.026785714285714284 0.0291005291005291
5 0.6588541666666666 0.1615410052910053 0.014632936507936508 0.05092592592592592
5 0.7470238095238095 0.20601851851851852 0.025793650793650792 0.06812169312169312
3 0.9909474206349206 0.09077380952380952 0.017609126984126984 0.03207671957671958
1 0.36507936507936506 0.5540674603174603 0.021577380952380952 0.01488095238095238
5 0.7178819444444444 0.17592592592592593 0.018601190476190476 0.05720899470899471
5 0.3117559523809524 0.2587632275132275 0.037698412698412696 0.06911375661375661
0 0.7096850198412697 0.386114417989418 0.022410714285714287 0.008822751322751322
4 0.26860119047619047 0.25033068783068785 0.019097222222222224 0.06415343915343916
3 0.6574900793650794 0.0798611111111111 0.024553571428571428 0.03009259259259259
4 0.8883680555555555 0.9599867724867724 0.07514880952380952 0.08002645502645503
3 0.626984126984127 0.10367063492063493 0.034722222222222224 0.04431216931216931
5 0.5281498015873016 0.18303571428571427 0.019345238095238096 0.051587301587301584
5 0.5151289682539683 0.1800595238095238 0.018601190476190476 0.05026455026455026
5 0.5189732142857143 0.10648148148148148 0.013888888888888888 0.036044973544973546
5 0.9435763888888888 0.08416005291005291 0.011408730158730158 0.03141534391534392
2 0.5619270833333333 0.10438161375661376 0.04088293650793651 0.06610780423280423
2 0.7006225198412698 0.07146164021164021 0.038315972222222223 0.05398478835978836