3 0.6104600694444444 0.23987268518518517 0.11653645833333333 0.12297453703703703
5 0.6005859375 0.6391782407407407 0.07855902777777778 0.22743055555555555
5 0.14290364583333334 0.7605613425925926 0.1013454861111111 0.2679398148148148
6 0.8210720486111112 0.30570023148148145 0.17664930555555555 0.2667824074074074
2 0.7415364583333334 0.08738425925925926 0.12369791666666667 0.1605902777777778
5 0.4322916666666667 0.5734953703703703 0.06553819444444445 0.2254050925925926
5 0.8655598958333334 0.6157407407407407 0.07530381944444445 0.22135416666666666
5 0.3742404513888889 0.46108217592592593 0.06293402777777778 0.1724537037037037
5 0.4124348958333333 0.23668981481481483 0.041449652777777776 0.1032986111111111
5 0.7609592013888888 0.7837094907407407 0.10850694444444445 0.27719907407407407
5 0.2097439236111111 0.41811342592592593 0.07378472222222222 0.16116898148148148
5 0.8595920138888888 0.019965277777777776 0.017144097222222224 0.03993055555555555
1 0.7892795138888888 0.4095775462962963 0.021918402777777776 0.016203703703703703
2 0.9539930555555556 0.05237268518518518 0.0920138888888889 0.10474537037037036
5 0.2075737847222222 0.3287037037037037 0.055121527777777776 0.11197916666666667
5 0.9906684027777778 0.2845775462962963 0.018446180555555556 0.12528935185185186
5 0.4089626736111111 0.18055555555555555 0.0390625 0.078125
5 0.6267361111111112 0.03689236111111111 0.03233506944444445 0.05150462962962963
1 0.5875086805555555 0.26633680555555556 0.016575520833333333 0.013052662037037036
4 0.1420334201388889 0.24363715277777778 0.0383203125 0.085546875
4 0.16734592013888888 0.2094184027777778 0.02109375 0.050859375000000005
4 0.18984592013888887 0.22453414351851853 0.024609375000000003 0.061875