3 0.6165674603174603 0.6137566137566137 0.16046626984126985 0.226521164021164
3 0.7571924603174603 0.45105820105820105 0.1433531746031746 0.1931216931216931
6 0.32006448412698413 0.37367724867724866 0.16071428571428573 0.24239417989417988
6 0.9231150793650794 0.6468253968253969 0.15376984126984128 0.34755291005291006
3 0.7218501984126984 0.33978174603174605 0.09424603174603174 0.12367724867724868
3 0.6433531746031746 0.15443121693121692 0.04935515873015873 0.059854497354497355
3 0.6938244047619048 0.18981481481481483 0.058779761904761904 0.07043650793650794
3 0.7528521825396826 0.2705026455026455 0.08804563492063493 0.10714285714285714
3 0.45027281746031744 0.27562830687830686 0.07911706349206349 0.1001984126984127
3 0.6087549603174603 0.11673280423280423 0.04712301587301587 0.056878306878306875
3 0.6779513888888888 0.08316798941798942 0.03968253968253968 0.045965608465608467
5 0.8923611111111112 0.42476851851851855 0.04365079365079365 0.10515873015873016
3 0.4956597222222222 0.17807539682539683 0.05381944444444445 0.06613756613756613
3 0.7342509920634921 0.08052248677248677 0.04241071428571429 0.056216931216931214
5 0.5564236111111112 0.24338624338624337 0.027777777777777776 0.07208994708994709
3 0.7793898809523809 0.15343915343915343 0.059027777777777776 0.08267195767195767
3 0.9782986111111112 0.03455687830687831 0.027777777777777776 0.02943121693121693
5 0.5523313492063492 0.1476521164021164 0.018353174603174604 0.059854497354497355
3 0.7166418650793651 0.03356481481481482 0.028769841269841268 0.028439153439153438
5 0.8175843253968254 0.2478505291005291 0.030009920634920636 0.0916005291005291
5 0.5556795634920635 0.07572751322751323 0.014384920634920634 0.03968253968253968
3 0.7829861111111112 0.024636243386243387 0.030257936507936508 0.032407407407407406
0 0.9532490079365079 0.7764550264550265 0.047619047619047616 0.016534391534391533
0 0.6190476190476191 0.687665343915344 0.040674603174603176 0.01455026455026455
5 0.7490079365079365 0.12185846560846561 0.018849206349206348 0.05489417989417989
5 0.849578373015873 0.9568452380952381 0.08754960317460317 0.08630952380952381
0 0.7513640873015873 0.5147156084656085 0.033482142857142856 0.011904761904761904
5 0.7762896825396826 0.08382936507936507 0.014136904761904762 0.041666666666666664
3 0.5835813492063492 0.03885582010582011 0.03298611111111111 0.030753968253968252
5 0.46999007936507936 0.20932539682539683 0.025793650793650792 0.046296296296296294
4 0.36731150793650796 0.19163359788359788 0.018353174603174604 0.07275132275132275
0 0.2898065476190476 0.4599867724867725 0.027777777777777776 0.010912698412698412
4 0.1271081349206349 0.3146494708994709 0.0248015873015873 0.08035714285714286
2 0.49556795634920636 0.39254960317460313 0.154734623015873 0.23865410052910055
1 0.480250496031746 0.48175595238095237 0.02189236111111111 0.014001322751322752
5 0.7719494047619048 0.18369708994708994 0.021577380952380952 0.06580687830687831
5 0.8273809523809523 0.22371031746031747 0.02628968253968254 0.0763888888888889
5 0.41009424603174605 0.14616402116402116 0.016617063492063492 0.05654761904761905
4 0.525922619047619 0.26241732804232804 0.024992559523809525 0.02644179894179894