3 0.3993055555555556 0.6822089947089947 0.2197420634920635 0.3290343915343915
3 0.5587797619047619 0.4742063492063492 0.14285714285714285 0.19973544973544974
3 0.38330853174603174 0.257771164021164 0.09275793650793651 0.10284391534391535
3 0.4935515873015873 0.3055555555555556 0.09970238095238096 0.11541005291005291
5 0.10441468253968254 0.5138888888888888 0.06076388888888889 0.16104497354497355
5 0.24367559523809523 0.5572089947089947 0.05679563492063492 0.18452380952380953
5 0.42646329365079366 0.4085648148148148 0.04389880952380952 0.13425925925925927
3 0.5389384920634921 0.10251322751322751 0.05406746031746032 0.06448412698412699
3 0.5060763888888888 0.08482142857142858 0.03943452380952381 0.04728835978835979
5 0.5171130952380952 0.36590608465608465 0.03993055555555555 0.13260582010582012
3 0.668030753968254 0.06332671957671958 0.03695436507936508 0.045965608465608467
5 0.6419890873015873 0.24586640211640212 0.031994047619047616 0.09722222222222222
5 0.5078125 0.1541005291005291 0.020833333333333332 0.06514550264550265
1 0.5441468253968254 0.5355489417989417 0.023561507936507936 0.016534391534391533
5 0.6206597222222222 0.1164021164021164 0.019097222222222224 0.05919312169312169
5 0.490203373015873 0.2099867724867725 0.02554563492063492 0.07837301587301587
5 0.5865575396825397 0.12417328042328042 0.017857142857142856 0.05919312169312169
2 0.2246205357142857 0.28193452380952383 0.12237847222222223 0.1631712962962963
1 0.20287698412698413 0.3404431216931217 0.016865079365079364 0.011243386243386243
5 0.39806547619047616 0.1787367724867725 0.028521825396825396 0.05952380952380952
0 0.37276785714285715 0.8138227513227513 0.04985119047619048 0.017526455026455025
5 0.41803075396825395 0.16550925925925927 0.022817460317460316 0.06911375661375661
5 0.4673859126984127 0.0765542328042328 0.014632936507936508 0.046296296296296294
5 0.8536706349206349 0.03885582010582011 0.013640873015873016 0.052248677248677246
3 0.6747271825396826 0.0248015873015873 0.03249007936507937 0.03968253968253968
2 0.5246775793650794 0.016865079365079364 0.054811507936507936 0.03373015873015873
5 0.5229414682539683 0.03902116402116402 0.013640873015873016 0.03802910052910053
5 0.4052579365079365 0.13161375661375663 0.02058531746031746 0.05324074074074074
3 0.6946924603174603 0.01207010582010582 0.03149801587301587 0.023809523809523808
5 0.6541418650793651 0.2152777777777778 0.022569444444444444 0.08101851851851852
5 0.6290922619047619 0.011739417989417989 0.011656746031746032 0.023478835978835978
5 0.5787450396825397 0.04249338624338624 0.01488095238095238 0.040674603174603176
0 0.36842757936507936 0.28951719576719576 0.021825396825396824 0.007605820105820105
0 0.482390873015873 0.33895502645502645 0.024057539682539684 0.008928571428571428
5 0.5906498015873016 0.011243386243386243 0.010416666666666666 0.022486772486772486
5 0.568328373015873 0.013888888888888888 0.011656746031746032 0.027777777777777776
5 0.6130952380952381 0.012896825396825396 0.010168650793650794 0.025793650793650792