3 0.6424851190476191 0.5765542328042328 0.13268849206349206 0.18353174603174602
6 0.40649801587301587 0.5471230158730159 0.1827876984126984 0.4031084656084656
3 0.6032986111111112 0.42724867724867727 0.08581349206349206 0.11342592592592593
3 0.5141369047619048 0.31382275132275134 0.061507936507936505 0.06084656084656084
5 0.3297371031746032 0.8500330687830688 0.07142857142857142 0.22023809523809523
2 0.3159722222222222 0.26967592592592593 0.10615079365079365 0.09027777777777778
3 0.5341021825396826 0.22767857142857142 0.02976190476190476 0.03802910052910053
3 0.7126736111111112 0.20221560846560846 0.028769841269841268 0.028769841269841268
3 0.2034970238095238 0.43386243386243384 0.03844246031746032 0.10218253968253968
5 0.6293402777777778 0.36474867724867727 0.026041666666666668 0.06746031746031746
3 0.47470238095238093 0.19477513227513227 0.023809523809523808 0.03009259259259259
5 0.5959821428571429 0.3093584656084656 0.020089285714285716 0.06349206349206349
5 0.42075892857142855 0.24305555555555555 0.01488095238095238 0.0419973544973545
5 0.48040674603174605 0.23462301587301587 0.013392857142857142 0.03802910052910053
5 0.5591517857142857 0.265542328042328 0.018601190476190476 0.056216931216931214
5 0.42757936507936506 0.3004298941798942 0.018849206349206348 0.05191798941798942
4 0.09089781746031746 0.40757275132275134 0.021825396825396824 0.07572751322751323
5 0.20014880952380953 0.32175925925925924 0.020337301587301588 0.04861111111111111
5 0.23561507936507936 0.328042328042328 0.018105158730158732 0.0496031746031746
2 0.5202132936507936 0.14699074074074073 0.036210317460317464 0.03571428571428571
0 0.3995436507936508 0.7236541005291005 0.036934523809523806 0.01113425925925926
0 0.6489335317460317 0.6451719576719577 0.03273809523809524 0.011243386243386243
3 0.5022321428571429 0.16848544973544974 0.021081349206349208 0.023809523809523808
5 0.38740079365079366 0.21676587301587302 0.011904761904761904 0.034722222222222224
5 0.5811011904761905 0.29794973544973546 0.018601190476190476 0.05787037037037037
5 0.39360119047619047 0.28852513227513227 0.016617063492063492 0.04861111111111111
5 0.8425099206349206 0.964781746031746 0.0835813492063492 0.07043650793650794
3 0.5339781746031746 0.17311507936507936 0.0220734126984127 0.023809523809523808
1 0.2642609126984127 0.5721362433862435 0.019122023809523808 0.012976190476190476
5 0.023933531746031748 0.4126984126984127 0.028273809523809524 0.07705026455026455
5 0.5912698412698413 0.2718253968253968 0.018105158730158732 0.041666666666666664
0 0.6066989087301587 0.46234126984126983 0.01986111111111111 0.00791005291005291