3 0.7220982142857143 0.6433531746031746 0.20982142857142858 0.3349867724867725
5 0.44233630952380953 0.5505952380952381 0.05679563492063492 0.1908068783068783
5 0.9211309523809523 0.6455026455026455 0.06274801587301587 0.2080026455026455
5 0.4358878968253968 0.3664021164021164 0.03943452380952381 0.125
3 0.22780257936507936 0.2551256613756614 0.12152777777777778 0.11937830687830688
3 0.6465773809523809 0.16220238095238096 0.06299603174603174 0.07407407407407407
5 0.35131448412698413 0.2673611111111111 0.031746031746031744 0.09854497354497355
5 0.2543402777777778 0.3784722222222222 0.03794642857142857 0.12566137566137567
3 0.9234871031746031 0.06977513227513228 0.031746031746031744 0.04828042328042328
4 0.2034970238095238 0.9460978835978836 0.10466269841269842 0.10747354497354497
5 0.7788938492063492 0.19212962962962962 0.027281746031746032 0.07804232804232804
5 0.4962797619047619 0.14566798941798942 0.019097222222222224 0.06316137566137567
5 0.6773313492063492 0.20188492063492064 0.025049603174603176 0.07837301587301587
5 0.234375 0.3229166666666667 0.03720238095238095 0.11243386243386243
5 0.7023809523809523 0.07953042328042328 0.017361111111111112 0.05026455026455026
5 0.043402777777777776 0.2080026455026455 0.06225198412698413 0.07407407407407407
5 0.5735367063492064 0.15707671957671956 0.023561507936507936 0.07175925925925926
5 0.5373263888888888 0.12863756613756613 0.023065476190476192 0.062169312169312166
0 0.7203621031746031 0.7604166666666666 0.051587301587301584 0.016865079365079364
5 0.5224454365079365 0.10185185185185185 0.019593253968253968 0.056878306878306875
3 0.44494047619047616 0.026455026455026454 0.031994047619047616 0.036375661375661374
5 0.6144593253968254 0.059854497354497355 0.013888888888888888 0.04497354497354497
5 0.5674603174603174 0.10978835978835978 0.02132936507936508 0.0496031746031746
5 0.6216517857142857 0.012896825396825396 0.010912698412698412 0.025793650793650792
5 0.6716269841269841 0.033895502645502645 0.013640873015873016 0.041005291005291
5 0.5912698412698413 0.039186507936507936 0.013392857142857142 0.04133597883597884
5 0.5584077380952381 0.0701058201058201 0.015376984126984126 0.04298941798941799
0 0.20027281746031747 0.2909060846560847 0.020731646825396827 0.007870370370370371
5 0.6588318452380952 0.027377645502645504 0.012197420634920636 0.03419973544973545
5 0.6380753968253968 0.030205026455026457 0.013392857142857142 0.03642857142857143
5 0.5505059523809523 0.05873015873015873 0.014275793650793652 0.04366402116402116