5 0.3798828125 0.4730902777777778 0.0876736111111111 0.3003472222222222
5 0.314453125 0.8331886574074074 0.12369791666666667 0.3336226851851852
5 0.7137586805555556 0.32277199074074076 0.07530381944444445 0.2560763888888889
5 0.3170572916666667 0.2416087962962963 0.07291666666666667 0.23466435185185186
5 0.3728298611111111 0.17679398148148148 0.06684027777777778 0.22685185185185186
5 0.6433376736111112 0.10734953703703703 0.0661892361111111 0.2065972222222222
5 0.5059678819444444 0.30324074074074076 0.091796875 0.25144675925925924
5 0.9278428819444444 0.07233796296296297 0.059244791666666664 0.14467592592592593
5 0.5071614583333334 0.1072048611111111 0.05642361111111111 0.1762152777777778
5 0.17881944444444445 0.1372974537037037 0.09136284722222222 0.2019675925925926
5 0.5721571180555556 0.06640625 0.05881076388888889 0.1328125
5 0.2062717013888889 0.025173611111111112 0.047526041666666664 0.050347222222222224