3 0.5316220238095238 0.3748346560846561 0.1535218253968254 0.21064814814814814
3 0.808531746031746 0.33878968253968256 0.12896825396825398 0.1765873015873016
5 0.6767113095238095 0.8295304232804233 0.078125 0.2953042328042328
3 0.45027281746031744 0.21213624338624337 0.10491071428571429 0.13260582010582012
5 0.3185763888888889 0.4485780423280423 0.05952380952380952 0.18683862433862433
2 0.48462301587301587 0.0667989417989418 0.12078373015873016 0.1335978835978836
3 0.6357886904761905 0.19857804232804233 0.09325396825396826 0.12632275132275134
5 0.04117063492063492 0.847718253968254 0.08234126984126984 0.30257936507936506
3 0.6102430555555556 0.11408730158730158 0.07291666666666667 0.0916005291005291
5 0.11644345238095238 0.39715608465608465 0.06001984126984127 0.1703042328042328
5 0.17522321428571427 0.490244708994709 0.057539682539682536 0.1775793650793651
5 0.15203373015873015 0.3179563492063492 0.05009920634920635 0.12797619047619047
3 0.25124007936507936 0.15757275132275134 0.11879960317460317 0.12037037037037036
6 0.6811755952380952 0.03736772486772487 0.0873015873015873 0.0744047619047619
5 0.2932787698412698 0.2878637566137566 0.04389880952380952 0.13095238095238096
5 0.779265873015873 0.06498015873015874 0.023809523809523808 0.07175925925925926
5 0.37611607142857145 0.19146825396825398 0.03149801587301587 0.10251322751322751
5 0.3178323412698413 0.19345238095238096 0.035962301587301584 0.103505291005291
1 0.8077876984126984 0.390542328042328 0.022569444444444444 0.016203703703703703
5 0.3461061507936508 0.12698412698412698 0.02703373015873016 0.08068783068783068
5 0.5828373015873016 0.07060185185185185 0.023561507936507936 0.06283068783068783
5 0.5581597222222222 0.018849206349206348 0.017857142857142856 0.037698412698412696
4 0.3168402777777778 0.09011243386243387 0.020833333333333332 0.07473544973544974
0 0.5157490079365079 0.4460978835978836 0.034722222222222224 0.012896825396825396
5 0.2689732142857143 0.2404100529100529 0.034970238095238096 0.1173941798941799
5 0.7431795634920635 0.01455026455026455 0.014384920634920634 0.0291005291005291
1 0.4358407738095238 0.24745701058201056 0.01636904761904762 0.011904761904761904
0 0.22471974206349207 0.19404431216931214 0.02037450396825397 0.007496693121693122
0 0.6317385912698413 0.22966600529100528 0.024553571428571428 0.008039021164021163