3 0.7681051587301587 0.2743055555555556 0.10218253968253968 0.12996031746031747
5 0.738219246031746 0.8416005291005291 0.0882936507936508 0.28406084656084657
3 0.6755952380952381 0.0882936507936508 0.06870039682539683 0.08961640211640212
3 0.7504960317460317 0.13773148148148148 0.06498015873015874 0.08961640211640212
5 0.7192460317460317 0.47767857142857145 0.051835317460317464 0.18022486772486773
5 0.8418898809523809 0.376984126984127 0.04141865079365079 0.14616402116402116
3 0.6438492063492064 0.15922619047619047 0.05580357142857143 0.08895502645502645
3 0.46106150793650796 0.04480820105820106 0.050347222222222224 0.054563492063492064
5 0.8118799603174603 0.20651455026455026 0.03050595238095238 0.09523809523809523
5 0.23846726190476192 0.26686507936507936 0.04389880952380952 0.11044973544973545
5 0.7797619047619048 0.18022486772486773 0.03125 0.06878306878306878
5 0.5091765873015873 0.046957671957671955 0.017609126984126984 0.05423280423280423
5 0.7946428571428571 0.10598544973544974 0.02554563492063492 0.07473544973544974
5 0.3010912698412698 0.23032407407407407 0.03249007936507937 0.09755291005291006
5 0.6300843253968254 0.024966931216931217 0.016121031746031748 0.04894179894179894
5 0.5302579365079365 0.09358465608465609 0.02703373015873016 0.054563492063492064
5 0.6057787698412699 0.09226190476190477 0.0220734126984127 0.05952380952380952
5 0.923859126984127 0.02513227513227513 0.018105158730158732 0.05026455026455026
5 0.5797371031746031 0.053075396825396824 0.017857142857142856 0.0582010582010582
5 0.6045386904761905 0.022652116402116403 0.016865079365079364 0.045304232804232805
5 0.3443700396825397 0.14831349206349206 0.028273809523809524 0.08167989417989419
6 0.5417906746031746 0.2576058201058201 0.18204365079365079 0.2771164021164021
3 0.24094742063492064 0.18766534391534392 0.12103174603174603 0.12003968253968254
5 0.5691964285714286 0.01240079365079365 0.015625 0.0248015873015873
1 0.7671130952380952 0.31200396825396826 0.017857142857142856 0.012566137566137565
5 0.7487599206349206 0.06283068783068783 0.022817460317460316 0.06117724867724868
5 0.37115575396825395 0.18700396825396826 0.02703373015873016 0.0796957671957672
4 0.36755952380952384 0.09242724867724868 0.017361111111111112 0.0582010582010582
0 0.2139657738095238 0.2241633597883598 0.020384424603174602 0.007364417989417989
5 0.5651041666666666 0.09755291005291006 0.025049603174603176 0.05654761904761905
5 0.5435267857142857 0.0517526455026455 0.01984126984126984 0.049933862433862435
5 0.49950396825396826 0.017691798941798943 0.015625 0.035383597883597885
5 0.6863839285714286 0.024636243386243387 0.022569444444444444 0.04332010582010582
5 0.5367063492063492 0.015046296296296295 0.014384920634920634 0.03009259259259259
6 0.44288194444444445 0.16854166666666667 0.12426339285714286 0.15752314814814816