3 0.5714285714285714 0.34093915343915343 0.10962301587301587 0.14087301587301587
5 0.1392609126984127 0.8859126984126984 0.10838293650793651 0.22784391534391535
3 0.2286706349206349 0.24801587301587302 0.12177579365079365 0.12136243386243387
5 0.24578373015873015 0.5254629629629629 0.060515873015873016 0.17427248677248677
5 0.6917162698412699 0.36574074074074076 0.03943452380952381 0.1345899470899471
5 0.35379464285714285 0.3576388888888889 0.04439484126984127 0.1292989417989418
5 0.2709573412698413 0.33779761904761907 0.03670634920634921 0.11772486772486772
5 0.37041170634920634 0.2865410052910053 0.041914682539682536 0.09887566137566138
5 0.03931051587301587 0.22255291005291006 0.07142857142857142 0.08994708994708994
5 0.4053819444444444 0.2025462962962963 0.029513888888888888 0.08763227513227513
5 0.5089285714285714 0.22255291005291006 0.026041666666666668 0.08796296296296297
5 0.47085813492063494 0.14583333333333334 0.020833333333333332 0.062169312169312166
5 0.5553075396825397 0.12764550264550265 0.019593253968253968 0.061507936507936505
5 0.5912698412698413 0.13210978835978837 0.020089285714285716 0.06481481481481481
5 0.6237599206349206 0.10333994708994709 0.017361111111111112 0.054563492063492064
5 0.640625 0.05357142857142857 0.014136904761904762 0.04332010582010582
5 0.5125248015873016 0.12681878306878308 0.020833333333333332 0.06183862433862434
5 0.921875 0.10317460317460317 0.020337301587301588 0.06018518518518518
5 0.5259176587301587 0.09639550264550265 0.019097222222222224 0.051587301587301584
5 0.5808531746031746 0.08382936507936507 0.016865079365079364 0.050595238095238096
3 0.4453125 0.018353174603174604 0.034970238095238096 0.036044973544973546
5 0.5698164682539683 0.042328042328042326 0.014384920634920634 0.04265873015873016
5 0.6024305555555556 0.042162698412698416 0.013888888888888888 0.04298941798941799
1 0.5624528769841269 0.37969246031746035 0.018913690476190476 0.012705026455026455
0 0.2013516865079365 0.2834623015873016 0.02070188492063492 0.007099867724867724
4 0.27840525793650794 0.16953703703703701 0.019866071428571427 0.06377645502645503