3 0.3199869791666667 0.46412037037037035 0.21961805555555555 0.30497685185185186
3 0.2770182291666667 0.10431134259259259 0.1508246527777778 0.1909722222222222
3 0.6011284722222222 0.6581307870370371 0.2845052083333333 0.47280092592592593
5 0.5894097222222222 0.32957175925925924 0.08072916666666667 0.1953125
5 0.8306206597222222 0.2625868055555556 0.057074652777777776 0.20399305555555555
5 0.4709201388888889 0.1490162037037037 0.0546875 0.1675347222222222
5 0.09526909722222222 0.18619791666666666 0.05360243055555555 0.18055555555555555
5 0.4071180555555556 0.3035300925925926 0.06705729166666667 0.17447916666666666
1 0.3101128472222222 0.5588831018518519 0.03927951388888889 0.02546296296296296
0 0.5984157986111112 0.8143807870370371 0.06901041666666667 0.022858796296296297
0 0.2817339409722222 0.15958912037037035 0.03467664930555556 0.011261574074074075