3 0.5026041666666666 0.22883597883597884 0.109375 0.14947089947089948
3 0.6414930555555556 0.15575396825396826 0.09722222222222222 0.1455026455026455
5 0.5829613095238095 0.5062830687830688 0.056051587301587304 0.21064814814814814
3 0.42509920634920634 0.08482142857142858 0.07713293650793651 0.0958994708994709
5 0.22073412698412698 0.30505952380952384 0.04117063492063492 0.14153439153439154
5 0.4401041666666667 0.3999669312169312 0.054563492063492064 0.1832010582010582
5 0.7238343253968254 0.3369708994708995 0.04861111111111111 0.15873015873015872
5 0.3177083333333333 0.2916666666666667 0.04117063492063492 0.14351851851851852
5 0.41803075396825395 0.1939484126984127 0.036210317460317464 0.11177248677248677
3 0.4636656746031746 0.024966931216931217 0.05381944444444445 0.049933862433862435
5 0.3470982142857143 0.15906084656084657 0.03249007936507937 0.105489417989418
5 0.5192212301587301 0.06729497354497355 0.022321428571428572 0.0763888888888889
5 0.6784474206349206 0.056216931216931214 0.021825396825396824 0.06944444444444445
5 0.591765873015873 0.05009920634920635 0.022321428571428572 0.06944444444444445
5 0.6595982142857143 0.023809523809523808 0.020833333333333332 0.047619047619047616
5 0.24627976190476192 0.1359126984126984 0.028273809523809524 0.09656084656084656
0 0.49588045634920636 0.2764021164021164 0.025243055555555557 0.008707010582010581
4 0.12016369047619048 0.18501984126984128 0.026041666666666668 0.08862433862433862
5 0.3373015873015873 0.08664021164021164 0.024057539682539684 0.07738095238095238
5 0.35639880952380953 0.09507275132275132 0.027529761904761904 0.0763888888888889
4 0.014012896825396826 0.16683201058201058 0.027529761904761904 0.10251322751322751
5 0.2312748015873016 0.08713624338624339 0.027529761904761904 0.07208994708994709
4 0.24503968253968253 0.036871693121693125 0.017857142857142856 0.060515873015873016
5 0.4088541666666667 0.03290343915343916 0.0220734126984127 0.03835978835978836
4 0.054563492063492064 0.12220238095238097 0.026391369047619045 0.09415013227513226
0 0.6429613095238096 0.19945105820105818 0.023807043650793648 0.006884920634920635