3 0.5834573412698413 0.2058531746031746 0.10342261904761904 0.14186507936507936
5 0.38318452380952384 0.38293650793650796 0.04538690476190476 0.15873015873015872
5 0.3100198412698413 0.29034391534391535 0.03943452380952381 0.12400793650793651
5 0.20262896825396826 0.5505952380952381 0.06572420634920635 0.21064814814814814
5 0.1480654761904762 0.5087632275132276 0.05853174603174603 0.1875
5 0.2516121031746032 0.39169973544973546 0.05109126984126984 0.15707671957671956
5 0.33469742063492064 0.1884920634920635 0.02976190476190476 0.09358465608465609
5 0.24764384920634921 0.20089285714285715 0.031746031746031744 0.10416666666666667
5 0.36569940476190477 0.1671626984126984 0.02976190476190476 0.08895502645502645
3 0.53125 0.06283068783068783 0.05381944444444445 0.06646825396825397
5 0.22247023809523808 0.3402777777777778 0.04290674603174603 0.13326719576719576
5 0.28000992063492064 0.08548280423280423 0.05133928571428571 0.062169312169312166
5 0.5461309523809523 0.13012566137566137 0.023809523809523808 0.08101851851851852
5 0.9341517857142857 0.04811507936507937 0.018353174603174604 0.05853174603174603
5 0.7359871031746031 0.136739417989418 0.02628968253968254 0.08597883597883597
5 0.8968253968253969 0.0765542328042328 0.020089285714285716 0.062169312169312166
5 0.4644097222222222 0.10267857142857142 0.020337301587301588 0.06746031746031746
5 0.5073164682539683 0.10367063492063493 0.02132936507936508 0.0710978835978836
5 0.6781994047619048 0.026785714285714284 0.01711309523809524 0.05324074074074074
3 0.6028025793650794 0.06001984126984127 0.04563492063492063 0.06779100529100529
5 0.6622023809523809 0.0603505291005291 0.019097222222222224 0.06018518518518518
3 0.8932291666666666 0.022982804232804233 0.03968253968253968 0.045965608465608467
3 0.4210069444444444 0.033895502645502645 0.0496031746031746 0.06514550264550265
5 0.6350446428571429 0.014054232804232803 0.017361111111111112 0.028108465608465607
5 0.42485119047619047 0.09837962962962964 0.021825396825396824 0.07275132275132275
5 0.4853670634920635 0.05291005291005291 0.018601190476190476 0.056878306878306875
3 0.6003224206349206 0.028769841269841268 0.05009920634920635 0.05720899470899471
5 0.46651785714285715 0.04365079365079365 0.016617063492063492 0.054563492063492064
5 0.36867559523809523 0.06167328042328042 0.022321428571428572 0.06514550264550265
5 0.7118055555555556 0.014219576719576719 0.01636904761904762 0.028439153439153438
5 0.5204613095238095 0.0205026455026455 0.020089285714285716 0.03968253968253968
5 0.5442708333333334 0.019014550264550265 0.017361111111111112 0.037698412698412696
4 0.38881944444444444 0.059537037037037034 0.01539186507936508 0.056974206349206344
0 0.5757539682539683 0.24849867724867727 0.024759424603174603 0.008948412698412699