6 0.4806857638888889 0.3543113425925926 0.18836805555555555 0.3509837962962963
5 0.2524956597222222 0.7058738425925926 0.0818142361111111 0.2181712962962963
5 0.7918836805555556 0.6686921296296297 0.06401909722222222 0.21122685185185186
5 0.9151475694444444 0.7133969907407407 0.072265625 0.2199074074074074
3 0.3668619791666667 0.16493055555555555 0.08311631944444445 0.0943287037037037
5 0.6439887152777778 0.6643518518518519 0.0703125 0.21354166666666666
5 0.7281901041666666 0.4249131944444444 0.04774305555555555 0.14930555555555555
5 0.6724175347222222 0.5228587962962963 0.053168402777777776 0.17390046296296297
5 0.04861111111111111 0.2829861111111111 0.03515625 0.1293402777777778
3 0.26953125 0.12456597222222222 0.08832465277777778 0.09143518518518519
3 0.7236328125 0.15465856481481483 0.076171875 0.08883101851851852
3 0.6315104166666666 0.1111111111111111 0.06575520833333333 0.07696759259259259
5 0.2616102430555556 0.17274305555555555 0.030381944444444444 0.09577546296296297
5 0.21473524305555555 0.16030092592592593 0.027126736111111112 0.09027777777777778
1 0.2550998263888889 0.7450810185185185 0.021701388888888888 0.019965277777777776
3 0.5559895833333334 0.03284143518518518 0.05750868055555555 0.050347222222222224
1 0.6461588541666666 0.7055844907407407 0.018880208333333332 0.018229166666666668
5 0.6317274305555556 0.14438657407407407 0.025607638888888888 0.07609953703703703
1 0.7979600694444444 0.7087673611111112 0.019314236111111112 0.018518518518518517
1 0.4762369791666667 0.4793113425925926 0.026041666666666668 0.018229166666666668
1 0.6722005208333334 0.5567129629629629 0.017361111111111112 0.014467592592592593
5 0.8785807291666666 0.9503761574074074 0.10286458333333333 0.09924768518518519
5 0.5413411458333334 0.1529224537037037 0.03233506944444445 0.07060185185185185
5 0.4036458333333333 0.04600694444444445 0.01953125 0.05758101851851852
5 0.3614366319444444 0.0881076388888889 0.021701388888888888 0.06394675925925926
5 0.6866319444444444 0.046875 0.020182291666666668 0.055844907407407406
1 0.9224674479166666 0.7612239583333333 0.020496961805555557 0.02129050925925926
5 0.46484375 0.10199652777777778 0.024522569444444444 0.07465277777777778
5 0.5915798611111112 0.14612268518518517 0.0234375 0.07667824074074074
4 0.8546006944444444 0.11631944444444445 0.01953125 0.0697337962962963
5 0.5010850694444444 0.14482060185185186 0.029296875 0.0787037037037037
5 0.6306423611111112 0.044270833333333336 0.01953125 0.05497685185185185
5 0.5115017361111112 0.09997106481481481 0.026041666666666668 0.06712962962962964
5 0.5718315972222222 0.1558159722222222 0.025824652777777776 0.08188657407407407
5 0.6215277777777778 0.012152777777777778 0.016059027777777776 0.024305555555555556
5 0.5529513888888888 0.10865162037037036 0.027126736111111112 0.06626157407407407
5 0.4660373263888889 0.02922453703703704 0.016710069444444444 0.05092592592592592
5 0.4906684027777778 0.06901041666666667 0.019748263888888888 0.0546875
5 0.5702039930555556 0.06163194444444445 0.019748263888888888 0.057291666666666664
3 0.7205967881944445 0.08626157407407407 0.05373480902777778 0.0555150462962963
5 0.5032552083333334 0.043402777777777776 0.021484375 0.055266203703703706
5 0.6154513888888888 0.06105324074074074 0.022135416666666668 0.04658564814814815
1 0.042426215277777776 0.30613425925925924 0.012369791666666666 0.011574074074074073
5 0.4310980902777778 0.08622685185185185 0.022135416666666668 0.07378472222222222
5 0.3012152777777778 0.07349537037037036 0.022786458333333332 0.06655092592592593
5 0.4514973958333333 0.05324074074074074 0.020833333333333332 0.052083333333333336
5 0.4439019097222222 0.09577546296296297 0.022569444444444444 0.07002314814814815
5 0.5355902777777778 0.01273148148148148 0.016276041666666668 0.02546296296296296
1 0.7294921875 0.4658159722222222 0.014322916666666666 0.014467592592592593
1 0.3643880208333333 0.1715162037037037 0.012298177083333334 0.011901041666666667
1 0.7233116319444445 0.15016203703703704 0.011219618055555556 0.01080439814814815
1 0.54279296875 0.18131944444444445 0.008090277777777778 0.006950231481481482
1 0.574296875 0.17401041666666667 0.0076388888888888895 0.007430555555555556
3 0.732265625 0.06288773148148148 0.0645334201388889 0.07653935185185184
1 0.7226519097222223 0.08805555555555555 0.010056423611111111 0.007416087962962963