3 0.7931857638888888 0.3287037037037037 0.17252604166666666 0.24594907407407407
5 0.2277560763888889 0.6341145833333334 0.07877604166666667 0.27025462962962965
5 0.18153211805555555 0.8690682870370371 0.1091579861111111 0.26157407407407407
5 0.3611111111111111 0.22468171296296297 0.04513888888888889 0.1527777777777778
5 0.1449652777777778 0.1433738425925926 0.045355902777777776 0.12471064814814815
3 0.029188368055555556 0.2495659722222222 0.058159722222222224 0.1753472222222222
5 0.5564236111111112 0.3101851851851852 0.052734375 0.171875
3 0.03537326388888889 0.14742476851851852 0.07074652777777778 0.14756944444444445
5 0.4059244791666667 0.3375289351851852 0.053385416666666664 0.17824074074074073
5 0.7369791666666666 0.018952546296296297 0.04014756944444445 0.03761574074074074
1 0.7939453125 0.3884548611111111 0.027994791666666668 0.019097222222222224
5 0.1328125 0.02459490740740741 0.024739583333333332 0.04918981481481482
5 0.9862196180555556 0.21571180555555555 0.027560763888888888 0.1267361111111111
1 0.003472222222222222 0.3062789351851852 0.006944444444444444 0.015335648148148149
1 0.15852864583333334 0.16333912037037038 0.012152777777777778 0.011863425925925927
4 0.19824869791666666 0.07264467592592593 0.026555989583333335 0.10622106481481482
4 0.17604383680555558 0.07111979166666667 0.02518229166666667 0.10927372685185184