3 0.5276537698412699 0.5087632275132276 0.10416666666666667 0.1306216931216931
3 0.13467261904761904 0.4115410052910053 0.1195436507936508 0.11541005291005291
5 0.7738095238095238 0.8553240740740741 0.07366071428571429 0.24966931216931218
5 0.2942708333333333 0.8363095238095238 0.0726686507936508 0.21626984126984128
5 0.20969742063492064 0.7685185185185185 0.062003968253968256 0.19576719576719576
5 0.5251736111111112 0.6813822751322751 0.052083333333333336 0.17691798941798942
2 0.40240575396825395 0.2996031746031746 0.09151785714285714 0.13690476190476192
5 0.2123015873015873 0.4965277777777778 0.03720238095238095 0.12003968253968254
5 0.310515873015873 0.4689153439153439 0.03571428571428571 0.11243386243386243
5 0.35627480158730157 0.6028439153439153 0.047619047619047616 0.16435185185185186
5 0.7034970238095238 0.4852843915343915 0.03422619047619048 0.11441798941798942
3 0.6310763888888888 0.27116402116402116 0.047371031746031744 0.06349206349206349
5 0.47371031746031744 0.421957671957672 0.03050595238095238 0.10152116402116403
6 0.5623759920634921 0.23098544973544974 0.046378968253968256 0.08068783068783068
5 0.349578373015873 0.4923941798941799 0.03149801587301587 0.11474867724867725
5 0.9869791666666666 0.3731812169312169 0.025793650793650792 0.07771164021164022
5 0.4202628968253968 0.4538690476190476 0.03249007936507937 0.10912698412698413
5 0.6010664682539683 0.4166666666666667 0.027529761904761904 0.09292328042328042
3 0.45783730158730157 0.20287698412698413 0.03249007936507937 0.03571428571428571
5 0.5927579365079365 0.2996031746031746 0.020833333333333332 0.06349206349206349
5 0.49888392857142855 0.2900132275132275 0.017857142857142856 0.055224867724867725
5 0.46763392857142855 0.2822420634920635 0.017361111111111112 0.05588624338624339
5 0.7912946428571429 0.2876984126984127 0.018353174603174604 0.055224867724867725
3 0.34387400793650796 0.19229497354497355 0.03298611111111111 0.03439153439153439
5 0.5427827380952381 0.3316798941798942 0.020833333333333332 0.06746031746031746
5 0.31063988095238093 0.27744708994708994 0.024305555555555556 0.05324074074074074
5 0.40141369047619047 0.4184854497354497 0.027777777777777776 0.08961640211640212
5 0.4971999007936508 0.2264318783068783 0.013995535714285714 0.041183862433862434
5 0.5119047619047619 0.24173280423280424 0.013392857142857142 0.04563492063492063
5 0.5276537698412699 0.30869708994708994 0.019593253968253968 0.06018518518518518
0 0.5231001984126984 0.548425925925926 0.02759920634920635 0.00855489417989418
5 0.4045138888888889 0.37367724867724866 0.027281746031746032 0.05489417989417989
5 0.5369419642857143 0.23869047619047618 0.013172123015873016 0.041468253968253974
5 0.6128472222222222 0.17923280423280424 0.010416666666666666 0.032407407407407406
5 0.4331597222222222 0.20105820105820105 0.016121031746031748 0.03571428571428571
5 0.3532986111111111 0.30687830687830686 0.01488095238095238 0.059854497354497355
5 0.548859126984127 0.2824074074074074 0.019097222222222224 0.0582010582010582
5 0.6592261904761905 0.1917989417989418 0.011408730158730158 0.03042328042328042
0 0.10765625 0.4458829365079365 0.019771825396825395 0.006845238095238095
5 0.597594246031746 0.17526455026455026 0.009672619047619048 0.032407407407407406
5 0.5126512896825397 0.20439814814814816 0.009556051587301587 0.033376322751322754
5 0.5229637896825398 0.19367724867724867 0.010714285714285714 0.031236772486772486
5 0.650062003968254 0.21062499999999998 0.011143353174603174 0.0376521164021164