6 0.5813492063492064 0.36921296296296297 0.12351190476190477 0.24371693121693122
3 0.0804811507936508 0.779265873015873 0.1609623015873016 0.33101851851851855
2 0.45808531746031744 0.15029761904761904 0.08531746031746032 0.13690476190476192
5 0.34759424603174605 0.531415343915344 0.050347222222222224 0.167989417989418
3 0.9342757936507936 0.13210978835978837 0.05357142857142857 0.056878306878306875
5 0.04451884920634921 0.552744708994709 0.08283730158730158 0.13955026455026456
3 0.5469990079365079 0.0958994708994709 0.03968253968253968 0.04298941798941799
3 0.5969742063492064 0.21709656084656084 0.07043650793650794 0.06349206349206349
3 0.6143353174603174 0.05572089947089947 0.033234126984126984 0.041666666666666664
5 0.2925347222222222 0.3331679894179894 0.031746031746031744 0.10482804232804233
5 0.35825892857142855 0.2857142857142857 0.029017857142857144 0.09126984126984126
3 0.5845734126984127 0.1378968253968254 0.04365079365079365 0.05291005291005291
5 0.40773809523809523 0.353505291005291 0.03571428571428571 0.10846560846560846
5 0.7276785714285714 0.21478174603174602 0.02703373015873016 0.07605820105820106
3 0.6357886904761905 0.01240079365079365 0.023809523809523808 0.02447089947089947
5 0.42571924603174605 0.32275132275132273 0.03546626984126984 0.10482804232804233
5 0.9921875 0.17609126984126985 0.015376984126984126 0.06349206349206349
5 0.9918154761904762 0.11425264550264551 0.016121031746031748 0.04894179894179894
5 0.699280753968254 0.13822751322751323 0.016865079365079364 0.0582010582010582
3 0.4965277777777778 0.041005291005291 0.031001984126984128 0.028108465608465607
3 0.8943452380952381 0.09755291005291006 0.019593253968253968 0.04034391534391534
5 0.6495535714285714 0.1292989417989418 0.018105158730158732 0.056216931216931214
4 0.3038194444444444 0.1865079365079365 0.018353174603174604 0.0667989417989418
0 0.5798611111111112 0.46064814814814814 0.028025793650793652 0.011243386243386243
5 0.36061507936507936 0.1724537037037037 0.020337301587301588 0.06283068783068783
5 0.9573412698412699 0.07490079365079365 0.013640873015873016 0.040013227513227514
3 0.6765873015873016 0.011574074074074073 0.027777777777777776 0.023148148148148147
5 0.587921626984127 0.1615410052910053 0.023809523809523808 0.05357142857142857
5 0.33717757936507936 0.18766534391534392 0.026041666666666668 0.052248677248677246
0 0.007688492063492063 0.9055886243386243 0.015376984126984126 0.0205026455026455
3 0.5705605158730159 0.014384920634920634 0.024553571428571428 0.028108465608465607
5 0.7298859126984127 0.17267195767195767 0.019955357142857143 0.04585648148148148
4 0.2372470238095238 0.17540343915343914 0.01623263888888889 0.06391865079365079
4 0.25479910714285714 0.17615740740740743 0.019627976190476192 0.062410714285714285