3 0.6985367063492064 0.8434193121693122 0.18303571428571427 0.30257936507936506
3 0.4445684523809524 0.7579365079365079 0.1416170634920635 0.18816137566137567
3 0.4595734126984127 0.6226851851851852 0.12202380952380952 0.15376984126984128
3 0.3958333333333333 0.5335648148148148 0.09970238095238096 0.12169312169312169
3 0.2261904761904762 0.4975198412698413 0.09449404761904762 0.08333333333333333
5 0.5270337301587301 0.9203042328042328 0.06994047619047619 0.1593915343915344
3 0.6181795634920635 0.46130952380952384 0.06969246031746032 0.08167989417989419
5 0.5600198412698413 0.7833994708994709 0.05580357142857143 0.17691798941798942
3 0.4616815476190476 0.3776455026455027 0.05530753968253968 0.06316137566137567
5 0.7943948412698413 0.7817460317460317 0.05530753968253968 0.17394179894179895
3 0.41443452380952384 0.41435185185185186 0.05009920634920635 0.062169312169312166
3 0.6013144841269841 0.39269179894179895 0.059027777777777776 0.0744047619047619
5 0.7509920634920635 0.634755291005291 0.044890873015873016 0.13095238095238096
5 0.21354166666666666 0.5932539682539683 0.03943452380952381 0.11144179894179894
5 0.8738839285714286 0.7843915343915344 0.05555555555555555 0.17261904761904762
5 0.6186755952380952 0.5403439153439153 0.03546626984126984 0.103505291005291
5 0.6989087301587301 0.6078042328042328 0.03993055555555555 0.12466931216931217
3 0.4738343253968254 0.33796296296296297 0.03993055555555555 0.04133597883597884
3 0.2962549603174603 0.3761574074074074 0.04811507936507937 0.051587301587301584
2 0.3585069444444444 0.4619708994708995 0.08630952380952381 0.1388888888888889
3 0.5173611111111112 0.3549933862433862 0.04563492063492063 0.055224867724867725
6 0.8594990079365079 0.32490079365079366 0.0496031746031746 0.07473544973544974
5 0.6819196428571429 0.45949074074074076 0.028273809523809524 0.08035714285714286
5 0.839781746031746 0.7119708994708994 0.050595238095238096 0.14715608465608465
3 0.32353670634920634 0.34755291005291006 0.03993055555555555 0.04728835978835979
1 0.7074652777777778 0.9427910052910053 0.028273809523809524 0.02546296296296296
5 0.40637400793650796 0.36574074074074076 0.019097222222222224 0.040674603174603176
3 0.576140873015873 0.33201058201058203 0.03943452380952381 0.05423280423280423
3 0.5190972222222222 0.29794973544973546 0.031994047619047616 0.03406084656084656
5 0.7038690476190477 0.5433201058201058 0.035962301587301584 0.0796957671957672
3 0.5345982142857143 0.2762599206349206 0.028273809523809524 0.03373015873015873
5 0.34585813492063494 0.373015873015873 0.017609126984126984 0.04497354497354497
3 0.7865823412698413 0.2865410052910053 0.027777777777777776 0.03439153439153439
3 0.07750496031746032 0.46841931216931215 0.15476190476190477 0.09623015873015874
0 0.4321676587301587 0.8182870370370371 0.03521825396825397 0.013227513227513227
6 0.44778025793650794 0.3069246031746032 0.03251488095238095 0.05744708994708995
5 0.2881944444444444 0.4115410052910053 0.019345238095238096 0.061507936507936505
3 0.5608878968253969 0.31646825396825395 0.03373015873015873 0.04794973544973545
5 0.37611607142857145 0.37665343915343913 0.018353174603174604 0.03505291005291005
5 0.3774801587301587 0.3373015873015873 0.015128968253968254 0.04265873015873016
6 0.5656969246031746 0.2501851851851852 0.0406969246031746 0.04916005291005291
3 0.4115997023809524 0.27639219576719576 0.030577876984126985 0.028052248677248676
6 0.46510416666666665 0.27821428571428575 0.03331349206349206 0.038974867724867725
3 0.5042757936507937 0.2603769841269841 0.02376488095238095 0.024411375661375658
3 0.48816964285714287 0.27402777777777776 0.02103174603174603 0.02623346560846561
3 0.5801636904761904 0.29368055555555556 0.030870535714285715 0.029150132275132277
5 0.625062003968254 0.36690806878306875 0.015205853174603176 0.04868386243386243
5 0.597765376984127 0.34311507936507935 0.017065972222222222 0.028796296296296296