3 0.1650390625 0.7349537037037037 0.14561631944444445 0.18547453703703703
6 0.4721137152777778 0.5120081018518519 0.4453125 0.41001157407407407
5 0.7838541666666666 0.6174768518518519 0.05967881944444445 0.13657407407407407
5 0.93359375 0.6089409722222222 0.076171875 0.14699074074074073
3 0.1452907986111111 0.6174768518518519 0.1115451388888889 0.1232638888888889
3 0.20421006944444445 0.32233796296296297 0.0724826388888889 0.059027777777777776
3 0.1125217013888889 0.31452546296296297 0.057074652777777776 0.06828703703703703
3 0.17122395833333334 0.38816550925925924 0.09830729166666667 0.07494212962962964
5 0.8109809027777778 0.5257523148148148 0.04709201388888889 0.11342592592592593
5 0.2329644097222222 0.44892939814814814 0.037543402777777776 0.09346064814814815
5 0.14952256944444445 0.42201967592592593 0.034505208333333336 0.08825231481481481
1 0.18587239583333334 0.7549189814814815 0.025390625 0.020543981481481483
1 0.8261848958333333 0.5430381944444445 0.011119791666666667 0.009754050925925926
1 0.9622265624999999 0.638052662037037 0.013648003472222222 0.013663194444444445
1 0.19504340277777776 0.4054311342592593 0.013133680555555556 0.009453125
1 0.22097222222222224 0.32482060185185185 0.009906684027777777 0.007361111111111112
1 0.6136957465277777 0.6616145833333333 0.020199652777777778 0.01676215277777778
5 0.3330078125 0.32798032407407407 0.020616319444444444 0.06278935185185185
1 0.8026258680555556 0.6487268518518519 0.013697916666666666 0.013822337962962963
1 0.11963324652777778 0.3162297453703704 0.009893663194444445 0.007824074074074074