3 0.5700644841269841 0.5153769841269841 0.15823412698412698 0.2275132275132275
3 0.11458333333333333 0.8549933862433863 0.22916666666666666 0.28703703703703703
5 0.29873511904761907 0.2523148148148148 0.03670634920634921 0.1164021164021164
3 0.8798363095238095 0.061507936507936505 0.05009920634920635 0.06117724867724868
5 0.7718253968253969 0.40062830687830686 0.04712301587301587 0.16104497354497355
5 0.15252976190476192 0.27843915343915343 0.04365079365079365 0.12533068783068782
5 0.37524801587301587 0.38409391534391535 0.04811507936507937 0.16203703703703703
5 0.4167906746031746 0.22288359788359788 0.034722222222222224 0.10912698412698413
5 0.46875 0.12417328042328042 0.0248015873015873 0.08134920634920635
5 0.3638392857142857 0.12913359788359788 0.026041666666666668 0.08068783068783068
5 0.2552083333333333 0.1390542328042328 0.026537698412698412 0.08134920634920635
5 0.5217013888888888 0.05720899470899471 0.01984126984126984 0.06613756613756613
5 0.5131448412698413 0.12103174603174603 0.026537698412698412 0.08134920634920635
5 0.22073412698412698 0.11028439153439154 0.04092261904761905 0.06448412698412699
5 0.3900049603174603 0.08449074074074074 0.022569444444444444 0.0701058201058201
5 0.3821924603174603 0.029596560846560847 0.019593253968253968 0.054563492063492064
5 0.47346230158730157 0.04943783068783069 0.019097222222222224 0.06117724867724868
5 0.5066964285714286 0.014219576719576719 0.016865079365079364 0.028439153439153438
0 0.5622519841269841 0.5949074074074074 0.04117063492063492 0.01521164021164021
4 0.2561855158730159 0.08240410052910054 0.019464285714285715 0.05426256613756614
4 0.27830357142857143 0.058812830687830685 0.017187499999999998 0.06302579365079365