3 0.5456349206349206 0.36061507936507936 0.12797619047619047 0.16666666666666666
3 0.42757936507936506 0.2468584656084656 0.09871031746031746 0.13293650793650794
5 0.8823164682539683 0.8323412698412699 0.08035714285714286 0.28869047619047616
5 0.6434771825396826 0.7881944444444444 0.08606150793650794 0.3029100529100529
3 0.6923363095238095 0.16286375661375663 0.09126984126984126 0.12334656084656084
2 0.1810515873015873 0.6375661375661376 0.3621031746031746 0.7248677248677249
3 0.5876736111111112 0.06696428571428571 0.054811507936507936 0.06712962962962964
3 0.8603670634920635 0.05092592592592592 0.05431547619047619 0.06944444444444445
5 0.7295386904761905 0.2814153439153439 0.036210317460317464 0.12665343915343916
5 0.6519097222222222 0.28869047619047616 0.036458333333333336 0.12863756613756613
3 0.4541170634920635 0.04398148148148148 0.0625 0.07837301587301587
5 0.4947916666666667 0.2005621693121693 0.03249007936507937 0.10482804232804233
5 0.5339781746031746 0.226521164021164 0.03249007936507937 0.10251322751322751
5 0.34362599206349204 0.10747354497354497 0.024305555555555556 0.0763888888888889
5 0.49193948412698413 0.12946428571428573 0.027529761904761904 0.0701058201058201
5 0.5629960317460317 0.18287037037037038 0.030753968253968252 0.09656084656084656
5 0.17943948412698413 0.242228835978836 0.05009920634920635 0.08101851851851852
5 0.673859126984127 0.06365740740740741 0.026785714285714284 0.06712962962962964
5 0.37884424603174605 0.11127645502645503 0.026041666666666668 0.08134920634920635
3 0.361359126984127 0.024966931216931217 0.05233134920634921 0.049933862433862435
5 0.24305555555555555 0.19791666666666666 0.03869047619047619 0.0916005291005291
5 0.5359623015873016 0.12433862433862433 0.024305555555555556 0.07903439153439154
5 0.6382688492063492 0.22933201058201058 0.037450396825396824 0.09953703703703703
5 0.3022073412698413 0.23792989417989419 0.03794642857142857 0.08597883597883597
5 0.33407738095238093 0.18468915343915343 0.029513888888888888 0.10284391534391535
1 0.5384424603174603 0.4107142857142857 0.021825396825396824 0.015542328042328041
5 0.34846230158730157 0.2222222222222222 0.03521825396825397 0.11574074074074074
5 0.6098710317460317 0.17939814814814814 0.026041666666666668 0.09259259259259259
5 0.6153273809523809 0.12466931216931217 0.029017857142857144 0.0744047619047619
5 0.41889880952380953 0.13690476190476192 0.03968253968253968 0.082010582010582
5 0.5574156746031746 0.0355489417989418 0.018601190476190476 0.056878306878306875
5 0.5285218253968254 0.049933862433862435 0.019593253968253968 0.05952380952380952
5 0.26277281746031744 0.15343915343915343 0.02976190476190476 0.07837301587301587
5 0.2261904761904762 0.24851190476190477 0.0441468253968254 0.06712962962962964
4 0.051587301587301584 0.14682539682539683 0.023561507936507936 0.08333333333333333
4 0.013392857142857142 0.19047619047619047 0.026785714285714284 0.10085978835978836
1 0.6946924603174603 0.2046957671957672 0.013640873015873016 0.012235449735449735
1 0.419890873015873 0.28621031746031744 0.017609126984126984 0.012566137566137565
4 0.11396329365079365 0.14914021164021163 0.021081349206349208 0.06547619047619048
5 0.25037202380952384 0.1228505291005291 0.023065476190476192 0.06283068783068783
5 0.26165674603174605 0.10532407407407407 0.039186507936507936 0.07605820105820106
5 0.3097718253968254 0.04728835978835979 0.017609126984126984 0.06514550264550265
4 0.22840773809523812 0.02958664021164021 0.01744295634920635 0.056815476190476194