6 0.37710813492063494 0.644510582010582 0.17385912698412698 0.3587962962962963
6 0.5848214285714286 0.38244047619047616 0.1195436507936508 0.23015873015873015
2 0.11383928571428571 0.6175595238095238 0.22767857142857142 0.47156084656084657
5 0.7289186507936508 0.7529761904761905 0.060515873015873016 0.19477513227513227
3 0.4827628968253968 0.341765873015873 0.06448412698412699 0.07341269841269842
3 0.9579613095238095 0.34672619047619047 0.08407738095238096 0.08068783068783068
5 0.6180555555555556 0.6466600529100529 0.05133928571428571 0.17493386243386244
6 0.3444940476190476 0.22486772486772486 0.044890873015873016 0.07936507936507936
3 0.9324156746031746 0.2962962962962963 0.06498015873015874 0.0539021164021164
3 0.4351438492063492 0.23809523809523808 0.035962301587301584 0.04265873015873016
5 0.8979414682539683 0.3845899470899471 0.03249007936507937 0.08432539682539683
5 0.3557787698412698 0.42509920634920634 0.03149801587301587 0.08664021164021164
3 0.5147569444444444 0.2273478835978836 0.03149801587301587 0.04431216931216931
5 0.31981646825396826 0.3245701058201058 0.027281746031746032 0.06613756613756613
2 0.5231894841269841 0.15575396825396826 0.03521825396825397 0.05191798941798942
5 0.3881448412698413 0.27827380952380953 0.01711309523809524 0.05026455026455026
5 0.5509672619047619 0.24636243386243387 0.01711309523809524 0.045965608465608467
2 0.4165426587301587 0.15806878306878308 0.040674603174603176 0.05952380952380952
1 0.3706597222222222 0.8053902116402116 0.026785714285714284 0.018187830687830687
5 0.8897569444444444 0.2490079365079365 0.016121031746031748 0.04728835978835979
5 0.44742063492063494 0.19593253968253968 0.01314484126984127 0.03141534391534392
1 0.5856894841269841 0.4738756613756614 0.016121031746031748 0.010912698412698412
5 0.01277281746031746 0.4009589947089947 0.02554563492063492 0.07804232804232804
5 0.7099454365079365 0.26173941798941797 0.019097222222222224 0.05125661375661376
5 0.5639880952380952 0.1982473544973545 0.011408730158730158 0.03505291005291005
5 0.9453125 0.25462962962962965 0.0220734126984127 0.03902116402116402
2 0.48662450396825396 0.25479497354497355 0.0551984126984127 0.0868452380952381
2 0.4460218253968254 0.14940145502645502 0.03875992063492063 0.04767857142857143