3 0.6478174603174603 0.8366402116402116 0.19419642857142858 0.2605820105820106
5 0.1875 0.8505291005291006 0.07787698412698413 0.23743386243386244
3 0.5525793650793651 0.3255621693121693 0.08134920634920635 0.10052910052910052
5 0.259796626984127 0.7528108465608465 0.06969246031746032 0.21329365079365079
5 0.15364583333333334 0.5752314814814815 0.04712301587301587 0.15079365079365079
5 0.26550099206349204 0.5464616402116402 0.045882936507936505 0.14682539682539683
5 0.4273313492063492 0.49933862433862436 0.039186507936507936 0.12698412698412698
5 0.6719990079365079 0.4408068783068783 0.039186507936507936 0.12466931216931217
5 0.023065476190476192 0.8374669312169312 0.046130952380952384 0.2328042328042328
3 0.6468253968253969 0.21081349206349206 0.04935515873015873 0.05125661375661376
5 0.5302579365079365 0.46875 0.039186507936507936 0.11871693121693122
3 0.7361111111111112 0.17807539682539683 0.049107142857142856 0.050595238095238096
5 0.3862847222222222 0.42063492063492064 0.03447420634920635 0.11474867724867725
5 0.2003968253968254 0.45171957671957674 0.042162698412698416 0.11210317460317461
5 0.10875496031746032 0.4041005291005291 0.044642857142857144 0.09953703703703703
3 0.1684027777777778 0.2220568783068783 0.06001984126984127 0.0625
5 0.34672619047619047 0.36507936507936506 0.02628968253968254 0.09126984126984126
5 0.24107142857142858 0.396494708994709 0.03521825396825397 0.10317460317460317
5 0.47544642857142855 0.365244708994709 0.027777777777777776 0.09126984126984126
5 0.7517361111111112 0.3586309523809524 0.025049603174603176 0.09755291005291006
5 0.7192460317460317 0.28935185185185186 0.02554563492063492 0.07341269841269842
5 0.4751984126984127 0.9515542328042328 0.0818452380952381 0.09689153439153439
5 0.4104662698412698 0.3664021164021164 0.031001984126984128 0.09755291005291006
5 0.5788690476190477 0.24057539682539683 0.02132936507936508 0.06084656084656084
5 0.45969742063492064 0.2468584656084656 0.02132936507936508 0.06481481481481481
1 0.6470734126984127 0.9171626984126984 0.03521825396825397 0.025793650793650792
5 0.4888392857142857 0.267526455026455 0.022321428571428572 0.06845238095238096
5 0.511780753968254 0.28488756613756616 0.023313492063492064 0.07043650793650794
5 0.3932291666666667 0.29282407407407407 0.029265873015873016 0.07308201058201058
5 0.6388888888888888 0.1671626984126984 0.014136904761904762 0.04034391534391534
5 0.3763640873015873 0.2691798941798942 0.02132936507936508 0.06613756613756613
5 0.6763392857142857 0.15327380952380953 0.014632936507936508 0.04265873015873016
5 0.9925595238095238 0.19444444444444445 0.01488095238095238 0.05191798941798942
5 0.7348710317460317 0.25033068783068785 0.023809523809523808 0.06547619047619048
5 0.5471230158730159 0.20684523809523808 0.017361111111111112 0.05092592592592592
5 0.6163194444444444 0.18270502645502645 0.015625 0.046296296296296294
5 0.5225694444444444 0.25281084656084657 0.021577380952380952 0.059854497354497355
4 0.1675347222222222 0.26967592592592593 0.016617063492063492 0.06117724867724868
5 0.6020585317460317 0.19328703703703703 0.017609126984126984 0.05191798941798942
5 0.490203373015873 0.1736111111111111 0.016121031746031748 0.04794973544973545
5 0.9800347222222222 0.18981481481481483 0.014384920634920634 0.04927248677248677
5 0.6615823412698413 0.1712962962962963 0.015625 0.045965608465608467
3 0.1878621031746032 0.3632242063492064 0.0801438492063492 0.11666335978835979