3 0.28149801587301587 0.8665674603174603 0.25124007936507936 0.26686507936507936
2 0.10825892857142858 0.4603174603174603 0.19146825396825398 0.2404100529100529
3 0.427703373015873 0.4621362433862434 0.10664682539682539 0.13425925925925927
5 0.0992063492063492 0.6805555555555556 0.07217261904761904 0.19874338624338625
3 0.078125 0.34937169312169314 0.12227182539682539 0.11772486772486772
5 0.5534474206349206 0.4255952380952381 0.034970238095238096 0.11441798941798942
5 0.6434771825396826 0.38855820105820105 0.032242063492063495 0.10482804232804233
3 0.9604414682539683 0.1775793650793651 0.04439484126984127 0.03968253968253968
5 0.3089037698412698 0.3697089947089947 0.030257936507936508 0.09424603174603174
5 0.4427083333333333 0.28125 0.023313492063492064 0.07175925925925926
2 0.4350198412698413 0.11044973544973545 0.03993055555555555 0.06084656084656084
5 0.9806547619047619 0.24074074074074073 0.021825396825396824 0.05787037037037037
5 0.38492063492063494 0.26967592592592593 0.022321428571428572 0.06845238095238096
5 0.9546130952380952 0.26537698412698413 0.025297619047619048 0.0625
5 0.9723462301587301 0.3125 0.025793650793650792 0.07804232804232804
3 0.7421875 0.9537037037037037 0.24231150793650794 0.09259259259259259
5 0.4740823412698413 0.1767526455026455 0.014136904761904762 0.04298941798941799
5 0.4956597222222222 0.18055555555555555 0.014384920634920634 0.04728835978835979
5 0.22110615079365079 0.3384589947089947 0.031001984126984128 0.08564814814814815
5 0.5953621031746031 0.15889550264550265 0.013392857142857142 0.03968253968253968
5 0.9300595238095238 0.21031746031746032 0.017361111111111112 0.05026455026455026
5 0.3318452380952381 0.2542989417989418 0.018601190476190476 0.060515873015873016
3 0.29117063492063494 0.12979497354497355 0.032242063492063495 0.03373015873015873
5 0.5550595238095238 0.17179232804232805 0.015376984126984126 0.044642857142857144
1 0.06460813492063493 0.550760582010582 0.020089285714285716 0.013558201058201057
5 0.43898809523809523 0.16832010582010581 0.014136904761904762 0.04332010582010582
5 0.7406994047619048 0.1962632275132275 0.018105158730158732 0.06448412698412699
5 0.4538690476190476 0.13227513227513227 0.01240079365079365 0.036044973544973546
5 0.33097718253968256 0.21263227513227514 0.02058531746031746 0.04927248677248677
5 0.4730902777777778 0.1261574074074074 0.011904761904761904 0.034722222222222224
5 0.11879960317460317 0.2876984126984127 0.04290674603174603 0.06448412698412699
5 0.38169642857142855 0.136739417989418 0.01314484126984127 0.03207671957671958
5 0.7549603174603174 0.14781746031746032 0.012896825396825396 0.04265873015873016
5 0.4836309523809524 0.11607142857142858 0.009424603174603174 0.031746031746031744
0 0.41999007936507937 0.5034060846560846 0.026587301587301587 0.009788359788359789