3 0.5483630952380952 0.7652116402116402 0.1572420634920635 0.2751322751322751
2 0.21899801587301587 0.5972222222222222 0.3556547619047619 0.4834656084656085
3 0.6747271825396826 0.5540674603174603 0.12003968253968254 0.19047619047619047
2 0.6997767857142857 0.396494708994709 0.10887896825396826 0.1746031746031746
2 0.9443204365079365 0.310515873015873 0.1111111111111111 0.14682539682539683
2 0.47668650793650796 0.4914021164021164 0.1284722222222222 0.24206349206349206
6 0.5699404761904762 0.3609457671957672 0.09424603174603174 0.1927910052910053
3 0.42497519841269843 0.320271164021164 0.05109126984126984 0.05588624338624339
2 0.49875992063492064 0.20965608465608465 0.032242063492063495 0.056216931216931214
3 0.5256696428571429 0.24421296296296297 0.028273809523809524 0.03406084656084656
3 0.7589285714285714 0.23958333333333334 0.03521825396825397 0.04133597883597884
2 0.5365823412698413 0.175760582010582 0.049107142857142856 0.04365079365079365
3 0.5729166666666666 0.2518187830687831 0.02703373015873016 0.02976190476190476
3 0.47767857142857145 0.2959656084656085 0.03794642857142857 0.056878306878306875
5 0.045882936507936505 0.5634920634920635 0.04811507936507937 0.11574074074074074
2 0.4990079365079365 0.3263888888888889 0.06274801587301587 0.09854497354497355
5 0.36842757936507936 0.3201058201058201 0.017609126984126984 0.04927248677248677
5 0.6365327380952381 0.2843915343915344 0.01711309523809524 0.05191798941798942
0 0.5435218253968254 0.872526455026455 0.04068700396825397 0.011326058201058201
3 0.5659722222222222 0.2347883597883598 0.028273809523809524 0.03736772486772487
5 0.6143353174603174 0.259755291005291 0.014384920634920634 0.04133597883597884
2 0.6320684523809523 0.15145502645502645 0.026041666666666668 0.03935185185185185
5 0.45349702380952384 0.23875661375661375 0.011656746031746032 0.035383597883597885
5 0.6581894841269842 0.27018849206349205 0.014298115079365079 0.041630291005291004
4 0.15203373015873015 0.3854166666666667 0.01984126984126984 0.05952380952380952
5 0.1396329365079365 0.4320436507936508 0.0716765873015873 0.07043650793650794
3 0.6045337301587301 0.17042989417989418 0.017609126984126984 0.01630291005291005
5 0.5037202380952381 0.2614087301587302 0.014136904761904762 0.032407407407407406
1 0.46750992063492064 0.5891203703703703 0.017361111111111112 0.011904761904761904
5 0.04625496031746032 0.4050925925925926 0.05282738095238095 0.06812169312169312
5 0.6416170634920635 0.2468584656084656 0.011160714285714286 0.03802910052910053
5 0.3942212301587302 0.28075396825396826 0.030009920634920636 0.04563492063492063
1 0.14034474206349207 0.8230753968253969 0.026274801587301586 0.015856481481481482
5 0.988219246031746 0.4029431216931217 0.023561507936507936 0.08597883597883597
0 0.6845238095238095 0.6097883597883598 0.020833333333333332 0.013558201058201057
0 0.708673115079365 0.47140873015873014 0.02006200396825397 0.007132936507936508
1 0.5703521825396825 0.4365079365079365 0.01255952380952381 0.008617724867724868
2 0.5815327380952381 0.18952050264550266 0.022787698412698412 0.03429563492063492
5 0.752921626984127 0.19581349206349205 0.00736359126984127 0.023230820105820105
5 0.7902678571428572 0.2383399470899471 0.011577380952380952 0.036183862433862436
5 0.7806820436507936 0.21750992063492064 0.009833829365079365 0.02970899470899471
5 0.7933705357142857 0.20363095238095238 0.007616567460317461 0.02426256613756614
5 0.7446626984126984 0.21102513227513228 0.006686507936507937 0.02640542328042328
5 0.6619915674603175 0.24278439153439152 0.01486359126984127 0.03680555555555556
5 0.4246775793650793 0.2758829365079365 0.02130952380952381 0.037172619047619045
5 0.4286582341269841 0.24096560846560844 0.024893353174603176 0.023101851851851853
3 0.6219791666666667 0.23635251322751324 0.028717757936507937 0.03568452380952381
3 0.6057862103174604 0.21117724867724869 0.023953373015873015 0.029656084656084658
3 0.6191691468253968 0.1988723544973545 0.01894345238095238 0.02101851851851852
3 0.6222842261904762 0.18803902116402116 0.018330853174603173 0.02150793650793651
5 0.7764409722222223 0.2100165343915344 0.0071875 0.02585648148148148
5 0.7553521825396825 0.1826223544973545 0.006780753968253968 0.020251322751322753
5 0.7772544642857142 0.19356150793650795 0.0071875 0.01753968253968254
5 0.7924429563492064 0.18216931216931218 0.006644345238095238 0.019348544973544973
5 0.7731175595238096 0.1803637566137566 0.00705109126984127 0.018984788359788358
5 0.7665798611111111 0.1655654761904762 0.004836309523809524 0.016517857142857143