3 0.6506076388888888 0.5067997685185185 0.23307291666666666 0.328125
5 0.3748914930555556 0.33622685185185186 0.07378472222222222 0.2410300925925926
5 0.04112413194444445 0.42679398148148145 0.0822482638888889 0.25028935185185186
5 0.2016059027777778 0.3142361111111111 0.07703993055555555 0.2604166666666667
5 0.07845052083333333 0.6283275462962963 0.0974392361111111 0.3191550925925926
5 0.5611979166666666 0.12065972222222222 0.059027777777777776 0.18518518518518517
5 0.11197916666666667 0.10865162037037036 0.05360243055555555 0.16898148148148148
5 0.14659288194444445 0.23408564814814814 0.059244791666666664 0.20717592592592593
5 0.9812282986111112 0.5517939814814815 0.03732638888888889 0.28443287037037035
5 0.4634331597222222 0.9315682870370371 0.13780381944444445 0.13686342592592593
0 0.6519097222222222 0.6208043981481481 0.06076388888888889 0.02025462962962963
5 0.8096788194444444 0.9252025462962963 0.11675347222222222 0.1495949074074074