3 0.7510850694444444 0.43156828703703703 0.2013888888888889 0.2332175925925926
3 0.049370659722222224 0.3097511574074074 0.09874131944444445 0.1863425925925926
5 0.3642578125 0.7225115740740741 0.08832465277777778 0.2896412037037037
5 0.5642361111111112 0.6293402777777778 0.07660590277777778 0.24508101851851852
5 0.2085503472222222 0.50390625 0.072265625 0.22077546296296297
5 0.5048828125 0.8930844907407407 0.09722222222222222 0.21383101851851852
3 0.1967230902777778 0.03530092592592592 0.0744357638888889 0.07060185185185185
5 0.05479600694444445 0.8896122685185185 0.0998263888888889 0.22077546296296297
5 0.3776041666666667 0.44733796296296297 0.061848958333333336 0.19675925925925927
3 0.029839409722222224 0.6817129629629629 0.05946180555555555 0.28877314814814814
5 0.8312717013888888 0.3511284722222222 0.061848958333333336 0.17418981481481483
5 0.06401909722222222 0.1355613425925926 0.03537326388888889 0.11921296296296297
5 0.2748480902777778 0.2410300925925926 0.043619791666666664 0.14699074074074073
5 0.2974175347222222 0.1814236111111111 0.040581597222222224 0.12760416666666666
5 0.16493055555555555 0.11472800925925926 0.038411458333333336 0.11458333333333333
5 0.3830295138888889 0.16927083333333334 0.042534722222222224 0.1284722222222222
5 0.8617621527777778 0.04586226851851852 0.061197916666666664 0.08043981481481481
3 0.7005208333333334 0.02199074074074074 0.13563368055555555 0.04369212962962963
1 0.7829861111111112 0.5079571759259259 0.027994791666666668 0.019675925925925927
5 0.9338107638888888 0.05960648148148148 0.0740017361111111 0.0876736111111111
1 0.036566840277777776 0.36429398148148145 0.025390625 0.01707175925925926
5 0.9793836805555556 0.05613425925925926 0.04123263888888889 0.08304398148148148
0 0.20612196180555553 0.04639178240740741 0.020846354166666668 0.005873842592592593