3 0.4317491319444444 0.7931134259259259 0.2944878472222222 0.4123263888888889
3 0.4710286458333333 0.11067708333333333 0.13563368055555555 0.16261574074074073
6 0.6548394097222222 0.24074074074074073 0.1599392361111111 0.26880787037037035
5 0.2339409722222222 0.33101851851851855 0.06380208333333333 0.20457175925925927
5 0.8455946180555556 0.5672743055555556 0.0798611111111111 0.26765046296296297
5 0.9701605902777778 0.32016782407407407 0.059244791666666664 0.20688657407407407
5 0.4021267361111111 0.29890046296296297 0.060980902777777776 0.2037037037037037
5 0.7839626736111112 0.4266493055555556 0.07183159722222222 0.23408564814814814
1 0.4304470486111111 0.9528356481481481 0.05490451388888889 0.03501157407407408
1 0.6682942708333334 0.3247974537037037 0.027777777777777776 0.019675925925925927
0 0.3397352430555556 0.01880787037037037 0.02734375 0.008101851851851851
1 0.4851302083333333 0.14918113425925927 0.02214626736111111 0.01500289351851852
1 0.6518663194444445 0.014392361111111111 0.016375868055555555 0.011947337962962963