3 0.33779761904761907 0.7366071428571429 0.15997023809523808 0.22354497354497355
3 0.09858630952380952 0.5261243386243386 0.12301587301587301 0.11970899470899471
5 0.7864583333333334 0.9115410052910053 0.06671626984126984 0.17691798941798942
3 0.2717013888888889 0.421957671957672 0.11359126984126984 0.07539682539682539
6 0.4646577380952381 0.3412698412698413 0.05109126984126984 0.09523809523809523
5 0.15426587301587302 0.6732804232804233 0.04513888888888889 0.13558201058201058
2 0.40054563492063494 0.33134920634920634 0.0597718253968254 0.08763227513227513
5 0.6935763888888888 0.8088624338624338 0.05927579365079365 0.18816137566137567
5 0.6416170634920635 0.5552248677248677 0.03149801587301587 0.10615079365079365
5 0.41393849206349204 0.8654100529100529 0.056299603174603176 0.2003968253968254
5 0.42299107142857145 0.48826058201058203 0.0248015873015873 0.08300264550264551
5 0.5055803571428571 0.38740079365079366 0.017361111111111112 0.055224867724867725
3 0.53125 0.31200396825396826 0.03149801587301587 0.03439153439153439
5 0.38058035714285715 0.4489087301587302 0.022569444444444444 0.0710978835978836
5 0.7785218253968254 0.35796957671957674 0.017361111111111112 0.04861111111111111
5 0.5225694444444444 0.33912037037037035 0.013888888888888888 0.0419973544973545
3 0.5210813492063492 0.2822420634920635 0.028521825396825396 0.031084656084656083
5 0.3792162698412698 0.4130291005291005 0.022321428571428572 0.04927248677248677
5 0.5047123015873016 0.32242063492063494 0.011656746031746032 0.03736772486772487
0 0.07105654761904762 0.5610119047619048 0.02132936507936508 0.009259259259259259
0 0.31535218253968256 0.8192791005291006 0.03422619047619048 0.012896825396825396
3 0.3074156746031746 0.30158730158730157 0.03249007936507937 0.03571428571428571
6 0.5840972222222222 0.3954265873015873 0.05907242063492064 0.11316137566137566
6 0.5819494047619048 0.31061177248677246 0.03864583333333333 0.0578670634920635