3 0.31560019841269843 0.6762566137566137 0.13566468253968253 0.19973544973544974
3 0.49962797619047616 0.42328042328042326 0.08010912698412699 0.09755291005291006
5 0.22284226190476192 0.9045965608465608 0.0798611111111111 0.1908068783068783
5 0.6303323412698413 0.9083994708994709 0.06820436507936507 0.1832010582010582
3 0.27356150793650796 0.36144179894179895 0.06324404761904762 0.07539682539682539
3 0.19456845238095238 0.27380952380952384 0.05257936507936508 0.06580687830687831
5 0.7645089285714286 0.39203042328042326 0.05580357142857143 0.07407407407407407
3 0.3736359126984127 0.21742724867724866 0.037698412698412696 0.04265873015873016
5 0.20696924603174602 0.5228174603174603 0.03546626984126984 0.1130952380952381
5 0.4680059523809524 0.5970568783068783 0.044642857142857144 0.15178571428571427
5 0.1779513888888889 0.6352513227513228 0.044890873015873016 0.1359126984126984
2 0.2330109126984127 0.20849867724867724 0.05084325396825397 0.08333333333333333
5 0.05791170634920635 0.20337301587301587 0.0248015873015873 0.036044973544973546
5 0.34077380952380953 0.4497354497354497 0.02976190476190476 0.09060846560846561
5 0.5646081349206349 0.478505291005291 0.030753968253968252 0.10185185185185185
5 0.5952380952380952 0.39169973544973546 0.027777777777777776 0.0787037037037037
5 0.41865079365079366 0.3685515873015873 0.025049603174603176 0.07605820105820106
1 0.31646825396825395 0.7379298941798942 0.024305555555555556 0.016865079365079364
2 0.7057291666666666 0.0539021164021164 0.18030753968253968 0.05291005291005291
3 0.3227926587301587 0.22354497354497355 0.03273809523809524 0.037037037037037035
5 0.45101686507936506 0.949239417989418 0.07390873015873016 0.10152116402116403
3 0.29402281746031744 0.21412037037037038 0.03050595238095238 0.03273809523809524
5 0.4410962301587302 0.26438492063492064 0.016617063492063492 0.04563492063492063
5 0.43898809523809523 0.3470568783068783 0.024553571428571428 0.0701058201058201
5 0.39446924603174605 0.24735449735449735 0.01488095238095238 0.04431216931216931
5 0.25186011904761907 0.3019179894179894 0.021081349206349208 0.056216931216931214
5 0.4572172619047619 0.28869047619047616 0.019097222222222224 0.051587301587301584
5 0.5093005952380952 0.3192791005291005 0.021825396825396824 0.06117724867724868
5 0.3324652777777778 0.3040674603174603 0.021825396825396824 0.059854497354497355
3 0.32490079365079366 0.2743055555555556 0.050595238095238096 0.04828042328042328
5 0.019469246031746032 0.19675925925925927 0.012152777777777778 0.03505291005291005
5 0.314484126984127 0.2934854497354497 0.017609126984126984 0.05257936507936508
5 0.48288690476190477 0.34441137566137564 0.023065476190476192 0.06547619047619048
5 0.8048115079365079 0.2478505291005291 0.03670634920634921 0.047619047619047616
3 0.9312996031746031 0.3872354497354497 0.13541666666666666 0.0625
3 0.00744047619047619 0.39533730158730157 0.01488095238095238 0.0882936507936508
3 0.9052579365079365 0.3878968253968254 0.08308531746031746 0.06183862433862434
5 0.5132688492063492 0.36226851851851855 0.025297619047619048 0.036044973544973546
0 0.5073685515873015 0.4492261904761905 0.019779265873015872 0.006861772486772486