2 0.22780257936507936 0.6188822751322751 0.39459325396825395 0.4712301587301587
3 0.4381200396825397 0.7776124338624338 0.1579861111111111 0.25892857142857145
3 0.7218501984126984 0.580191798941799 0.11755952380952381 0.1703042328042328
3 0.7388392857142857 0.41418650793650796 0.06696428571428571 0.08498677248677249
3 0.6243799603174603 0.34507275132275134 0.05381944444444445 0.06845238095238096
5 0.9723462301587301 0.701223544973545 0.05282738095238095 0.1712962962962963
3 0.48722718253968256 0.39186507936507936 0.07911706349206349 0.0873015873015873
5 0.8317212301587301 0.5317460317460317 0.031746031746031744 0.10747354497354497
5 0.605530753968254 0.564318783068783 0.03844246031746032 0.11838624338624339
3 0.9756944444444444 0.34523809523809523 0.04861111111111111 0.06812169312169312
3 0.6834077380952381 0.29398148148148145 0.036458333333333336 0.04298941798941799
5 0.3345734126984127 0.7412367724867724 0.05828373015873016 0.17394179894179895
3 0.6197916666666666 0.2953042328042328 0.039186507936507936 0.04794973544973545
5 0.6598462301587301 0.4313822751322751 0.025049603174603176 0.08531746031746032
3 0.6377728174603174 0.24917328042328044 0.030753968253968252 0.036044973544973546
5 0.519469246031746 0.2986111111111111 0.015128968253968254 0.04398148148148148
5 0.4489087301587302 0.49272486772486773 0.037698412698412696 0.09887566137566138
3 0.9747023809523809 0.28835978835978837 0.03968253968253968 0.049933862433862435
5 0.43874007936507936 0.33134920634920634 0.017857142857142856 0.04828042328042328
5 0.4983878968253968 0.326223544973545 0.018105158730158732 0.045965608465608467
5 0.7844742063492064 0.3968253968253968 0.023313492063492064 0.07407407407407407
1 0.41790674603174605 0.8783068783068783 0.027529761904761904 0.018518518518518517
5 0.7182539682539683 0.29464285714285715 0.015376984126984126 0.045965608465608467
5 0.5837053571428571 0.2953042328042328 0.01314484126984127 0.04332010582010582
1 0.12289186507936507 0.8420965608465608 0.02554563492063492 0.015873015873015872
5 0.7404513888888888 0.3060515873015873 0.018849206349206348 0.05191798941798942
3 0.6781994047619048 0.2222222222222222 0.022569444444444444 0.026455026455026454
0 0.7251984126984127 0.6440145502645502 0.031746031746031744 0.011243386243386243
5 0.5551835317460317 0.2566137566137566 0.013392857142857142 0.02943121693121693
5 0.47507440476190477 0.4621362433862434 0.029017857142857144 0.08234126984126984
3 0.6492683531746032 0.2266005291005291 0.022512400793650793 0.023902116402116404
5 0.8410441468253969 0.25147156084656086 0.012896825396825396 0.03374007936507937
5 0.5481150793650794 0.29563492063492064 0.018601190476190476 0.05423280423280423
5 0.49508928571428573 0.2861276455026455 0.020617559523809524 0.0355489417989418
5 0.701842757936508 0.257718253968254 0.01240079365079365 0.03439153439153439
5 0.22433035714285715 0.4308862433862434 0.049107142857142856 0.0582010582010582
5 0.5988095238095238 0.2660747354497355 0.012103174603174602 0.03577050264550265
5 0.5589037698412699 0.29563492063492064 0.018601190476190476 0.05291005291005291
5 0.9853546626984127 0.25264219576719577 0.01415922619047619 0.028449074074074075
1 0.7418229166666667 0.44159722222222225 0.012514880952380953 0.008194444444444445
5 0.4985391865079365 0.2546660052910053 0.024347718253968254 0.02214616402116402
4 0.4700421626984127 0.29001984126984126 0.011135912698412699 0.03799933862433862
5 0.5832886904761905 0.2662400793650794 0.011532738095238096 0.029837962962962965
5 0.5782093253968255 0.25074735449735447 0.009640376984126984 0.027771164021164023
5 0.6210714285714285 0.23229828042328043 0.00841765873015873 0.02550595238095238
2 0.6012549603174604 0.23729828042328044 0.03152529761904762 0.047337962962962964
4 0.8243625992063491 0.30121362433862436 0.012368551587301586 0.03868386243386244
4 0.8148040674603174 0.29401455026455026 0.013943452380952381 0.04048280423280423
5 0.816329365079365 0.2242724867724868 0.00779265873015873 0.023680555555555555
5 0.8325148809523809 0.23266534391534394 0.011240079365079364 0.027278439153439152
5 0.8558606150793651 0.22906746031746034 0.008467261904761905 0.025281084656084658
3 0.8342013888888888 0.2200760582010582 0.02255704365079365 0.022083333333333333
3 0.813516865079365 0.25129960317460315 0.018660714285714284 0.034169973544973545
3 0.6440302579365079 0.2016633597883598 0.01783730158730159 0.01812830687830688
3 0.6343824404761904 0.19308862433862434 0.015498511904761906 0.016570767195767194
5 0.6528769841269841 0.2068320105820106 0.0071651785714285715 0.015205026455026454
5 0.6561656746031745 0.20449074074074075 0.004970238095238095 0.016765873015873015
5 0.6623065476190476 0.19815476190476192 0.006433531746031746 0.01890873015873016
5 0.6890625 0.2152116402116402 0.007018849206349207 0.023392857142857142
5 0.6976140873015874 0.22924933862433863 0.008918650793650795 0.026121031746031743
5 0.6899553571428572 0.19959325396825398 0.006899801587301587 0.01769510582010582
3 0.5938293650793651 0.19609457671957672 0.018080357142857145 0.016610449735449735
3 0.6053769841269842 0.19062500000000002 0.013219246031746032 0.015396825396825398
5 0.6971825396825396 0.2024867724867725 0.006875 0.019537037037037037
5 0.8509126984126985 0.2145734126984127 0.007006448412698413 0.02273478835978836
5 0.8606274801587303 0.2066435185185185 0.006872519841269842 0.020267857142857143
5 0.8403373015873016 0.2025 0.006741071428571429 0.01621362433862434
5 0.8547668650793651 0.20128968253968255 0.006713789682539682 0.019279100529100528
3 0.8187276785714286 0.20384920634920636 0.019717261904761904 0.023151455026455027