3 0.5109126984126984 0.3449074074074074 0.13764880952380953 0.16633597883597884
5 0.777405753968254 0.7653769841269841 0.07663690476190477 0.2767857142857143
5 0.8797123015873016 0.8492063492063492 0.08085317460317461 0.2728174603174603
3 0.23363095238095238 0.2400793650793651 0.12103174603174603 0.11904761904761904
5 0.5057043650793651 0.7514880952380952 0.07018849206349206 0.23578042328042328
5 0.6091269841269841 0.9067460317460317 0.09350198412698413 0.1865079365079365
5 0.21986607142857142 0.5276124338624338 0.06448412698412699 0.18981481481481483
3 0.5385664682539683 0.16220238095238096 0.06349206349206349 0.0744047619047619
3 0.44072420634920634 0.2466931216931217 0.09672619047619048 0.10218253968253968
3 0.7023809523809523 0.1259920634920635 0.057291666666666664 0.06481481481481481
5 0.5772569444444444 0.5821759259259259 0.05257936507936508 0.18915343915343916
5 0.6850198412698413 0.2898478835978836 0.033234126984126984 0.11144179894179894
2 0.5746527777777778 0.0689484126984127 0.06820436507936507 0.1130952380952381
5 0.22470238095238096 0.39699074074074076 0.054563492063492064 0.1164021164021164
5 0.7936507936507936 0.2918320105820106 0.031994047619047616 0.10747354497354497
3 0.7418154761904762 0.06712962962962964 0.04712301587301587 0.05489417989417989
5 0.7932787698412699 0.18700396825396826 0.024553571428571428 0.08101851851851852
5 0.24553571428571427 0.3073743386243386 0.03546626984126984 0.10648148148148148
3 0.4507688492063492 0.125 0.05109126984126984 0.06183862433862434
5 0.5778769841269841 0.20403439153439154 0.023561507936507936 0.08895502645502645
5 0.9117063492063492 0.09821428571428571 0.019593253968253968 0.054563492063492064
5 0.015749007936507936 0.5395171957671958 0.03149801587301587 0.17857142857142858
5 0.646453373015873 0.11276455026455026 0.020089285714285716 0.06415343915343916
5 0.6134672619047619 0.16253306878306878 0.025793650793650792 0.07242063492063493
5 0.5090525793650794 0.12533068783068782 0.017857142857142856 0.0625
5 0.47023809523809523 0.2726521164021164 0.036210317460317464 0.09656084656084656
5 0.4503968253968254 0.16005291005291006 0.024057539682539684 0.07308201058201058
5 0.6333085317460317 0.07192460317460317 0.014384920634920634 0.04861111111111111
5 0.5075644841269841 0.05109126984126984 0.01488095238095238 0.04431216931216931
5 0.6690228174603174 0.09556878306878307 0.017361111111111112 0.054563492063492064
5 0.6427331349206349 0.017857142857142856 0.013392857142857142 0.03439153439153439
0 0.20674603174603176 0.27526455026455027 0.02038938492063492 0.007810846560846561
0 0.4895833333333333 0.3913690476190476 0.029513888888888888 0.00958994708994709
4 0.3478422619047619 0.1283068783068783 0.016865079365079364 0.061507936507936505
5 0.39372519841269843 0.14203042328042328 0.050347222222222224 0.06183862433862434
5 0.7316468253968254 0.006944444444444444 0.012152777777777778 0.013888888888888888
5 0.6712549603174603 0.017526455026455025 0.013392857142857142 0.03439153439153439
5 0.6858878968253969 0.08052248677248677 0.017857142857142856 0.042328042328042326
5 0.6576140873015873 0.06332671957671958 0.01711309523809524 0.041666666666666664
5 0.7862103174603174 0.007771164021164021 0.012896825396825396 0.015542328042328041
5 0.6159474206349206 0.12103174603174603 0.01984126984126984 0.04265873015873016
0 0.4260912698412698 0.28108796296296296 0.022569444444444444 0.006941137566137566