3 0.4469246031746032 0.90244708994709 0.17609126984126985 0.19510582010582012
3 0.4503968253968254 0.5856481481481481 0.08978174603174603 0.12566137566137567
6 0.35106646825396826 0.4126984126984127 0.15575396825396826 0.22883597883597884
6 0.9412202380952381 0.5570436507936508 0.11755952380952381 0.21461640211640212
5 0.13529265873015872 0.8953373015873016 0.07614087301587301 0.20734126984126985
5 0.6393849206349206 0.6590608465608465 0.03844246031746032 0.13194444444444445
3 0.5749007936507936 0.43783068783068785 0.047867063492063495 0.06481481481481481
6 0.490203373015873 0.353505291005291 0.0441468253968254 0.08068783068783068
3 0.9444444444444444 0.38210978835978837 0.06001984126984127 0.042328042328042326
3 0.5546875 0.34308862433862436 0.029513888888888888 0.0333994708994709
2 0.4439484126984127 0.2931547619047619 0.049107142857142856 0.056878306878306875
5 0.8874007936507936 0.42146164021164023 0.020833333333333332 0.054563492063492064
3 0.5325768849206349 0.2828968253968254 0.020342261904761905 0.022585978835978834
3 0.6717509920634921 0.353505291005291 0.02628968253968254 0.03670634920634921
5 0.45826140873015875 0.3594642857142857 0.01273313492063492 0.038802910052910054
5 0.0496031746031746 0.5120701058201058 0.06646825396825397 0.08597883597883597
1 0.4436979166666667 0.6255125661375661 0.015615079365079365 0.011243386243386243
5 0.7916666666666666 0.3191137566137566 0.010416666666666666 0.028435846560846557
1 0.31534474206349206 0.5084953703703704 0.01128968253968254 0.00837632275132275
4 0.9793799603174603 0.37969246031746035 0.014642857142857143 0.04400793650793651
5 0.6802256944444445 0.32540013227513226 0.010094246031746032 0.027056878306878304
5 0.44434027777777774 0.3549636243386244 0.012157738095238096 0.03677910052910053
5 0.4365376984126984 0.3479464285714286 0.01070684523809524 0.03484457671957672
5 0.44125496031746037 0.3289517195767196 0.008529265873015873 0.02056547619047619
1 0.5762673611111112 0.4596990740740741 0.009241071428571428 0.006818783068783069
5 0.5116666666666666 0.3093716931216931 0.009129464285714286 0.024735449735449735
5 0.5650669642857142 0.2943948412698413 0.0074131944444444445 0.02033068783068783
5 0.49510912698412696 0.2846296296296296 0.006339285714285714 0.019480820105820106
5 0.4742683531746032 0.2904298941798942 0.006984126984126984 0.020198412698412698
5 0.5196279761904762 0.27804232804232804 0.006701388888888889 0.01845899470899471
3 0.5474255952380952 0.2759920634920635 0.01527281746031746 0.01875
3 0.5640724206349207 0.2677876984126984 0.01494295634920635 0.017579365079365077
6 0.5787946428571428 0.269401455026455 0.01494295634920635 0.02548941798941799
5 0.6669320436507937 0.3096792328042328 0.009605654761904761 0.024702380952380955
5 0.6753373015873015 0.3106712962962963 0.0076612103174603175 0.024854497354497355
5 0.667046130952381 0.2853604497354497 0.005488591269841269 0.01662037037037037
3 0.6797395833333334 0.2916865079365079 0.014409722222222223 0.021041666666666667