3 0.17175099206349206 0.7579365079365079 0.17435515873015872 0.27645502645502645
3 0.5802331349206349 0.8792989417989417 0.19444444444444445 0.24107142857142858
2 0.32080853174603174 0.4363425925925926 0.13467261904761904 0.21362433862433863
3 0.8244047619047619 0.49619708994708994 0.11507936507936507 0.09722222222222222
5 0.7142857142857143 0.4794973544973545 0.052083333333333336 0.08664021164021164
3 0.453125 0.38955026455026454 0.07936507936507936 0.08697089947089948
5 0.5817212301587301 0.6023478835978836 0.04365079365079365 0.12764550264550265
5 0.23697916666666666 0.5699404761904762 0.03869047619047619 0.11243386243386243
5 0.30431547619047616 0.9446097883597884 0.08531746031746032 0.11078042328042328
5 0.9159226190476191 0.9447751322751323 0.07762896825396826 0.11044973544973545
5 0.6481894841269841 0.5500992063492064 0.037698412698412696 0.1078042328042328
3 0.23053075396825398 0.333994708994709 0.05109126984126984 0.05886243386243386
3 0.4017857142857143 0.42427248677248675 0.043154761904761904 0.08234126984126984
3 0.32762896825396826 0.30439814814814814 0.046875 0.05654761904761905
3 0.22718253968253968 0.27215608465608465 0.03670634920634921 0.041005291005291
5 0.029513888888888888 0.25281084656084657 0.033482142857142856 0.03802910052910053
1 0.16145833333333334 0.8387896825396826 0.028521825396825396 0.0205026455026455
5 0.14868551587301587 0.3189484126984127 0.01711309523809524 0.050595238095238096
5 0.4572172619047619 0.41798941798941797 0.02703373015873016 0.07837301587301587
5 0.884796626984127 0.45072751322751325 0.046378968253968256 0.07473544973544974
5 0.3949652777777778 0.2974537037037037 0.016617063492063492 0.042328042328042326
5 0.15984623015873015 0.2951388888888889 0.017361111111111112 0.046296296296296294
3 0.2435515873015873 0.3708664021164021 0.026041666666666668 0.0701058201058201
3 0.6677827380952381 0.21081349206349206 0.02132936507936508 0.01984126984126984
0 0.6025545634920635 0.9947089947089947 0.04836309523809524 0.01025132275132275
5 0.2478918650793651 0.2996031746031746 0.016121031746031748 0.045304232804232805
0 0.795233134920635 0.5195502645502645 0.021517857142857144 0.01
0 0.3386830357142857 0.5276124338624338 0.01769593253968254 0.0076388888888888895