3 0.6346726190476191 0.38508597883597884 0.14608134920634921 0.2166005291005291
3 0.20858134920634921 0.6306216931216931 0.21875 0.2830687830687831
3 0.8208085317460317 0.6319444444444444 0.21254960317460317 0.3439153439153439
3 0.4600694444444444 0.8047288359788359 0.2316468253968254 0.38525132275132273
3 0.4279513888888889 0.1886574074074074 0.09771825396825397 0.12235449735449735
3 0.6846478174603174 0.08812830687830688 0.06225198412698413 0.07308201058201058
5 0.38764880952380953 0.3644179894179894 0.04712301587301587 0.1597222222222222
5 0.7769097222222222 0.20221560846560846 0.03298611111111111 0.10449735449735449
5 0.5262896825396826 0.310515873015873 0.03993055555555555 0.14054232804232805
5 0.020089285714285716 0.5770502645502645 0.04017857142857143 0.20436507936507936
3 0.2865823412698413 0.08878968253968254 0.12227182539682539 0.06812169312169312
5 0.6330605158730159 0.22040343915343916 0.033234126984126984 0.11044973544973545
5 0.7693452380952381 0.08316798941798942 0.025793650793650792 0.07671957671957672
5 0.9381200396825397 0.09705687830687831 0.023561507936507936 0.08234126984126984
5 0.8947172619047619 0.04117063492063492 0.022817460317460316 0.06514550264550265
5 0.265625 0.12764550264550265 0.03149801587301587 0.08465608465608465
5 0.5948660714285714 0.11028439153439154 0.026537698412698412 0.0796957671957672
5 0.36148313492063494 0.13558201058201058 0.029265873015873016 0.08465608465608465
5 0.17001488095238096 0.18799603174603174 0.03794642857142857 0.1078042328042328
5 0.6295882936507936 0.12533068783068782 0.026785714285714284 0.08300264550264551
1 0.1701388888888889 0.732473544973545 0.03447420634920635 0.022817460317460316
5 0.5411706349206349 0.2273478835978836 0.03670634920634921 0.10582010582010581
1 0.4418402777777778 0.9523809523809523 0.04265873015873016 0.028108465608465607
1 0.6256473214285715 0.4436177248677249 0.021825396825396824 0.01951058201058201
5 0.6355406746031746 0.017361111111111112 0.01636904761904762 0.034722222222222224
5 0.7016369047619048 0.02595899470899471 0.02058531746031746 0.05191798941798942
1 0.41622767857142856 0.22167658730158732 0.015406746031746032 0.011574074074074073
0 0.8325644841269841 0.7576388888888889 0.050791170634920633 0.019580026455026454
5 0.5362103174603174 0.10747354497354497 0.023065476190476192 0.07506613756613757
5 0.5677083333333334 0.023974867724867725 0.017857142857142856 0.04794973544973545
5 0.5510912698412699 0.14500661375661375 0.026537698412698412 0.08300264550264551
5 0.4017857142857143 0.04728835978835979 0.020337301587301588 0.06779100529100529
3 0.4262152777777778 0.023644179894179895 0.051587301587301584 0.046957671957671955
4 0.08544146825396826 0.19940476190476192 0.028521825396825396 0.10085978835978836
5 0.5314980158730159 0.05109126984126984 0.023313492063492064 0.059854497354497355
5 0.5322420634920635 0.01240079365079365 0.017361111111111112 0.02414021164021164
1 0.683531746031746 0.10582010582010581 0.011408730158730158 0.008267195767195767