5 0.13606770833333334 0.7842881944444444 0.09309895833333333 0.3298611111111111
6 0.8108723958333334 0.43938078703703703 0.3782552083333333 0.5361689814814815
5 0.3029513888888889 0.30497685185185186 0.04665798611111111 0.15711805555555555
5 0.24283854166666666 0.6089409722222222 0.07161458333333333 0.24131944444444445
5 0.5119357638888888 0.1177662037037037 0.03493923611111111 0.11458333333333333
5 0.3083767361111111 0.1111111111111111 0.031901041666666664 0.10850694444444445
5 0.2322048611111111 0.028935185185185185 0.027560763888888888 0.05787037037037037
5 0.2513020833333333 0.4852430555555556 0.06640625 0.18171296296296297
5 0.7408854166666666 0.02141203703703704 0.052083333333333336 0.04282407407407408
5 0.6028645833333334 0.05164930555555555 0.029947916666666668 0.09635416666666667
5 0.4339192708333333 0.03284143518518518 0.026692708333333332 0.06568287037037036
1 0.8462456597222222 0.6192129629629629 0.03624131944444445 0.024305555555555556
5 0.5813802083333334 0.018518518518518517 0.023654513888888888 0.037037037037037035
5 0.51953125 0.043402777777777776 0.032552083333333336 0.08478009259259259
4 0.9131944444444444 0.3784722222222222 0.06879340277777778 0.0708912037037037
5 0.3050130208333333 0.030237268518518517 0.03537326388888889 0.05960648148148148