3 0.07738095238095238 0.5023148148148148 0.15476190476190477 0.16302910052910052
6 0.5911458333333334 0.4515542328042328 0.15600198412698413 0.31845238095238093
3 0.746031746031746 0.3429232804232804 0.09300595238095238 0.10582010582010581
2 0.40327380952380953 0.279265873015873 0.14831349206349206 0.24173280423280424
5 0.3654513888888889 0.8042328042328042 0.09399801587301587 0.22883597883597884
5 0.9557291666666666 0.7470238095238095 0.07762896825396826 0.2222222222222222
3 0.65625 0.19808201058201058 0.05704365079365079 0.07771164021164022
5 0.22371031746031747 0.4503968253968254 0.0441468253968254 0.12996031746031747
3 0.6340525793650794 0.2802579365079365 0.07837301587301587 0.08796296296296297
5 0.7563244047619048 0.24305555555555555 0.024057539682539684 0.07473544973544974
2 0.5262896825396826 0.08250661375661375 0.041666666666666664 0.0701058201058201
5 0.722718253968254 0.2647156084656085 0.028025793650793652 0.06977513227513228
3 0.6507936507936508 0.08974537037037036 0.03127232142857143 0.04071759259259259
2 0.5656894841269842 0.20487433862433863 0.06590029761904762 0.12761574074074075
5 0.9851190476190477 0.6587301587301587 0.02976190476190476 0.18253968253968253
6 0.9311755952380952 0.15773809523809523 0.05580357142857143 0.1078042328042328
0 0.029017857142857144 0.5570436507936508 0.03273809523809524 0.011243386243386243
6 0.970734126984127 0.19411375661375663 0.051587301587301584 0.1931216931216931
1 0.5893601190476191 0.5915013227513227 0.025101686507936507 0.015942460317460317
2 0.7064732142857143 0.14467592592592593 0.06125992063492063 0.09424603174603174
3 0.6476934523809523 0.12384259259259259 0.03125 0.040013227513227514
5 0.5133928571428571 0.21353174603174604 0.022569444444444444 0.07671957671957672
5 0.7730654761904762 0.17509920634920634 0.023065476190476192 0.06117724867724868
5 0.6796875 0.06994047619047619 0.011904761904761904 0.02976190476190476
5 0.029017857142857144 0.3136574074074074 0.044890873015873016 0.06481481481481481
5 0.9781746031746031 0.08465608465608465 0.011656746031746032 0.0333994708994709
6 0.58 0.15518518518518518 0.06498263888888889 0.12673280423280422
5 0.6112351190476191 0.09490740740740741 0.011904761904761904 0.03207671957671958
0 0.7460912698412698 0.3754100529100529 0.022271825396825397 0.007883597883597883
1 0.566468253968254 0.2511574074074074 0.010912698412698412 0.008267195767195767
1 0.3922842261904762 0.37899801587301585 0.01564732142857143 0.011590608465608465
3 0.5603596230158729 0.0698313492063492 0.02570188492063492 0.025863095238095237
3 0.5763640873015873 0.06078042328042328 0.021822916666666664 0.025863095238095237
2 0.6651264880952381 0.03786044973544973 0.04933035714285714 0.04919312169312169
2 0.6725868055555555 0.05250661375661376 0.028603670634920635 0.0408994708994709
3 0.7092733134920635 0.08594907407407408 0.029017857142857144 0.030400132275132278