3 0.5892857142857143 0.49702380952380953 0.14657738095238096 0.23346560846560846
5 0.4270833333333333 0.6273148148148148 0.06522817460317461 0.20502645502645503
3 0.6339285714285714 0.3192791005291005 0.09027777777777778 0.11474867724867725
5 0.6661706349206349 0.8743386243386243 0.07514880952380952 0.25132275132275134
3 0.5021081349206349 0.2648809523809524 0.07787698412698413 0.09556878306878307
3 0.541046626984127 0.21593915343915343 0.07366071428571429 0.07605820105820106
5 0.32155257936507936 0.6127645502645502 0.05803571428571429 0.19345238095238096
5 0.7750496031746031 0.5102513227513228 0.04985119047619048 0.16964285714285715
5 0.18638392857142858 0.40757275132275134 0.041666666666666664 0.1402116402116402
3 0.6746031746031746 0.09341931216931217 0.034722222222222224 0.042328042328042326
5 0.23177083333333334 0.3587962962962963 0.03993055555555555 0.11706349206349206
5 0.40401785714285715 0.3921957671957672 0.03968253968253968 0.1345899470899471
5 0.13529265873015872 0.31183862433862436 0.041914682539682536 0.0992063492063492
5 0.2806299603174603 0.2701719576719577 0.033234126984126984 0.09325396825396826
3 0.6029265873015873 0.08895502645502645 0.042162698412698416 0.05026455026455026
5 0.19370039682539683 0.32671957671957674 0.03869047619047619 0.08630952380952381
5 0.43898809523809523 0.23842592592592593 0.029265873015873016 0.08333333333333333
4 0.19556051587301587 0.22073412698412698 0.023065476190476192 0.08234126984126984
5 0.3881448412698413 0.24388227513227514 0.027281746031746032 0.08697089947089948
5 0.3586309523809524 0.21064814814814814 0.026041666666666668 0.0744047619047619
5 0.5608878968253969 0.10333994708994709 0.015376984126984126 0.04894179894179894
5 0.34660218253968256 0.3253968253968254 0.053075396825396824 0.105489417989418
3 0.8576388888888888 0.01917989417989418 0.019345238095238096 0.0248015873015873
0 0.5814732142857143 0.5598544973544973 0.035962301587301584 0.013558201058201057
5 0.6028025793650794 0.1292989417989418 0.017361111111111112 0.056878306878306875
5 0.4418402777777778 0.10813492063492064 0.016121031746031748 0.04894179894179894
5 0.4946676587301587 0.18799603174603174 0.026041666666666668 0.0625
6 0.4929315476190476 0.1164021164021164 0.07043650793650794 0.10218253968253968
3 0.6636904761904762 0.07142857142857142 0.0339781746031746 0.041005291005291
3 0.6168154761904762 0.06001984126984127 0.03249007936507937 0.036375661375661374
3 0.6944444444444444 0.01240079365079365 0.024057539682539684 0.0248015873015873
5 0.6411210317460317 0.08697089947089948 0.013640873015873016 0.04298941798941799
3 0.8375496031746031 0.011739417989417989 0.020833333333333332 0.022486772486772486
1 0.49533978174603177 0.28955026455026456 0.01404265873015873 0.010049603174603175
5 0.5218253968253969 0.05257936507936508 0.015625 0.03505291005291005
1 0.6315972222222223 0.3513558201058201 0.01626736111111111 0.012040343915343914
5 0.5740327380952381 0.041666666666666664 0.011656746031746032 0.036375661375661374
5 0.8422619047619048 0.03488756613756614 0.012152777777777778 0.03835978835978836
6 0.11357142857142857 0.8154794973544974 0.2271453373015873 0.3690410052910053