3 0.6852213541666666 0.8537326388888888 0.3426649305555556 0.2925347222222222
2 0.2238498263888889 0.22352430555555555 0.3506944444444444 0.4470486111111111
5 0.7737630208333334 0.5448495370370371 0.09266493055555555 0.27835648148148145
5 0.6293402777777778 0.4007523148148148 0.07335069444444445 0.24855324074074073
5 0.6646050347222222 0.30078125 0.06640625 0.2170138888888889
5 0.5099826388888888 0.2339409722222222 0.059895833333333336 0.18836805555555555
5 0.7699652777777778 0.15755208333333334 0.06315104166666667 0.14438657407407407
5 0.4700520833333333 0.29586226851851855 0.06380208333333333 0.21875
5 0.7926432291666666 0.2903645833333333 0.06749131944444445 0.21296296296296297
5 0.505859375 0.04673032407407408 0.050347222222222224 0.09346064814814815
5 0.7490234375 0.3493923611111111 0.0705295138888889 0.19618055555555555
1 0.2652994791666667 0.4156539351851852 0.03298611111111111 0.023726851851851853