2 0.43427579365079366 0.5438161375661376 0.203125 0.2542989417989418
3 0.7503720238095238 0.3525132275132275 0.06001984126984127 0.07175925925925926
3 0.4243551587301587 0.3951719576719577 0.10863095238095238 0.07738095238095238
5 0.9274553571428571 0.7685185185185185 0.057291666666666664 0.17261904761904762
3 0.6755952380952381 0.28174603174603174 0.0339781746031746 0.04927248677248677
5 0.6094990079365079 0.32275132275132273 0.017609126984126984 0.05125661375661376
5 0.6375248015873016 0.3619378306878307 0.0220734126984127 0.061507936507936505
5 0.03335813492063492 0.5654761904761905 0.06671626984126984 0.10648148148148148
5 0.8570188492063492 0.33812830687830686 0.020089285714285716 0.05952380952380952
5 0.6774553571428571 0.33878968253968256 0.017857142857142856 0.05489417989417989
5 0.7919146825396826 0.2824074074074074 0.01488095238095238 0.0419973544973545
1 0.39459325396825395 0.6463293650793651 0.018849206349206348 0.013227513227513227
4 0.4820188492063492 0.34507275132275134 0.014632936507936508 0.06316137566137567
3 0.8489583333333334 0.20403439153439154 0.023809523809523808 0.022817460317460316
3 0.7920386904761905 0.19692460317460317 0.024057539682539684 0.02447089947089947
3 0.7125496031746031 0.21875 0.028273809523809524 0.028439153439153438
5 0.8783482142857143 0.23627645502645503 0.015625 0.03935185185185185
4 0.43861607142857145 0.3318452380952381 0.013888888888888888 0.05555555555555555
5 0.7311507936507936 0.23131613756613756 0.011408730158730158 0.03571428571428571
5 0.8518105158730159 0.28951719576719576 0.015376984126984126 0.05026455026455026
5 0.8127480158730159 0.22602513227513227 0.01066468253968254 0.0333994708994709
5 0.763640873015873 0.21841931216931218 0.010416666666666666 0.03042328042328042
4 0.23676835317460318 0.4402910052910053 0.018159722222222223 0.09237764550264552
4 0.2236359126984127 0.43302579365079363 0.02207093253968254 0.08530092592592592
4 0.11496031746031746 0.44327050264550266 0.023187003968253968 0.08194775132275132