5 0.40587797619047616 0.5545634920634921 0.06522817460317461 0.22321428571428573
3 0.49208085317460315 0.13300595238095236 0.08878968253968254 0.11706349206349206
5 0.24404761904761904 0.517691798941799 0.06349206349206349 0.2123015873015873
5 0.7074652777777778 0.32506613756613756 0.041914682539682536 0.144510582010582
5 0.8213045634920635 0.3521825396825397 0.054563492063492064 0.15013227513227514
5 0.39347718253968256 0.2561177248677249 0.03695436507936508 0.12863756613756613
5 0.5885416666666666 0.13177910052910052 0.030009920634920636 0.09490740740740741
5 0.14186507936507936 0.1714616402116402 0.03422619047619048 0.0916005291005291
5 0.44072420634920634 0.08300264550264551 0.02628968253968254 0.08234126984126984
5 0.6535218253968254 0.06117724867724868 0.023809523809523808 0.07506613756613757
5 0.2527281746031746 0.113260582010582 0.030009920634920636 0.0916005291005291
3 0.10168650793650794 0.33912037037037035 0.19692460317460317 0.24801587301587302
5 0.3967013888888889 0.07043650793650794 0.025297619047619048 0.07738095238095238
5 0.3618551587301587 0.057539682539682536 0.023561507936507936 0.07539682539682539
5 0.5251736111111112 0.050595238095238096 0.023313492063492064 0.07175925925925926
1 0.8220486111111112 0.38955026455026454 0.014384920634920634 0.013888888888888888
5 0.009052579365079366 0.263723544973545 0.018105158730158732 0.1292989417989418
5 0.8325892857142857 0.013062169312169311 0.016617063492063492 0.026124338624338623
5 0.39893353174603174 0.01570767195767196 0.017361111111111112 0.03141534391534392
0 0.05412698412698413 0.41354497354497355 0.03378472222222222 0.014507275132275132
5 0.5182291666666666 0.018849206349206348 0.019593253968253968 0.03736772486772487
5 0.8173363095238095 0.04828042328042328 0.020337301587301588 0.05853174603174603
4 0.24149057539682542 0.03370701058201058 0.017296626984126984 0.06475198412698413
1 0.4873784722222222 0.16540013227513228 0.020287698412698413 0.008310185185185184