3 0.4001736111111111 0.5886243386243386 0.15203373015873015 0.19113756613756613
3 0.511656746031746 0.4401455026455027 0.07242063492063493 0.09656084656084656
3 0.4228670634920635 0.8831018518518519 0.24627976190476192 0.23346560846560846
5 0.9050099206349206 0.7838955026455027 0.06994047619047619 0.20304232804232805
6 0.6608382936507936 0.45634920634920634 0.07663690476190477 0.15343915343915343
6 0.41257440476190477 0.3209325396825397 0.06696428571428571 0.10383597883597884
3 0.5968501984126984 0.37003968253968256 0.06448412698412699 0.08630952380952381
5 0.7709573412698413 0.5228174603174603 0.04265873015873016 0.11177248677248677
6 0.4782986111111111 0.3402777777777778 0.06522817460317461 0.10482804232804233
3 0.9769345238095238 0.28158068783068785 0.046130952380952384 0.0419973544973545
5 0.7211061507936508 0.5997023809523809 0.041666666666666664 0.14417989417989419
3 0.5550595238095238 0.25826719576719576 0.028273809523809524 0.03505291005291005
5 0.8890128968253969 0.39467592592592593 0.033482142857142856 0.07374338624338625
3 0.5705605158730159 0.32671957671957674 0.03968253968253968 0.05720899470899471
6 0.11532738095238096 0.843584656084656 0.23065476190476192 0.31283068783068785
5 0.5925099206349206 0.4976851851851852 0.031001984126984128 0.10185185185185185
5 0.4905753968253968 0.27397486772486773 0.016617063492063492 0.031746031746031744
5 0.9482886904761905 0.3458994708994709 0.023313492063492064 0.05720899470899471
5 0.7074652777777778 0.44659391534391535 0.02628968253968254 0.08928571428571429
5 0.6455853174603174 0.3480489417989418 0.020337301587301588 0.0625
5 0.11780753968253968 0.484457671957672 0.04538690476190476 0.08432539682539683
3 0.5161210317460317 0.2199074074074074 0.023809523809523808 0.028439153439153438
5 0.8649553571428571 0.2961309523809524 0.019345238095238096 0.04828042328042328
5 0.8874007936507936 0.31828703703703703 0.023065476190476192 0.05654761904761905
5 0.12909226190476192 0.43005952380952384 0.07192460317460317 0.06746031746031746
3 0.5353422619047619 0.23776455026455026 0.023065476190476192 0.027447089947089946
3 0.5544394841269841 0.20221560846560846 0.019593253968253968 0.022817460317460316
3 0.4538690476190476 0.25710978835978837 0.02628968253968254 0.03373015873015873
0 0.36693948412698413 0.6595568783068783 0.026537698412698412 0.01025132275132275
5 0.6161954365079365 0.2608134920634921 0.012896825396825396 0.03835978835978836
3 0.5809771825396826 0.29282407407407407 0.041914682539682536 0.04894179894179894
5 0.5984399801587301 0.26786706349206346 0.01244295634920635 0.03954034391534391
3 0.7092038690476191 0.20723214285714284 0.021086309523809525 0.022040343915343916
5 0.7090773809523809 0.24322089947089948 0.01240079365079365 0.036044973544973546
5 0.46837797619047616 0.24173280423280424 0.011904761904761904 0.031746031746031744
0 0.6671626984126984 0.5114087301587301 0.021081349206349208 0.007605820105820105
5 0.9483978174603175 0.24997023809523808 0.017080853174603176 0.027509920634920634
5 0.4820188492063492 0.23247354497354497 0.010168650793650794 0.031084656084656083
0 0.512063492063492 0.46915343915343916 0.018196924603174604 0.0067625661375661375
0 0.5938045634920635 0.39634920634920634 0.015178571428571428 0.005333994708994708
0 0.4000595238095238 0.355218253968254 0.012232142857142856 0.004494047619047619
1 0.4712698412698413 0.37801587301587297 0.009526289682539681 0.0063128306878306875
5 0.59375 0.24769510582010582 0.009717261904761904 0.03127314814814815
3 0.5961408730158729 0.23764219576719575 0.02703621031746032 0.036250000000000004
3 0.5792708333333333 0.19892526455026455 0.020463789682539684 0.027681878306878304
5 0.5844196428571429 0.2188293650793651 0.007775297619047619 0.02291005291005291
5 0.6000198412698413 0.2034027777777778 0.006733630952380952 0.019920634920634922
5 0.5958407738095237 0.1871792328042328 0.006433531746031746 0.016534391534391533
5 0.6043501984126983 0.1846924603174603 0.00583829365079365 0.01633267195767196
5 0.49879464285714287 0.19991402116402116 0.006232638888888888 0.019014550264550265
3 0.4971602182539682 0.18858465608465608 0.017105654761904763 0.01662037037037037
3 0.5075570436507937 0.18281415343915344 0.013412698412698413 0.014930555555555555
3 0.5793874007936508 0.17922619047619048 0.015419146825396825 0.013948412698412698
3 0.574109623015873 0.17007605820105817 0.014151785714285716 0.014226190476190477
3 0.6096329365079365 0.17640873015873018 0.012571924603174602 0.016481481481481482
3 0.7120659722222222 0.18952380952380954 0.016359126984126983 0.015446428571428571