3 0.2896825396825397 0.4123677248677249 0.17038690476190477 0.22023809523809523
3 0.3810763888888889 0.09821428571428571 0.10069444444444445 0.07837301587301587
5 0.22544642857142858 0.9155092592592593 0.12425595238095238 0.16898148148148148
5 0.049727182539682536 0.8817791005291006 0.09945436507936507 0.23644179894179895
3 0.6686507936507936 0.20006613756613756 0.08878968253968254 0.11078042328042328
5 0.9139384920634921 0.5067791005291006 0.060515873015873016 0.1974206349206349
3 0.5322420634920635 0.8826058201058201 0.3236607142857143 0.23445767195767195
5 0.6029265873015873 0.5426587301587301 0.05803571428571429 0.2113095238095238
5 0.16009424603174602 0.3103505291005291 0.047867063492063495 0.13425925925925927
5 0.4623015873015873 0.4666005291005291 0.054811507936507936 0.18022486772486773
5 0.5796130952380952 0.3439153439153439 0.04290674603174603 0.14682539682539683
5 0.6281001984126984 0.28191137566137564 0.03943452380952381 0.13095238095238096
5 0.746031746031746 0.10945767195767196 0.027281746031746032 0.083994708994709
5 0.46688988095238093 0.2648809523809524 0.03720238095238095 0.12136243386243387
5 0.503844246031746 0.3330026455026455 0.040674603174603176 0.13690476190476192
5 0.7924107142857143 0.12301587301587301 0.028769841269841268 0.08895502645502645
1 0.2611979166666667 0.4851984126984127 0.02547123015873016 0.01835978835978836
5 0.17485119047619047 0.18981481481481483 0.037450396825396824 0.10284391534391535
3 0.42919146825396826 0.023478835978835978 0.051835317460317464 0.046957671957671955
5 0.6108630952380952 0.08035714285714286 0.021825396825396824 0.07142857142857142
5 0.4914434523809524 0.1259920634920635 0.025793650793650792 0.07539682539682539
5 0.5530753968253969 0.08382936507936507 0.022569444444444444 0.07175925925925926
5 0.6473214285714286 0.052083333333333336 0.0220734126984127 0.06448412698412699
5 0.4826388888888889 0.19212962962962962 0.031001984126984128 0.09358465608465609
5 0.9216269841269841 0.037037037037037035 0.022321428571428572 0.06183862433862434
5 0.2631448412698413 0.1306216931216931 0.03273809523809524 0.08366402116402116
5 0.5212053571428571 0.018187830687830687 0.017361111111111112 0.036375661375661374
5 0.5104166666666666 0.04794973544973545 0.020089285714285716 0.05919312169312169
1 0.6636904761904762 0.22999338624338625 0.015873015873015872 0.011574074074074073
5 0.9148065476190477 0.007605820105820105 0.014632936507936508 0.013888888888888888
4 0.04232390873015873 0.17227843915343916 0.029893353174603173 0.09125992063492064