3 0.2550843253968254 0.35102513227513227 0.15401785714285715 0.17526455026455026
5 0.20188492063492064 0.8589616402116402 0.08779761904761904 0.2751322751322751
5 0.35181051587301587 0.8604497354497355 0.08854166666666667 0.27843915343915343
2 0.38244047619047616 0.1789021164021164 0.12053571428571429 0.1712962962962963
5 0.05009920634920635 0.8501984126984127 0.09846230158730158 0.29563492063492064
3 0.5980902777777778 0.0582010582010582 0.037698412698412696 0.044642857142857144
5 0.4756944444444444 0.3019179894179894 0.0339781746031746 0.10747354497354497
5 0.5638640873015873 0.2509920634920635 0.027281746031746032 0.08994708994708994
5 0.6834077380952381 0.09970238095238096 0.015625 0.0539021164021164
5 0.558655753968254 0.0873015873015873 0.015625 0.04828042328042328
3 0.8366815476190477 0.08250661375661375 0.029265873015873016 0.04728835978835979
5 0.2664930555555556 0.18700396825396826 0.03993055555555555 0.06779100529100529
6 0.5137648809523809 0.09606481481481481 0.051587301587301584 0.07771164021164022
5 0.4976438492063492 0.2013888888888889 0.023313492063492064 0.07473544973544974
5 0.5168650793650794 0.18353174603174602 0.023313492063492064 0.07407407407407407
3 0.8427579365079365 0.016203703703703703 0.024057539682539684 0.02943121693121693
3 0.37537202380952384 0.03042328042328042 0.031994047619047616 0.036044973544973546
5 0.6846478174603174 0.0398478835978836 0.011904761904761904 0.03902116402116402
5 0.5399305555555556 0.03141534391534392 0.011904761904761904 0.034722222222222224
5 0.7155257936507936 0.011904761904761904 0.011656746031746032 0.023809523809523808
5 0.5615079365079365 0.01488095238095238 0.010416666666666666 0.028439153439153438
3 0.5878571428571429 0.03792989417989418 0.028871527777777777 0.031137566137566138
0 0.22028521825396827 0.3983994708994709 0.026361607142857145 0.009533730158730158