3 0.6609623015873016 0.8009259259259259 0.26587301587301587 0.39814814814814814
3 0.3307291666666667 0.6122685185185185 0.20758928571428573 0.26455026455026454
3 0.6875 0.35400132275132273 0.12400793650793651 0.15674603174603174
3 0.05295138888888889 0.3083664021164021 0.10590277777777778 0.148478835978836
3 0.7025049603174603 0.09341931216931217 0.060267857142857144 0.07043650793650794
5 0.14620535714285715 0.4363425925925926 0.057787698412698416 0.16137566137566137
5 0.28509424603174605 0.3201058201058201 0.040426587301587304 0.13657407407407407
5 0.5693204365079365 0.3635912698412698 0.03968253968253968 0.15046296296296297
5 0.5792410714285714 0.21031746031746032 0.029513888888888888 0.09755291005291006
5 0.26252480158730157 0.23082010582010581 0.033482142857142856 0.11044973544973545
5 0.5286458333333334 0.2706679894179894 0.03273809523809524 0.11607142857142858
5 0.47098214285714285 0.2759589947089947 0.03571428571428571 0.11937830687830688
5 0.39856150793650796 0.31216931216931215 0.04513888888888889 0.14351851851851852
5 0.5004960317460317 0.2025462962962963 0.03298611111111111 0.10218253968253968
5 0.43638392857142855 0.20337301587301587 0.02976190476190476 0.10085978835978836
5 0.2802579365079365 0.13508597883597884 0.030257936507936508 0.07506613756613757
5 0.36904761904761907 0.19246031746031747 0.03298611111111111 0.08928571428571429
1 0.2942708333333333 0.7043650793650794 0.031994047619047616 0.022486772486772486
5 0.6195436507936508 0.05952380952380952 0.019593253968253968 0.06283068783068783
5 0.43179563492063494 0.12169312169312169 0.026041666666666668 0.07341269841269842
5 0.5276537698412699 0.10300925925925926 0.021825396825396824 0.06812169312169312
5 0.49950396825396826 0.07705026455026455 0.021825396825396824 0.06382275132275132
5 0.6453373015873016 0.02132936507936508 0.015376984126984126 0.04265873015873016
5 0.3776041666666667 0.2640542328042328 0.03720238095238095 0.11574074074074074
5 0.5545634920634921 0.04117063492063492 0.01711309523809524 0.0582010582010582
5 0.5001240079365079 0.018353174603174604 0.018353174603174604 0.03670634920634921
5 0.576140873015873 0.018353174603174604 0.016121031746031748 0.03670634920634921
5 0.7278025793650794 0.017857142857142856 0.01636904761904762 0.03571428571428571
5 0.4654017857142857 0.17080026455026456 0.026537698412698412 0.08664021164021164
5 0.6008184523809523 0.028108465608465607 0.018105158730158732 0.05423280423280423
5 0.3958333333333333 0.072255291005291 0.0248015873015873 0.06117724867724868
5 0.46862599206349204 0.12632275132275134 0.025297619047619048 0.0667989417989418
0 0.6815476190476191 0.4036044973544973 0.030753968253968252 0.011904761904761904
5 0.37512400793650796 0.07043650793650794 0.02132936507936508 0.051587301587301584