3 0.1437251984126984 0.6507936507936508 0.2140376984126984 0.2371031746031746
3 0.46056547619047616 0.636739417989418 0.1691468253968254 0.22685185185185186
3 0.0642361111111111 0.546957671957672 0.1284722222222222 0.16104497354497355
6 0.5066964285714286 0.3369708994708995 0.1076388888888889 0.16964285714285715
3 0.6891121031746031 0.26537698412698413 0.061507936507936505 0.0710978835978836
2 0.43266369047619047 0.21626984126984128 0.0726686507936508 0.14814814814814814
5 0.7591765873015873 0.4260912698412698 0.03521825396825397 0.10449735449735449
5 0.7599206349206349 0.5259589947089947 0.041914682539682536 0.13855820105820105
3 0.6629464285714286 0.21246693121693122 0.04985119047619048 0.05257936507936508
3 0.9310515873015873 0.16352513227513227 0.03943452380952381 0.03835978835978836
2 0.49528769841269843 0.12483465608465609 0.050347222222222224 0.06613756613756613
6 0.611359126984127 0.16732804232804233 0.047867063492063495 0.08895502645502645
3 0.49516369047619047 0.21031746031746032 0.053075396825396824 0.05555555555555555
3 0.5670882936507936 0.21064814814814814 0.04265873015873016 0.04794973544973545
5 0.34337797619047616 0.5758928571428571 0.054563492063492064 0.16104497354497355
5 0.27914186507936506 0.31216931216931215 0.04092261904761905 0.06746031746031746
5 0.8970734126984127 0.18799603174603174 0.016121031746031748 0.05092592592592592
1 0.09759424603174603 0.7473544973544973 0.026785714285714284 0.01984126984126984
3 0.6879960317460317 0.12781084656084657 0.028273809523809524 0.03009259259259259
3 0.5497271825396826 0.2786044973544973 0.05406746031746032 0.08234126984126984
5 0.7357390873015873 0.21792328042328044 0.019593253968253968 0.056878306878306875
0 0.4382440476190476 0.7164351851851852 0.04117063492063492 0.013888888888888888
5 0.5314980158730159 0.22007275132275134 0.016865079365079364 0.04265873015873016
2 0.8831845238095238 0.08862433862433862 0.027529761904761904 0.041666666666666664
3 0.6463293650793651 0.11789021164021164 0.03149801587301587 0.03571428571428571
4 0.326140873015873 0.25297619047619047 0.01711309523809524 0.05489417989417989
3 0.9406001984126984 0.10400132275132275 0.023065476190476192 0.02513227513227513
5 0.6882217261904762 0.17443121693121694 0.014590773809523809 0.04200727513227513
5 0.28943452380952384 0.2728174603174603 0.03968253968253968 0.05853174603174603
5 0.5426587301587301 0.17807539682539683 0.015873015873015872 0.03902116402116402
5 0.01103670634920635 0.35978835978835977 0.021825396825396824 0.07242063492063493
5 0.36259920634920634 0.2607473544973545 0.032242063492063495 0.056878306878306875
3 0.9507688492063492 0.11987433862433862 0.0220734126984127 0.0291005291005291
5 0.8947172619047619 0.11987433862433862 0.01066468253968254 0.03141534391534392
5 0.5064484126984127 0.23644179894179895 0.020089285714285716 0.037037037037037035
1 0.4968105158730159 0.3943320105820106 0.014702380952380953 0.01025132275132275
5 0.5544394841269841 0.17493386243386244 0.014136904761904762 0.03439153439153439
5 0.9093501984126984 0.15112433862433863 0.015625 0.03406084656084656
5 0.9133184523809523 0.12053571428571429 0.012152777777777778 0.03009259259259259
5 0.3890128968253968 0.22635582010582012 0.018601190476190476 0.054563492063492064
0 0.010044642857142858 0.6030092592592593 0.020089285714285716 0.011574074074074073
2 0.5900520833333334 0.11860780423280423 0.03442212301587302 0.05462632275132275
6 0.6146527777777778 0.09516203703703703 0.03498511904761905 0.05512566137566137
5 0.6384126984126984 0.15665013227513228 0.011411210317460316 0.03591931216931217
5 0.5488938492063492 0.12172619047619049 0.010476190476190477 0.030929232804232806