5 0.7231987847222222 0.44285300925925924 0.0724826388888889 0.25202546296296297
5 0.8664279513888888 0.6182002314814815 0.0876736111111111 0.3020833333333333
5 0.24153645833333334 0.8415798611111112 0.11957465277777778 0.31568287037037035
5 0.5413411458333334 0.6588541666666666 0.10112847222222222 0.31828703703703703
5 0.23307291666666666 0.23524305555555555 0.05685763888888889 0.18663194444444445
5 0.5851779513888888 0.2942708333333333 0.06163194444444445 0.19502314814814814
3 0.4930555555555556 0.049623842592592594 0.12434895833333333 0.09895833333333333
5 0.5164930555555556 0.42679398148148145 0.07291666666666667 0.23177083333333334
5 0.4895833333333333 0.20992476851851852 0.05881076388888889 0.17997685185185186
5 0.09526909722222222 0.07566550925925926 0.045572916666666664 0.14438657407407407
5 0.3823784722222222 0.1361400462962963 0.04991319444444445 0.1623263888888889
5 0.1472439236111111 0.0630787037037037 0.04210069444444445 0.1261574074074074
5 0.9765625 0.38136574074074076 0.04665798611111111 0.24016203703703703
5 0.6329210069444444 0.048032407407407406 0.04275173611111111 0.09606481481481481
1 0.2670355902777778 0.013744212962962963 0.018880208333333332 0.013310185185185185
1 0.5101996527777778 0.0658275462962963 0.020616319444444444 0.016203703703703703