3 0.20672123015873015 0.6031746031746031 0.15922619047619047 0.19808201058201058
5 0.8814484126984127 0.8746693121693122 0.07862103174603174 0.2447089947089947
5 0.4461805555555556 0.8326719576719577 0.07663690476190477 0.22850529100529102
3 0.11979166666666667 0.937334656084656 0.23958333333333334 0.12533068783068782
3 0.880828373015873 0.2478505291005291 0.051587301587301584 0.05357142857142857
6 0.5679563492063492 0.31630291005291006 0.07192460317460317 0.1345899470899471
5 0.9162946428571429 0.6258267195767195 0.05357142857142857 0.17195767195767195
2 0.47470238095238093 0.2099867724867725 0.056299603174603176 0.09358465608465609
5 0.4086061507936508 0.40492724867724866 0.03050595238095238 0.09259259259259259
3 0.5580357142857143 0.17179232804232805 0.028273809523809524 0.02943121693121693
5 0.2863343253968254 0.3116732804232804 0.034970238095238096 0.057539682539682536
3 0.6010664682539683 0.14864417989417988 0.0248015873015873 0.02943121693121693
3 0.5679563492063492 0.20122354497354497 0.029513888888888888 0.03571428571428571
5 0.28125 0.43270502645502645 0.040674603174603176 0.10482804232804233
3 0.8363095238095238 0.20982142857142858 0.037698412698412696 0.03802910052910053
5 0.34412202380952384 0.33118386243386244 0.021577380952380952 0.06514550264550265
3 0.5782490079365079 0.2488425925925926 0.044890873015873016 0.04828042328042328
5 0.03757440476190476 0.4799933862433862 0.07514880952380952 0.09093915343915344
5 0.6604662698412699 0.23511904761904762 0.018601190476190476 0.05291005291005291
5 0.3784722222222222 0.34540343915343913 0.023809523809523808 0.06514550264550265
5 0.5406746031746031 0.2078373015873016 0.014384920634920634 0.040674603174603176
5 0.6476934523809523 0.20171957671957672 0.013640873015873016 0.03802910052910053
5 0.8943452380952381 0.19229497354497355 0.012648809523809524 0.03736772486772487
5 0.8334945436507937 0.25945767195767194 0.018973214285714284 0.05456679894179894
5 0.39446924603174605 0.24520502645502645 0.015873015873015872 0.047619047619047616
0 0.1803621031746032 0.6715972222222223 0.03665178571428571 0.010618386243386244
3 0.49888392857142855 0.14649470899470898 0.0248015873015873 0.027116402116402115
5 0.3766691468253968 0.2653637566137566 0.020225694444444445 0.03507936507936508
5 0.6112351190476191 0.19014550264550265 0.013640873015873016 0.03670634920634921
6 0.8309275793650794 0.16375661375661374 0.0428968253968254 0.052496693121693125
5 0.3816889880952381 0.31948082010582013 0.03423115079365079 0.06564814814814815
4 0.3098983134920635 0.2534325396825397 0.012534722222222221 0.04789351851851852
4 0.34871775793650794 0.2600429894179894 0.013469742063492064 0.047142857142857146
5 0.8694196428571429 0.17384589947089948 0.011619543650793651 0.03125330687830688
5 0.823234126984127 0.24956018518518516 0.015183531746031745 0.044060846560846564
5 0.834501488095238 0.21728174603174602 0.014069940476190475 0.04197089947089947
3 0.5141790674603175 0.14134589947089948 0.017234623015873016 0.02136574074074074
3 0.557016369047619 0.1284722222222222 0.017606646825396824 0.01908068783068783
3 0.6168799603174604 0.12386243386243387 0.01673611111111111 0.016240079365079364