3 0.65625 0.7556216931216931 0.1708829365079365 0.29993386243386244
3 0.4775545634920635 0.7243716931216931 0.1396329365079365 0.230489417989418
3 0.16852678571428573 0.8526785714285714 0.2316468253968254 0.29464285714285715
3 0.6555059523809523 0.509755291005291 0.11681547619047619 0.16104497354497355
3 0.47470238095238093 0.5299272486772487 0.09970238095238096 0.1335978835978836
3 0.3108878968253968 0.46296296296296297 0.11755952380952381 0.13822751322751323
3 0.6273561507936508 0.4009589947089947 0.06101190476190476 0.07903439153439154
5 0.07738095238095238 0.7111441798941799 0.06101190476190476 0.1636904761904762
3 0.478546626984127 0.3192791005291005 0.051587301587301584 0.06779100529100529
3 0.552703373015873 0.320271164021164 0.051835317460317464 0.0701058201058201
3 0.9676339285714286 0.3644179894179894 0.06473214285714286 0.07473544973544974
5 0.8422619047619048 0.3318452380952381 0.0220734126984127 0.059854497354497355
5 0.5456349206349206 0.4226190476190476 0.02703373015873016 0.08432539682539683
5 0.7710813492063492 0.544808201058201 0.04389880952380952 0.1164021164021164
3 0.6028025793650794 0.2690145502645503 0.036458333333333336 0.04133597883597884
1 0.6538938492063492 0.8713624338624338 0.029513888888888888 0.01984126984126984
5 0.7403273809523809 0.49289021164021163 0.03546626984126984 0.10317460317460317
3 0.7326388888888888 0.24735449735449735 0.03149801587301587 0.034722222222222224
5 0.09102182539682539 0.5304232804232805 0.05803571428571429 0.11507936507936507
5 0.15252976190476192 0.5105820105820106 0.043402777777777776 0.10813492063492064
5 0.31547619047619047 0.34077380952380953 0.019345238095238096 0.05357142857142857
5 0.41418650793650796 0.396494708994709 0.025049603174603176 0.07308201058201058
5 0.39620535714285715 0.3654100529100529 0.020337301587301588 0.06415343915343916
3 0.4884672619047619 0.2724867724867725 0.038938492063492064 0.040674603174603176
5 0.3705357142857143 0.35300925925925924 0.021577380952380952 0.0582010582010582
3 0.474578373015873 0.25281084656084657 0.030753968253968252 0.03968253968253968
3 0.5124007936507936 0.24024470899470898 0.027281746031746032 0.03273809523809524
5 0.4236111111111111 0.26256613756613756 0.014632936507936508 0.03902116402116402
5 0.3404017857142857 0.3642526455026455 0.023561507936507936 0.062169312169312166
5 0.44221230158730157 0.26157407407407407 0.01488095238095238 0.04034391534391534
3 0.5208333333333334 0.21808862433862433 0.02554563492063492 0.031084656084656083
5 0.7126736111111112 0.4330357142857143 0.02703373015873016 0.07671957671957672
1 0.4673859126984127 0.8113425925925926 0.025049603174603176 0.016534391534391533
1 0.6618303571428571 0.5615079365079365 0.019097222222222224 0.011904761904761904
1 0.11433531746031746 0.9945436507936508 0.031746031746031744 0.01025132275132275
5 0.7232142857142857 0.4573412698412698 0.031001984126984128 0.08167989417989419
5 0.6346726190476191 0.2789351851851852 0.018353174603174604 0.045304232804232805
0 0.4662574404761905 0.5765178571428572 0.023809523809523808 0.008892195767195767
5 0.3810763888888889 0.3318452380952381 0.018601190476190476 0.04861111111111111
5 0.9549851190476191 0.25033068783068785 0.01711309523809524 0.037037037037037035
5 0.3394097222222222 0.3488756613756614 0.022321428571428572 0.05720899470899471
1 0.28432539682539687 0.49993055555555554 0.01463045634920635 0.010591931216931217
6 0.5500248015873015 0.25443783068783066 0.03459077380952381 0.06157407407407407
3 0.5939310515873016 0.24212632275132276 0.028504464285714286 0.03328042328042328
3 0.5552281746031745 0.21894179894179897 0.018678075396825398 0.017824074074074072
3 0.5844022817460317 0.22470568783068784 0.018484623015873017 0.02620701058201058
3 0.5613194444444444 0.20820436507936507 0.021822916666666664 0.023584656084656083
3 0.48823908730158727 0.23060185185185186 0.02967261904761905 0.03275462962962963
3 0.44521577380952376 0.2294212962962963 0.025347222222222222 0.028829365079365083
3 0.5476438492063492 0.19127645502645502 0.014918154761904761 0.017123015873015873
3 0.5704191468253967 0.19256283068783067 0.01685267857142857 0.01749338624338624
3 0.5029935515873015 0.18759589947089947 0.0178125 0.017123015873015873
5 0.4937450396825397 0.19827050264550267 0.00759672619047619 0.0211739417989418
5 0.5101016865079365 0.26231481481481483 0.011324404761904761 0.034067460317460316
5 0.616515376984127 0.25504629629629627 0.010498511904761905 0.03314484126984127
5 0.6071974206349205 0.2315806878306878 0.008427579365079364 0.025228174603174607
3 0.5946378968253968 0.2073776455026455 0.02001984126984127 0.02540674603174603
6 0.5898759920634921 0.1718650793650794 0.022643849206349206 0.035347222222222224
4 0.6183134920634921 0.22663029100529103 0.006068948412698412 0.028111772486772487
4 0.6177529761904762 0.20785383597883597 0.006254960317460317 0.02164351851851852
5 0.532780257936508 0.18822751322751324 0.005632440476190477 0.018584656084656086
5 0.5202331349206349 0.18977513227513226 0.005543154761904762 0.01810846560846561
5 0.41579365079365077 0.2310978835978836 0.009875992063492064 0.027903439153439152
4 0.22280257936507938 0.3465806878306878 0.014980158730158729 0.051739417989417995
4 0.2464484126984127 0.3340740740740741 0.015927579365079363 0.054467592592592595