3 0.1519097222222222 0.7394179894179894 0.1728670634920635 0.19874338624338625
5 0.38876488095238093 0.7716600529100529 0.06001984126984127 0.19014550264550265
3 0.1884920634920635 0.9118716931216931 0.28943452380952384 0.17625661375661375
5 0.7992311507936508 0.843915343915344 0.06101190476190476 0.21461640211640212
3 0.23449900793650794 0.3768187830687831 0.09027777777777778 0.103505291005291
5 0.5231894841269841 0.5143849206349206 0.034970238095238096 0.12136243386243387
5 0.6106150793650794 0.5691137566137566 0.046130952380952384 0.1402116402116402
5 0.4202628968253968 0.509755291005291 0.036458333333333336 0.11805555555555555
5 0.4495287698412698 0.4538690476190476 0.03273809523809524 0.10052910052910052
5 0.6087549603174603 0.45419973544973546 0.03125 0.09722222222222222
5 0.8330853174603174 0.9375 0.06944444444444445 0.125
3 0.9293154761904762 0.34441137566137564 0.04241071428571429 0.08465608465608465
3 0.7082093253968254 0.2025462962962963 0.038938492063492064 0.04133597883597884
3 0.6789434523809523 0.2566137566137566 0.04241071428571429 0.04563492063492063
5 0.3975694444444444 0.42394179894179895 0.026041666666666668 0.09060846560846561
5 0.3607390873015873 0.45353835978835977 0.029017857142857144 0.0992063492063492
5 0.32490079365079366 0.4212962962962963 0.027777777777777776 0.08928571428571429
5 0.6408730158730159 0.31398809523809523 0.022569444444444444 0.06382275132275132
5 0.7158978174603174 0.3802910052910053 0.029513888888888888 0.0796957671957672
5 0.7058531746031746 0.42658730158730157 0.026537698412698412 0.09193121693121693
5 0.5151289682539683 0.31117724867724866 0.0220734126984127 0.06415343915343916
5 0.3013392857142857 0.38210978835978837 0.02703373015873016 0.08035714285714286
5 0.5319940476190477 0.26240079365079366 0.018105158730158732 0.05257936507936508
5 0.5598958333333334 0.27033730158730157 0.018601190476190476 0.05720899470899471
5 0.7385912698412699 0.24322089947089948 0.017857142857142856 0.049933862433862435
3 0.21453373015873015 0.2561177248677249 0.05257936507936508 0.05357142857142857
5 0.5807291666666666 0.32407407407407407 0.021081349206349208 0.06779100529100529
5 0.3766121031746032 0.31415343915343913 0.019097222222222224 0.06547619047619048
5 0.40910218253968256 0.31216931216931215 0.022321428571428572 0.06712962962962964
5 0.5119047619047619 0.2526455026455027 0.017857142857142856 0.050595238095238096
5 0.7166418650793651 0.2865410052910053 0.01636904761904762 0.05853174603174603
5 0.4626736111111111 0.32919973544973546 0.02132936507936508 0.07242063492063493
5 0.44828869047619047 0.30092592592592593 0.019593253968253968 0.06183862433862434
5 0.6034226190476191 0.21941137566137567 0.01488095238095238 0.045304232804232805
5 0.3939732142857143 0.2918320105820106 0.019345238095238096 0.05886243386243386
5 0.6545138888888888 0.23792989417989419 0.015873015873015872 0.04861111111111111
5 0.6362847222222222 0.1960978835978836 0.012152777777777778 0.03869047619047619
5 0.47172619047619047 0.2804232804232804 0.019593253968253968 0.05555555555555555
5 0.5613839285714286 0.22552910052910052 0.015376984126984126 0.04728835978835979
3 0.9296875 0.2610780423280423 0.038938492063492064 0.06084656084656084
5 0.030381944444444444 0.35730820105820105 0.06076388888888889 0.06646825396825397
5 0.5768849206349206 0.20816798941798942 0.013888888888888888 0.041005291005291
5 0.658234126984127 0.195271164021164 0.014632936507936508 0.03505291005291005
5 0.5811011904761905 0.28687169312169314 0.01984126984126984 0.04298941798941799
0 0.12870287698412697 0.799781746031746 0.038938492063492064 0.01328373015873016