3 0.6238839285714286 0.41203703703703703 0.17906746031746032 0.2916666666666667
3 0.27306547619047616 0.16087962962962962 0.11929563492063493 0.1388888888888889
2 0.4443204365079365 0.07473544973544974 0.15104166666666666 0.14947089947089948
5 0.38256448412698413 0.5472883597883598 0.0662202380952381 0.22486772486772486
3 0.5735367063492064 0.21263227513227514 0.11334325396825397 0.1359126984126984
5 0.16046626984126985 0.613260582010582 0.0716765873015873 0.25165343915343913
3 0.3470982142857143 0.06068121693121693 0.05133928571428571 0.08333333333333333
5 0.8463541666666666 0.3662367724867725 0.050347222222222224 0.17063492063492064
5 0.8461061507936508 0.17906746031746032 0.044890873015873016 0.12003968253968254
5 0.5246775793650794 0.15228174603174602 0.035962301587301584 0.11408730158730158
5 0.5496031746031746 0.0205026455026455 0.018601190476190476 0.041005291005291
5 0.3060515873015873 0.04034391534391534 0.03943452380952381 0.06746031746031746
0 0.6118030753968254 0.5080059523809524 0.04428819444444444 0.015023148148148148
5 0.05555555555555555 0.09424603174603174 0.06646825396825397 0.08961640211640212
0 0.5623115079365079 0.2525529100529101 0.027251984126984125 0.010582010582010581
4 0.018229166666666668 0.0539021164021164 0.026041666666666668 0.08697089947089948