6 0.37537202380952384 0.5066137566137566 0.27380952380952384 0.48478835978835977
3 0.5011160714285714 0.04050925925925926 0.07762896825396826 0.08101851851851852
3 0.3213045634920635 0.2283399470899471 0.1195436507936508 0.1722883597883598
5 0.5235615079365079 0.22999338624338625 0.043154761904761904 0.13392857142857142
5 0.642609126984127 0.8343253968253969 0.12078373015873016 0.31977513227513227
3 0.12723214285714285 0.1572420634920635 0.08382936507936507 0.1207010582010582
0 0.34337797619047616 0.7202380952380952 0.04985119047619048 0.017195767195767195
1 0.5016121031746031 0.0582010582010582 0.01314484126984127 0.00958994708994709
1 0.3193204365079365 0.2857142857142857 0.020337301587301588 0.014219576719576719
1 0.12239583333333333 0.19258267195767195 0.018105158730158732 0.013806216931216931
4 0.10111111111111111 0.2631779100529101 0.029995039682539682 0.08385582010582011