3 0.4678819444444444 0.8266782407407407 0.2612847222222222 0.3463541666666667
3 0.5323350694444444 0.4952256944444444 0.25390625 0.2881944444444444
3 0.7097439236111112 0.3519965277777778 0.2615017361111111 0.24305555555555555
2 0.12174479166666667 0.16087962962962962 0.2052951388888889 0.29658564814814814
5 0.13736979166666666 0.8339120370370371 0.10221354166666667 0.3307291666666667
6 0.4717881944444444 0.11921296296296297 0.2610677083333333 0.23813657407407407
5 0.6241319444444444 0.08912037037037036 0.045355902777777776 0.12123842592592593
5 0.25583767361111115 0.16695601851851852 0.050303819444444446 0.14930555555555555
1 0.5754123263888888 0.5843460648148148 0.033854166666666664 0.024305555555555556
1 0.7810525173611111 0.43160879629629634 0.027148437499999997 0.019918981481481482
0 0.4692925347222222 0.9800347222222222 0.06987847222222222 0.024305555555555556
1 0.15342881944444445 0.26591435185185186 0.023871527777777776 0.016493055555555556
1 0.5319618055555556 0.1993923611111111 0.02047309027777778 0.014502314814814813