6 0.5848214285714286 0.4409722222222222 0.267609126984127 0.5472883597883598
3 0.4167906746031746 0.26769179894179895 0.09350198412698413 0.12797619047619047
3 0.25186011904761907 0.15906084656084657 0.07142857142857142 0.09226190476190477
3 0.4652777777777778 0.13839285714285715 0.06572420634920635 0.08796296296296297
3 0.3678075396825397 0.14417989417989419 0.0642361111111111 0.07738095238095238
3 0.8781001984126984 0.12466931216931217 0.07242063492063493 0.06481481481481481
5 0.1661706349206349 0.15261243386243387 0.038938492063492064 0.07374338624338625
5 0.1440972222222222 0.2488425925925926 0.032242063492063495 0.10218253968253968
5 0.45870535714285715 0.049107142857142856 0.017361111111111112 0.05092592592592592
5 0.8878968253968254 0.19444444444444445 0.031746031746031744 0.0873015873015873
5 0.9366319444444444 0.15046296296296297 0.028769841269841268 0.07208994708994709
5 0.5513392857142857 0.10863095238095238 0.020833333333333332 0.06580687830687831
5 0.3306051587301587 0.18915343915343916 0.03149801587301587 0.08994708994708994
3 0.9795386904761905 0.07407407407407407 0.04092261904761905 0.05257936507936508
5 0.2931547619047619 0.18154761904761904 0.02703373015873016 0.083994708994709
3 0.7116815476190477 0.023809523809523808 0.044642857142857144 0.041005291005291
5 0.33134920634920634 0.03406084656084656 0.014632936507936508 0.04563492063492063
1 0.5812251984126984 0.6731150793650794 0.03149801587301587 0.021825396825396824
5 0.4993799603174603 0.043154761904761904 0.016121031746031748 0.05026455026455026
5 0.7261904761904762 0.10912698412698413 0.018601190476190476 0.06448412698412699
5 0.6842757936507936 0.072255291005291 0.019593253968253968 0.05257936507936508
5 0.9582093253968254 0.09854497354497355 0.023809523809523808 0.06018518518518518
5 0.5318700396825397 0.03670634920634921 0.015873015873015872 0.05092592592592592
1 0.4130828373015873 0.3053505291005291 0.01679315476190476 0.012503306878306879
5 0.7162698412698413 0.07473544973544974 0.018105158730158732 0.051587301587301584
5 0.8995535714285714 0.15112433862433863 0.029017857142857144 0.07142857142857142
5 0.9110863095238095 0.0689484126984127 0.021577380952380952 0.05423280423280423
5 0.7016369047619048 0.06001984126984127 0.018353174603174604 0.04794973544973545
4 0.23937251984126984 0.04774140211640212 0.014146825396825397 0.04645502645502645
5 0.26512896825396826 0.04794973544973545 0.022569444444444444 0.047619047619047616
3 0.6592261904761905 0.022321428571428572 0.0220734126984127 0.044642857142857144
4 0.20429067460317463 0.0413723544973545 0.012666170634920634 0.04378637566137566
5 0.9444444444444444 0.03422619047619048 0.02058531746031746 0.03869047619047619
5 0.005704365079365079 0.12896825396825398 0.011408730158730158 0.05787037037037037