3 0.6717509920634921 0.625 0.13665674603174602 0.22255291005291006
2 0.4306795634920635 0.45453042328042326 0.19990079365079366 0.3488756613756614
5 0.08903769841269842 0.8667328042328042 0.0900297619047619 0.22354497354497355
5 0.9098462301587301 0.7529761904761905 0.0625 0.18915343915343916
5 0.17435515873015872 0.7359457671957672 0.06001984126984127 0.18816137566137567
3 0.6640625 0.45105820105820105 0.08606150793650794 0.10945767195767196
5 0.02765376984126984 0.7562830687830688 0.05505952380952381 0.18353174603174602
2 0.376984126984127 0.3272156084656085 0.12648809523809523 0.164021164021164
3 0.6130952380952381 0.33035714285714285 0.057539682539682536 0.07142857142857142
3 0.08097718253968254 0.5486111111111112 0.1371527777777778 0.1359126984126984
5 0.11817956349206349 0.6957671957671958 0.056051587301587304 0.16203703703703703
3 0.5534474206349206 0.24388227513227514 0.037698412698412696 0.044642857142857144
5 0.7802579365079365 0.5004960317460317 0.03819444444444445 0.11772486772486772
5 0.061135912698412696 0.6159060846560847 0.050595238095238096 0.1388888888888889
3 0.7759176587301587 0.2564484126984127 0.031001984126984128 0.045304232804232805
5 0.7361111111111112 0.4459325396825397 0.029265873015873016 0.09656084656084656
5 0.2234623015873016 0.59375 0.04662698412698413 0.13657407407407407
3 0.6101190476190477 0.27380952380952384 0.04092261904761905 0.047619047619047616
5 0.255828373015873 0.4332010582010582 0.02703373015873016 0.09060846560846561
3 0.5943700396825397 0.22255291005291006 0.027777777777777776 0.0333994708994709
5 0.5913938492063492 0.4677579365079365 0.033234126984126984 0.1078042328042328
5 0.5673363095238095 0.298776455026455 0.018353174603174604 0.05092592592592592
5 0.14546130952380953 0.5639880952380952 0.042162698412698416 0.12136243386243387
5 0.9887152777777778 0.4054232804232804 0.022569444444444444 0.09093915343915344
3 0.503844246031746 0.2743055555555556 0.04513888888888889 0.0496031746031746
5 0.5718005952380952 0.4234457671957672 0.027281746031746032 0.08002645502645503
5 0.683655753968254 0.3492063492063492 0.021577380952380952 0.0710978835978836
5 0.5625 0.3738425925925926 0.028273809523809524 0.07341269841269842
5 0.9906994047619048 0.25595238095238093 0.017857142857142856 0.04563492063492063
3 0.5467509920634921 0.21577380952380953 0.030257936507936508 0.03571428571428571
1 0.41555059523809523 0.6099537037037037 0.020337301587301588 0.014219576719576719
0 0.677703373015873 0.7063492063492064 0.0339781746031746 0.012235449735449735
5 0.4487847222222222 0.2412367724867725 0.013392857142857142 0.03935185185185185
3 0.8097718253968254 0.20717592592592593 0.030009920634920636 0.031084656084656083
5 0.6584821428571429 0.2822420634920635 0.018353174603174604 0.05489417989417989
5 0.9937996031746031 0.30009920634920634 0.01240079365079365 0.05853174603174603
3 0.7868303571428571 0.18981481481481483 0.022817460317460316 0.026785714285714284
5 0.9639136904761905 0.36061507936507936 0.019345238095238096 0.07903439153439154
4 0.26587301587301587 0.33349867724867727 0.015625 0.05720899470899471
5 0.9650297619047619 0.25793650793650796 0.016121031746031748 0.047619047619047616
5 0.2926587301587302 0.29398148148148145 0.029017857142857144 0.04728835978835979
2 0.578422619047619 0.1739814814814815 0.025518353174603176 0.036101190476190474
5 0.4946676587301587 0.20419973544973544 0.012896825396825396 0.03571428571428571
3 0.7699652777777778 0.20304232804232805 0.019097222222222224 0.03736772486772487
1 0.6674107142857143 0.48197751322751325 0.015873015873015872 0.011904761904761904
5 0.6189236111111112 0.23627645502645503 0.01488095238095238 0.034722222222222224
5 0.7971230158730159 0.22007275132275134 0.015376984126984126 0.041666666666666664
5 0.9661458333333334 0.3055555555555556 0.01984126984126984 0.05720899470899471
5 0.6267361111111112 0.22007275132275134 0.012648809523809524 0.03505291005291005
5 0.04625496031746032 0.3912037037037037 0.036458333333333336 0.06183862433862434
5 0.4713244047619048 0.24304232804232806 0.02523809523809524 0.04963293650793651
1 0.9673859126984127 0.3759920634920635 0.009424603174603174 0.009259259259259259
5 0.474937996031746 0.26423941798941797 0.013152281746031747 0.03804563492063492
5 0.35156994047619045 0.25930555555555557 0.029171626984126984 0.02503637566137566
3 0.8262673611111112 0.3173743386243386 0.02240327380952381 0.06281415343915343
3 0.8257738095238095 0.2756415343915344 0.023390376984126986 0.03733796296296296
5 0.8238144841269841 0.2001388888888889 0.009372519841269841 0.028812830687830686
5 0.8275892857142858 0.19059193121693122 0.009112103174603176 0.02499669312169312
5 0.8035069444444444 0.17531746031746032 0.008330853174603175 0.024302248677248676
3 0.8321453373015874 0.17375330687830687 0.01406001984126984 0.0246494708994709
3 0.8261582341269842 0.16299272486772487 0.01718501984126984 0.019093915343915344
3 0.8189980158730158 0.15222883597883596 0.01744543650793651 0.019093915343915344
5 0.5747147817460317 0.20022156084656084 0.008834325396825396 0.0279728835978836
5 0.6150173611111112 0.2064781746031746 0.01048859126984127 0.029444444444444447
5 0.6143253968253969 0.1886276455026455 0.01021329365079365 0.025396825396825397
3 0.5556671626984127 0.19451719576719578 0.028157242063492065 0.03128306878306878
5 0.5235094246031746 0.18549933862433865 0.00855654761904762 0.02650132275132275
5 0.5351016865079365 0.1814517195767196 0.009109623015873015 0.02502645502645503
3 0.4822420634920635 0.17960978835978836 0.023740079365079363 0.022083333333333333
3 0.49728670634920635 0.17243386243386244 0.017390873015873016 0.01876984126984127
3 0.6008010912698413 0.16746362433862436 0.01849454365079365 0.01914021164021164