3 0.5466269841269841 0.798776455026455 0.1922123015873016 0.29298941798941797
3 0.12834821428571427 0.3220899470899471 0.13120039682539683 0.12731481481481483
3 0.2585565476190476 0.4037698412698413 0.1259920634920635 0.13392857142857142
5 0.8582589285714286 0.783068783068783 0.06919642857142858 0.24338624338624337
6 0.4513888888888889 0.27199074074074076 0.10119047619047619 0.15674603174603174
5 0.5880456349206349 0.5874669312169312 0.05828373015873016 0.1498015873015873
6 0.505828373015873 0.19990079365079366 0.06994047619047619 0.11706349206349206
5 0.7590525793650794 0.5770502645502645 0.048859126984126984 0.167989417989418
5 0.6481894841269841 0.3412698412698413 0.03546626984126984 0.10747354497354497
3 0.5933779761904762 0.16468253968253968 0.04985119047619048 0.06018518518518518
5 0.7342509920634921 0.3956679894179894 0.036458333333333336 0.11474867724867725
3 0.3844246031746032 0.26008597883597884 0.06820436507936507 0.10185185185185185
3 0.597718253968254 0.11292989417989419 0.03943452380952381 0.040674603174603176
5 0.5958581349206349 0.3020833333333333 0.03050595238095238 0.09358465608465609
5 0.3317212301587302 0.3445767195767196 0.034722222222222224 0.10747354497354497
5 0.29650297619047616 0.2757936507936508 0.029265873015873016 0.08564814814814815
1 0.5331101190476191 0.906084656084656 0.035962301587301584 0.0248015873015873
5 0.6645585317460317 0.19593253968253968 0.021577380952380952 0.06746031746031746
5 0.7113095238095238 0.16005291005291006 0.019593253968253968 0.05555555555555555
3 0.7139136904761905 0.06431878306878307 0.027281746031746032 0.02943121693121693
5 0.6285962301587301 0.12268518518518519 0.015128968253968254 0.04497354497354497
2 0.3790922619047619 0.5348875661375662 0.1922123015873016 0.32671957671957674
5 0.5344742063492064 0.11061507936507936 0.013640873015873016 0.04332010582010582
5 0.37996031746031744 0.18584656084656084 0.020833333333333332 0.0539021164021164
5 0.43266369047619047 0.13045634920634921 0.016121031746031748 0.04861111111111111
1 0.35280257936507936 0.6683201058201058 0.02554563492063492 0.017195767195767195
5 0.341765873015873 0.24272486772486773 0.024305555555555556 0.07473544973544974
5 0.8686755952380952 0.13955026455026456 0.015873015873015872 0.04728835978835979
1 0.23387896825396826 0.44130291005291006 0.017857142857142856 0.014219576719576719
5 0.5055803571428571 0.12037037037037036 0.013392857142857142 0.04431216931216931
5 0.6719990079365079 0.09556878306878307 0.01314484126984127 0.040013227513227514
0 0.09871031746031746 0.359292328042328 0.022817460317460316 0.00958994708994709
3 0.6876240079365079 0.05109126984126984 0.023065476190476192 0.026785714285714284
5 0.41703869047619047 0.18981481481481483 0.022817460317460316 0.050595238095238096
5 0.3586309523809524 0.21709656084656084 0.020089285714285716 0.06415343915343916
5 0.4660218253968254 0.09292328042328042 0.014384920634920634 0.03935185185185185
5 0.4775545634920635 0.12516534391534392 0.014632936507936508 0.0248015873015873
1 0.3819444444444444 0.27728174603174605 0.011656746031746032 0.010582010582010581
0 0.4382440476190476 0.32671957671957674 0.019593253968253968 0.007936507936507936
4 0.3241989087301588 0.20385582010582012 0.016666666666666666 0.05542328042328042