3 0.783234126984127 0.4224537037037037 0.13839285714285715 0.19345238095238096
2 0.41889880952380953 0.2791005291005291 0.22916666666666666 0.2794312169312169
5 0.49007936507936506 0.6076388888888888 0.07068452380952381 0.20403439153439154
5 0.29637896825396826 0.5831679894179894 0.05927579365079365 0.21362433862433863
5 0.057787698412698416 0.558531746031746 0.06820436507936507 0.18452380952380953
5 0.384796626984127 0.7020502645502645 0.06770833333333333 0.22883597883597884
5 0.1527777777777778 0.46412037037037035 0.05654761904761905 0.16335978835978837
5 0.6071428571428571 0.4849537037037037 0.05009920634920635 0.16302910052910052
5 0.7689732142857143 0.12665343915343916 0.023065476190476192 0.06878306878306878
5 0.5863095238095238 0.2561177248677249 0.03521825396825397 0.0992063492063492
5 0.652281746031746 0.21246693121693122 0.028521825396825396 0.09027777777777778
3 0.2330109126984127 0.23296957671957672 0.12003968253968254 0.11937830687830688
5 0.7390873015873016 0.11755952380952381 0.019593253968253968 0.062169312169312166
5 0.5313740079365079 0.08002645502645503 0.018353174603174604 0.05092592592592592
5 0.660218253968254 0.1359126984126984 0.0248015873015873 0.06977513227513228
1 0.3783482142857143 0.40906084656084657 0.019593253968253968 0.013558201058201057
5 0.25037202380952384 0.34226190476190477 0.039186507936507936 0.12731481481481483
5 0.6817956349206349 0.05638227513227513 0.01636904761904762 0.04794973544973545
5 0.47185019841269843 0.10482804232804233 0.02058531746031746 0.061507936507936505
5 0.5626240079365079 0.1087962962962963 0.019593253968253968 0.06316137566137567
5 0.7709573412698413 0.056216931216931214 0.016617063492063492 0.04662698412698413
5 0.5858134920634921 0.17046957671957672 0.02628968253968254 0.07275132275132275
5 0.6078869047619048 0.15459656084656084 0.022569444444444444 0.07308201058201058
5 0.3943452380952381 0.13293650793650794 0.020833333333333332 0.05853174603174603
5 0.5958581349206349 0.0689484126984127 0.01711309523809524 0.05257936507936508
5 0.44233630952380953 0.11193783068783068 0.018601190476190476 0.05952380952380952
0 0.7847222222222222 0.48726851851851855 0.03546626984126984 0.012566137566137565
5 0.5734126984126984 0.031084656084656083 0.01488095238095238 0.04034391534391534
3 0.4461805555555556 0.011739417989417989 0.03249007936507937 0.023478835978835978
5 0.7061011904761905 0.01240079365079365 0.011408730158730158 0.0248015873015873
4 0.28856646825396826 0.17278439153439154 0.019345238095238096 0.06812169312169312
5 0.6006944444444444 0.2134589947089947 0.026785714285714284 0.08300264550264551
5 0.6112351190476191 0.03786375661375661 0.015128968253968254 0.044642857142857144
5 0.42497519841269843 0.12053571428571429 0.020833333333333332 0.05919312169312169
5 0.5890376984126984 0.017361111111111112 0.013392857142857142 0.03373015873015873
5 0.925719246031746 0.03406084656084656 0.013888888888888888 0.044642857142857144
5 0.5608878968253969 0.056051587301587304 0.019097222222222224 0.05092592592592592
5 0.6376488095238095 0.03670634920634921 0.013392857142857142 0.041666666666666664
5 0.0804811507936508 0.179728835978836 0.028521825396825396 0.04497354497354497
5 0.6011904761904762 0.1023478835978836 0.018601190476190476 0.055224867724867725
5 0.6088789682539683 0.01455026455026455 0.012648809523809524 0.027116402116402115
0 0.20600446428571428 0.2692890211640212 0.020337301587301588 0.007741402116402117