3 0.6319444444444444 0.18995949074074073 0.13151041666666666 0.15422453703703703
5 0.7994791666666666 0.6018518518518519 0.0859375 0.2554976851851852
5 0.08561197916666667 0.7132523148148148 0.09461805555555555 0.2829861111111111
5 0.2394748263888889 0.8383969907407407 0.123046875 0.32320601851851855
5 0.08658854166666667 0.4813368055555556 0.07356770833333333 0.21585648148148148
5 0.8131510416666666 0.28935185185185186 0.053168402777777776 0.17332175925925927
5 0.3206380208333333 0.24797453703703703 0.05360243055555555 0.1634837962962963
5 0.2494574652777778 0.6290509259259259 0.080078125 0.21846064814814814
3 0.19694010416666666 0.032552083333333336 0.10503472222222222 0.06510416666666667
5 0.3628472222222222 0.46108217592592593 0.0646701388888889 0.22424768518518517
5 0.318359375 0.5844907407407407 0.0703125 0.2517361111111111
5 0.4982638888888889 0.09056712962962964 0.04861111111111111 0.1189236111111111
5 0.1480034722222222 0.09114583333333333 0.038628472222222224 0.12152777777777778
5 0.4032118055555556 0.10257523148148148 0.042534722222222224 0.13252314814814814
5 0.025607638888888888 0.09953703703703703 0.040581597222222224 0.12731481481481483
5 0.3330078125 0.04615162037037037 0.03624131944444445 0.0920138888888889
5 0.053059895833333336 0.14916087962962962 0.04275173611111111 0.13744212962962962
5 0.2900390625 0.02141203703703704 0.030815972222222224 0.04282407407407408
5 0.4340277777777778 0.016637731481481483 0.031684027777777776 0.033275462962962965
5 0.0146484375 0.01750578703703704 0.029079861111111112 0.03501157407407408
1 0.6447526041666667 0.23322337962962963 0.021929253472222222 0.01563946759259259
0 0.20671006944444445 0.03952256944444445 0.022560763888888887 0.00894386574074074