5 0.5774739583333334 0.6624710648148148 0.1056857638888889 0.23958333333333334
5 0.7981770833333334 0.5697337962962963 0.1032986111111111 0.21354166666666666
5 0.1723090277777778 0.3550347222222222 0.05946180555555555 0.1550925925925926
5 0.3971354166666667 0.5449942129629629 0.0896267361111111 0.2074652777777778
3 0.18131510416666666 0.0625 0.1404079861111111 0.08101851851851852
5 0.8755425347222222 0.1228298611111111 0.08094618055555555 0.09722222222222222
5 0.3872612847222222 0.15943287037037038 0.041015625 0.1087962962962963
5 0.4069010416666667 0.04933449074074074 0.055989583333333336 0.08101851851851852
5 0.5492621527777778 0.2828414351851852 0.057942708333333336 0.14207175925925927
5 0.4270833333333333 0.21715856481481483 0.04296875 0.12355324074074074
5 0.2400173611111111 0.16666666666666666 0.054036458333333336 0.1154513888888889
5 0.6382378472222222 0.4542824074074074 0.06553819444444445 0.18952546296296297
5 0.12071614583333333 0.2886226851851852 0.043402777777777776 0.1449652777777778
5 0.5640190972222222 0.04528356481481482 0.05577256944444445 0.08043981481481481
5 0.033528645833333336 0.2097800925925926 0.042534722222222224 0.12586805555555555
5 0.19075520833333334 0.1996527777777778 0.044270833333333336 0.12065972222222222
1 0.6161024305555556 0.7025462962962963 0.022786458333333332 0.023726851851851853
3 0.2269965277777778 0.04296875 0.13585069444444445 0.06915509259259259
3 0.6015625 0.023726851851851853 0.130859375 0.047453703703703706
5 0.05642361111111111 0.19429976851851852 0.033637152777777776 0.1189236111111111
5 0.6497395833333334 0.38425925925925924 0.06032986111111111 0.1634837962962963
5 0.8238932291666666 0.009114583333333334 0.048177083333333336 0.018229166666666668
1 0.8343098958333334 0.6158854166666666 0.020833333333333332 0.022569444444444444
5 0.1417578125 0.19010416666666666 0.03602430555555555 0.11429398148148148
5 0.10865451388888889 0.19545717592592593 0.04861111111111111 0.11284722222222222
5 0.20833333333333334 0.17997685185185186 0.03125 0.11342592592592593