3 0.7394748263888888 0.12702546296296297 0.2055121527777778 0.23061342592592593
5 0.7468532986111112 0.7222222222222222 0.1169704861111111 0.37702546296296297
5 0.4366319444444444 0.7366898148148148 0.12586805555555555 0.3995949074074074
5 0.2240668402777778 0.8917824074074074 0.1460503472222222 0.21643518518518517
5 0.521484375 0.8916377314814815 0.13563368055555555 0.21672453703703703
5 0.3828125 0.21412037037037038 0.058159722222222224 0.21296296296296297
5 0.5677083333333334 0.40870949074074076 0.0861545138888889 0.27546296296296297
5 0.2494574652777778 0.12369791666666667 0.054036458333333336 0.1857638888888889
5 0.019965277777777776 0.2443576388888889 0.03993055555555555 0.22424768518518517
5 0.4264322916666667 0.11342592592592593 0.053168402777777776 0.18547453703703703
5 0.20323350694444445 0.04600694444444445 0.04861111111111111 0.0920138888888889
5 0.3080512152777778 0.07103587962962964 0.05056423611111111 0.1417824074074074
5 0.5595703125 0.058159722222222224 0.04991319444444445 0.11631944444444445
1 0.7647569444444444 0.18547453703703703 0.029730902777777776 0.022569444444444444
5 0.9818793402777778 0.7934027777777778 0.03624131944444445 0.3767361111111111