3 0.6529017857142857 0.5706018518518519 0.1736111111111111 0.2919973544973545
3 0.1212797619047619 0.5170304232804233 0.24206349206349206 0.2576058201058201
3 0.18291170634920634 0.2101521164021164 0.11284722222222222 0.1111111111111111
2 0.31436011904761907 0.2648809523809524 0.13169642857142858 0.16534391534391535
3 0.41592261904761907 0.16286375661375663 0.0679563492063492 0.0763888888888889
3 0.6500496031746031 0.13475529100529102 0.0642361111111111 0.08366402116402116
5 0.6653025793650794 0.2888558201058201 0.03571428571428571 0.10978835978835978
3 0.542906746031746 0.12665343915343916 0.05555555555555555 0.06349206349206349
3 0.5287698412698413 0.049933862433862435 0.04265873015873016 0.0496031746031746
3 0.38665674603174605 0.07820767195767196 0.046130952380952384 0.05191798941798942
5 0.9626736111111112 0.21197089947089948 0.028273809523809524 0.083994708994709
3 0.6474454365079365 0.015873015873015872 0.028521825396825396 0.031746031746031744
5 0.580109126984127 0.05968915343915344 0.01488095238095238 0.044642857142857144
5 0.47098214285714285 0.047619047619047616 0.013888888888888888 0.04365079365079365
5 0.5736607142857143 0.10367063492063493 0.018353174603174604 0.05324074074074074
5 0.9909474206349206 0.16236772486772486 0.017857142857142856 0.08994708994708994
0 0.05071924603174603 0.62119708994709 0.04017857142857143 0.014219576719576719
5 0.6179315476190477 0.09110449735449735 0.018601190476190476 0.056216931216931214
0 0.6535863095238096 0.6786507936507936 0.04228174603174603 0.014070767195767196
3 0.5443948412698413 0.022652116402116403 0.035962301587301584 0.04398148148148148
4 0.07056051587301587 0.2759589947089947 0.026041666666666668 0.08002645502645503
5 0.4444444444444444 0.04563492063492063 0.012152777777777778 0.04431216931216931
5 0.9945436507936508 0.06630291005291006 0.01066468253968254 0.06415343915343916
0 0.15765625 0.24294642857142856 0.018931051587301587 0.007053571428571428
0 0.2916666666666667 0.3255621693121693 0.023313492063492064 0.008928571428571428
5 0.5869295634920635 0.02066798941798942 0.01240079365079365 0.036044973544973546
5 0.34598214285714285 0.08267195767195767 0.017361111111111112 0.0496031746031746
5 0.4930555555555556 0.03819444444444445 0.013392857142857142 0.04298941798941799
5 0.5548115079365079 0.0818452380952381 0.021081349206349208 0.03373015873015873