3 0.6076388888888888 0.6245039682539683 0.13913690476190477 0.23776455026455026
3 0.28856646825396826 0.5249669312169312 0.12574404761904762 0.15013227513227514
5 0.8742559523809523 0.8273809523809523 0.08407738095238096 0.2337962962962963
3 0.4523809523809524 0.4350198412698413 0.08953373015873016 0.10912698412698413
3 0.6066468253968254 0.4158399470899471 0.07390873015873016 0.10284391534391535
2 0.8870287698412699 0.22916666666666666 0.08283730158730158 0.08234126984126984
5 0.42150297619047616 0.7314814814814815 0.06001984126984127 0.1345899470899471
3 0.5349702380952381 0.23974867724867724 0.034970238095238096 0.03835978835978836
5 0.041294642857142856 0.5221560846560847 0.0496031746031746 0.11541005291005291
5 0.44035218253968256 0.5701058201058201 0.046875 0.14781746031746032
5 0.785094246031746 0.49090608465608465 0.045882936507936505 0.1130952380952381
6 0.5153769841269841 0.3167989417989418 0.05704365079365079 0.11574074074074074
5 0.9114583333333334 0.6617063492063492 0.06448412698412699 0.16832010582010581
5 0.8963293650793651 0.3315145502645503 0.031746031746031744 0.06646825396825397
3 0.9742063492063492 0.24537037037037038 0.051587301587301584 0.04332010582010582
5 0.509796626984127 0.5803571428571429 0.044890873015873016 0.14417989417989419
3 0.7111855158730159 0.1886574074074074 0.03125 0.03009259259259259
5 0.20845734126984128 0.4224537037037037 0.030009920634920636 0.09060846560846561
5 0.6595982142857143 0.3835978835978836 0.02628968253968254 0.07936507936507936
3 0.48390873015873015 0.1868551587301587 0.025168650793650795 0.024090608465608464
5 0.5766369047619048 0.2916666666666667 0.019593253968253968 0.05720899470899471
5 0.7120535714285714 0.4244378306878307 0.035962301587301584 0.09722222222222222
5 0.7545882936507936 0.4416335978835979 0.035962301587301584 0.10251322751322751
5 0.3097718253968254 0.3707010582010582 0.0248015873015873 0.07473544973544974
1 0.6046626984126984 0.7204034391534392 0.023809523809523808 0.016534391534391533
5 0.43973214285714285 0.2691798941798942 0.017609126984126984 0.04828042328042328
5 0.1070188492063492 0.45783730158730157 0.04241071428571429 0.08101851851851852
5 0.3756200396825397 0.3308531746031746 0.022817460317460316 0.06646825396825397
5 0.4729662698412698 0.310515873015873 0.019345238095238096 0.05853174603174603
5 0.24888392857142858 0.45419973544973546 0.031994047619047616 0.10747354497354497
5 0.6525297619047619 0.330026455026455 0.023065476190476192 0.060515873015873016
5 0.3531746031746032 0.29563492063492064 0.01984126984126984 0.05324074074074074
5 0.6137152777777778 0.27331349206349204 0.017857142857142856 0.054563492063492064
3 0.7455357142857143 0.18303571428571427 0.023561507936507936 0.035383597883597885
5 0.4660218253968254 0.2457010582010582 0.014384920634920634 0.0419973544973545
5 0.4140625 0.3323412698412698 0.022569444444444444 0.06415343915343916
5 0.11755952380952381 0.40029761904761907 0.07018849206349206 0.07275132275132275
3 0.5404117063492063 0.16004960317460318 0.018859126984126985 0.030099206349206348
5 0.41517857142857145 0.2943121693121693 0.019097222222222224 0.05257936507936508
5 0.42063492063492064 0.2220568783068783 0.012152777777777778 0.03935185185185185
5 0.5727926587301587 0.2101521164021164 0.013640873015873016 0.04133597883597884
5 0.6021825396825397 0.24206349206349206 0.016865079365079364 0.04563492063492063
0 0.2662450396825397 0.5750892857142857 0.02550843253968254 0.010482804232804233
3 0.5040401785714286 0.16466931216931216 0.01804563492063492 0.019193121693121692
3 0.40662202380952384 0.21147486772486773 0.030009920634920636 0.030753968253968252
5 0.43427579365079366 0.21114417989417988 0.010912698412698412 0.032407407407407406
5 0.7018849206349206 0.23412698412698413 0.015873015873015872 0.04265873015873016
5 0.36596974206349203 0.24544642857142857 0.025997023809523807 0.04512566137566138
5 0.38793154761904763 0.22559854497354498 0.011480654761904761 0.03283068783068783
5 0.4424156746031746 0.19561177248677247 0.008841765873015873 0.028753306878306878
1 0.6092509920634921 0.445271164021164 0.013888888888888888 0.009259259259259259
0 0.44125992063492064 0.4712301587301587 0.02027281746031746 0.007681878306878307
4 0.1319345238095238 0.34939153439153436 0.021140873015873016 0.06820767195767195
4 0.030510912698412697 0.3944477513227513 0.020649801587301588 0.07363095238095238
4 0.04675347222222222 0.3980059523809524 0.025753968253968255 0.07270171957671957
0 0.5130629960317461 0.35817129629629624 0.014858630952380951 0.00515542328042328
3 0.4214955357142857 0.19596560846560848 0.021676587301587304 0.02679563492063492
5 0.46114335317460314 0.19443121693121695 0.008328373015873015 0.02601521164021164
5 0.4519791666666667 0.17788029100529099 0.006639384920634921 0.025145502645502648
5 0.45724454365079364 0.18290674603174603 0.007289186507936508 0.025145502645502648
3 0.4872048611111111 0.1715542328042328 0.020679563492063492 0.02185185185185185
2 0.5260218253968254 0.15427248677248676 0.020215773809523812 0.03045304232804233
3 0.5551339285714286 0.15636574074074075 0.016448412698412698 0.020400132275132276
6 0.5746651785714286 0.15406084656084656 0.014670138888888889 0.02668320105820106
5 0.4695486111111111 0.16393849206349206 0.006929563492063492 0.020029761904761904
3 0.4739930555555556 0.15177579365079366 0.017899305555555557 0.016025132275132276
3 0.4847891865079365 0.1464649470899471 0.012934027777777777 0.014639550264550265
5 0.7314112103174604 0.1739318783068783 0.008955853174603174 0.023647486772486775
5 0.7200793650793651 0.16305886243386242 0.006862599206349206 0.021081349206349208
5 0.7176537698412698 0.1509589947089947 0.006862599206349206 0.015615079365079365
6 0.549890873015873 0.13472883597883598 0.01683779761904762 0.02079695767195767
4 0.18134920634920637 0.3130820105820106 0.013427579365079365 0.0594675925925926