3 0.17485119047619047 0.7860449735449735 0.17038690476190477 0.25396825396825395
2 0.13727678571428573 0.4399801587301587 0.24057539682539683 0.2523148148148148
3 0.291046626984127 0.5319113756613757 0.13392857142857142 0.16534391534391535
3 0.4182787698412698 0.4156746031746032 0.09771825396825397 0.09226190476190477
5 0.6744791666666666 0.6650132275132276 0.053323412698412696 0.16534391534391535
5 0.4807787698412698 0.6815476190476191 0.048859126984126984 0.16567460317460317
5 0.753844246031746 0.6716269841269841 0.05431547619047619 0.16468253968253968
3 0.5598958333333334 0.41435185185185186 0.07068452380952381 0.09523809523809523
5 0.04092261904761905 0.6178902116402116 0.058779761904761904 0.14814814814814814
5 0.6359126984126984 0.5679563492063492 0.03968253968253968 0.12665343915343916
5 0.6944444444444444 0.5057870370370371 0.037450396825396824 0.11673280423280423
3 0.5422867063492064 0.31746031746031744 0.04538690476190476 0.05588624338624339
3 0.4025297619047619 0.2533068783068783 0.037450396825396824 0.03935185185185185
3 0.49541170634920634 0.28290343915343913 0.04389880952380952 0.056878306878306875
5 0.5555555555555556 0.5411706349206349 0.036458333333333336 0.12169312169312169
5 0.8980654761904762 0.4009589947089947 0.034970238095238096 0.08366402116402116
5 0.9489087301587301 0.3923611111111111 0.03125 0.07506613756613757
5 0.3187003968253968 0.41021825396825395 0.027529761904761904 0.08134920634920635
3 0.48549107142857145 0.2404100529100529 0.03125 0.03670634920634921
3 0.431671626984127 0.27843915343915343 0.03993055555555555 0.04398148148148148
3 0.4619295634920635 0.22321428571428573 0.027777777777777776 0.031084656084656083
1 0.08209325396825397 0.5557208994708994 0.017361111111111112 0.011574074074074073
5 0.455109126984127 0.2867063492063492 0.018849206349206348 0.04828042328042328
1 0.26946924603174605 0.5940806878306878 0.01636904761904762 0.01455026455026455
5 0.38839285714285715 0.3143187830687831 0.017609126984126984 0.05324074074074074
3 0.2932787698412698 0.3247354497354497 0.09325396825396826 0.06183862433862434
5 0.5696924603174603 0.28174603174603174 0.015873015873015872 0.04794973544973545
5 0.5907738095238095 0.2665343915343915 0.014632936507936508 0.04794973544973545
2 0.44642857142857145 0.17840608465608465 0.033482142857142856 0.04894179894179894
5 0.2621527777777778 0.3792989417989418 0.022321428571428572 0.07407407407407407
1 0.17447916666666666 0.8741732804232805 0.029265873015873016 0.022817460317460316
3 0.4802827380952381 0.19345238095238096 0.022817460317460316 0.027116402116402115
5 0.42931547619047616 0.2318121693121693 0.011904761904761904 0.03571428571428571
0 0.3972718253968254 0.4440542328042328 0.017976190476190475 0.0071031746031746034
1 0.5610119047619048 0.4436375661375661 0.01351686507936508 0.009381613756613756
5 0.9559771825396826 0.24074074074074073 0.038938492063492064 0.040674603174603176
5 0.5734126984126984 0.24404761904761904 0.012896825396825396 0.03835978835978836
1 0.9578373015873016 0.4117063492063492 0.008928571428571428 0.008597883597883597