3 0.31200396825396826 0.46164021164021163 0.20386904761904762 0.1984126984126984
3 0.8297371031746031 0.6334325396825397 0.20709325396825398 0.35185185185185186
3 0.5848214285714286 0.3673941798941799 0.12003968253968254 0.16600529100529102
3 0.30592757936507936 0.3091931216931217 0.13814484126984128 0.13227513227513227
3 0.7857142857142857 0.283234126984127 0.09424603174603174 0.15542328042328044
5 0.14868551587301587 0.4666005291005291 0.06770833333333333 0.17559523809523808
5 0.4634176587301587 0.8528439153439153 0.10143849206349206 0.2943121693121693
3 0.7335069444444444 0.10929232804232804 0.06919642857142858 0.08895502645502645
2 0.5295138888888888 0.06283068783068783 0.09126984126984126 0.12566137566137567
5 0.4599454365079365 0.27215608465608465 0.035962301587301584 0.11474867724867725
2 0.6196676587301587 0.18154761904761904 0.10441468253968254 0.17063492063492064
5 0.5406746031746031 0.17096560846560846 0.028273809523809524 0.09325396825396826
5 0.6587301587301587 0.015542328042328041 0.01488095238095238 0.031084656084656083
5 0.6149553571428571 0.016534391534391533 0.017609126984126984 0.03306878306878307
5 0.39657738095238093 0.12582671957671956 0.027281746031746032 0.07539682539682539
0 0.7849702380952381 0.3265542328042328 0.02554563492063492 0.00992063492063492
0 0.8363095238095238 0.767526455026455 0.05084325396825397 0.018849206349206348
0 0.2570957341269841 0.5295965608465608 0.034171626984126985 0.013888888888888888
4 0.037450396825396824 0.24735449735449735 0.025049603174603176 0.08167989417989419
5 0.6388888888888888 0.008101851851851851 0.013640873015873016 0.016203703703703703
0 0.5737896825396825 0.4203935185185185 0.031262400793650794 0.010459656084656084
1 0.6156994047619048 0.23991402116402116 0.020089285714285716 0.010582010582010581
0 0.27855406746031747 0.3486011904761905 0.026225198412698412 0.010142195767195768
5 0.38938492063492064 0.053736772486772486 0.018849206349206348 0.051587301587301584
5 0.5948660714285714 0.006283068783068783 0.012152777777777778 0.012566137566137565
5 0.07477678571428571 0.136739417989418 0.05530753968253968 0.05853174603174603