3 0.44208829365079366 0.20320767195767195 0.08159722222222222 0.09854497354497355
6 0.3091517857142857 0.33118386243386244 0.1470734126984127 0.19510582010582012
5 0.3081597222222222 0.45436507936507936 0.05257936507936508 0.15112433862433863
5 0.30319940476190477 0.703207671957672 0.07886904761904762 0.2787698412698413
3 0.3482142857142857 0.2025462962962963 0.07738095238095238 0.07407407407407407
5 0.6831597222222222 0.1349206349206349 0.02132936507936508 0.06283068783068783
5 0.4182787698412698 0.12781084656084657 0.0220734126984127 0.060515873015873016
5 0.5391865079365079 0.17989417989417988 0.021577380952380952 0.07738095238095238
5 0.38070436507936506 0.13194444444444445 0.019593253968253968 0.05654761904761905
5 0.8363095238095238 0.10648148148148148 0.019593253968253968 0.05257936507936508
5 0.4701140873015873 0.09391534391534391 0.016865079365079364 0.0496031746031746
5 0.5865575396825397 0.056878306878306875 0.01314484126984127 0.042328042328042326
5 0.40910218253968256 0.052248677248677246 0.028521825396825396 0.04265873015873016
5 0.2642609126984127 0.23875661375661375 0.027777777777777776 0.09226190476190477
5 0.5100446428571429 0.07043650793650794 0.01488095238095238 0.046296296296296294
5 0.5367063492063492 0.09358465608465609 0.018105158730158732 0.05324074074074074
5 0.558531746031746 0.034722222222222224 0.012152777777777778 0.03902116402116402
5 0.49094742063492064 0.041501322751322754 0.012896825396825396 0.041005291005291
5 0.6364087301587301 0.0333994708994709 0.01240079365079365 0.036044973544973546
3 0.37450396825396826 0.027777777777777776 0.031746031746031744 0.03406084656084656
5 0.5484871031746031 0.07688492063492064 0.015625 0.045965608465608467
5 0.5358382936507936 0.027612433862433863 0.011408730158730158 0.03439153439153439
5 0.6279761904761905 0.01207010582010582 0.01066468253968254 0.02414021164021164
5 0.27058531746031744 0.15443121693121692 0.016617063492063492 0.05257936507936508
0 0.4301810515873016 0.22734457671957672 0.017857142857142856 0.007605820105820105
1 0.28362103174603176 0.39287037037037037 0.01873015873015873 0.013435846560846561