3 0.1677517361111111 0.5295138888888888 0.1343315972222222 0.1495949074074074
3 0.3990885416666667 0.5656828703703703 0.1304253472222222 0.14149305555555555
3 0.9450954861111112 0.5203993055555556 0.10980902777777778 0.1328125
3 0.2907986111111111 0.4049479166666667 0.10655381944444445 0.12528935185185186
5 0.4950086805555556 0.7660590277777778 0.06488715277777778 0.19791666666666666
5 0.7502170138888888 0.7293113425925926 0.058159722222222224 0.18605324074074073
3 0.4461805555555556 0.2934027777777778 0.07313368055555555 0.08478009259259259
5 0.5848524305555556 0.5434027777777778 0.041449652777777776 0.13686342592592593
5 0.8039279513888888 0.5458622685185185 0.04275173611111111 0.13541666666666666
5 0.8973524305555556 0.9311342592592593 0.07486979166666667 0.1362847222222222
5 0.3567708333333333 0.7077546296296297 0.052734375 0.18431712962962962
5 0.6572265625 0.5261863425925926 0.04014756944444445 0.1328125
5 0.41796875 0.43258101851851855 0.03537326388888889 0.11255787037037036
6 0.5601128472222222 0.23726851851851852 0.0720486111111111 0.12586805555555555
5 0.83984375 0.3776041666666667 0.029513888888888888 0.08969907407407407
5 0.4680989583333333 0.32783564814814814 0.028211805555555556 0.08449074074074074
6 0.6219618055555556 0.22497106481481483 0.05967881944444445 0.09259259259259259
1 0.4911024305555556 0.8130787037037037 0.018446180555555556 0.018518518518518517
1 0.8034678819444445 0.571417824074074 0.012803819444444444 0.01244212962962963
1 0.1537543402777778 0.5357349537037037 0.021484375 0.015046296296296295
5 0.3346354166666667 0.32016782407407407 0.026041666666666668 0.08159722222222222
1 0.9624956597222223 0.5305902777777778 0.020399305555555556 0.014467592592592593
5 0.3731553819444444 0.31148726851851855 0.0234375 0.08130787037037036
4 0.8755425347222222 0.39265046296296297 0.023220486111111112 0.08854166666666667
5 0.7096354166666666 0.3072916666666667 0.047309027777777776 0.07060185185185185
5 0.8063151041666666 0.2144097222222222 0.017361111111111112 0.04832175925925926
1 0.34936631944444446 0.7369791666666666 0.017740885416666668 0.016493055555555556
5 0.3932291666666667 0.2730034722222222 0.023871527777777776 0.06915509259259259
5 0.5411241319444444 0.29050925925925924 0.022569444444444444 0.0685763888888889
3 0.8390842013888888 0.27155671296296297 0.05381944444444445 0.06568287037037036
5 0.7374131944444444 0.20240162037037038 0.017578125 0.052662037037037035
1 0.7513020833333334 0.7650462962962963 0.017795138888888888 0.01678240740740741
5 0.7789713541666666 0.20182291666666666 0.016493055555555556 0.04918981481481482
5 0.7670355902777778 0.1974826388888889 0.015190972222222222 0.052083333333333336
5 0.7231987847222222 0.1948784722222222 0.015842013888888888 0.04774305555555555
5 0.6921657986111112 0.22902199074074073 0.019314236111111112 0.05844907407407408
5 0.826171875 0.19603587962962962 0.016059027777777776 0.048032407407407406
5 0.24598524305555555 0.17332175925925927 0.018446180555555556 0.05324074074074074
1 0.8426063368055555 0.39179108796296297 0.0091015625 0.007864583333333333
5 0.7975260416666666 0.1830150462962963 0.014973958333333334 0.04861111111111111
1 0.4161241319444444 0.4497974537037037 0.010850694444444444 0.010127314814814815
1 0.6573350694444444 0.5509259259259259 0.012586805555555556 0.011863425925925927
1 0.28247612847222225 0.43366319444444446 0.01634982638888889 0.012109375
0 0.4407638888888889 0.29442129629629626 0.017879774305555554 0.005639467592592592
1 0.33072265625 0.3460821759259259 0.007732204861111112 0.006550925925925926
1 0.3720703125 0.3289033564814815 0.00771701388888889 0.007453703703703705
5 0.4550021701388889 0.16267939814814816 0.016124131944444443 0.042734375
5 0.548927951388889 0.143515625 0.013736979166666666 0.03921875
3 0.6846592881944444 0.21713541666666666 0.05143880208333333 0.04582175925925926
4 0.9314713541666667 0.36333043981481483 0.027771267361111112 0.0916579861111111
1 0.8395095486111112 0.2718200231481481 0.01021484375 0.0072743055555555556
0 0.3962217881944444 0.5685069444444445 0.03152126736111111 0.012039930555555555
1 0.5863975694444444 0.5645746527777779 0.013680555555555555 0.01100115740740741