3 0.14893353174603174 0.3478835978835979 0.21577380952380953 0.25066137566137564
3 0.7858382936507936 0.5934193121693122 0.18055555555555555 0.2824074074074074
3 0.43973214285714285 0.2604166666666667 0.12723214285714285 0.15476190476190477
3 0.7652529761904762 0.31101190476190477 0.12103174603174603 0.16732804232804233
3 0.5962301587301587 0.15790343915343916 0.10367063492063493 0.1421957671957672
3 0.15476190476190477 0.22602513227513227 0.14831349206349206 0.13525132275132276
3 0.6061507936507936 0.05886243386243386 0.07242063492063493 0.09027777777777778
5 0.7984871031746031 0.20122354497354497 0.037698412698412696 0.11044973544973545
5 0.2449156746031746 0.03373015873015873 0.04141865079365079 0.06712962962962964
5 0.3957093253968254 0.049933862433862435 0.028273809523809524 0.07705026455026455
5 0.2821180555555556 0.08300264550264551 0.03125 0.09193121693121693
5 0.9650297619047619 0.8344907407407407 0.06944444444444445 0.33101851851851855
5 0.36433531746031744 0.10416666666666667 0.028521825396825396 0.09292328042328042
5 0.5100446428571429 0.02628968253968254 0.022817460317460316 0.05257936507936508
1 0.590109126984127 0.19617724867724867 0.01715029761904762 0.013746693121693122
0 0.4255952380952381 0.30869708994708994 0.02976190476190476 0.010912698412698412
0 0.09573412698412699 0.4125330687830688 0.037698412698412696 0.013558201058201057
5 0.5848214285714286 0.01488095238095238 0.019345238095238096 0.02976190476190476
0 0.8019593253968254 0.6947751322751323 0.050347222222222224 0.017195767195767195
0 0.7670510912698413 0.36776455026455024 0.03152281746031746 0.01273478835978836