3 0.5011935763888888 0.6903935185185185 0.1996527777777778 0.21498842592592593
3 0.8255208333333334 0.38816550925925924 0.1265190972222222 0.13194444444444445
3 0.4111328125 0.3951099537037037 0.1130642361111111 0.125
5 0.07866753472222222 0.6371527777777778 0.06727430555555555 0.19762731481481483
3 0.2523871527777778 0.32103587962962965 0.09223090277777778 0.1021412037037037
3 0.2936197916666667 0.2547743055555556 0.078125 0.08709490740740741
5 0.6354166666666666 0.5462962962962963 0.057291666666666664 0.16435185185185186
3 0.2853732638888889 0.11603009259259259 0.04513888888888889 0.05179398148148148
2 0.2197265625 0.11241319444444445 0.08094618055555555 0.13744212962962962
5 0.2811414930555556 0.6616030092592593 0.06727430555555555 0.1970486111111111
5 0.4408637152777778 0.49117476851851855 0.04123263888888889 0.14641203703703703
5 0.4939236111111111 0.3172743055555556 0.03602430555555555 0.11082175925925926
5 0.5970052083333334 0.34968171296296297 0.04318576388888889 0.1232638888888889
3 0.3741319444444444 0.9487847222222222 0.2938368055555556 0.10243055555555555
5 0.22005208333333334 0.5217013888888888 0.044270833333333336 0.15711805555555555
5 0.1970486111111111 0.4513888888888889 0.04470486111111111 0.13773148148148148
5 0.14246961805555555 0.2689525462962963 0.03211805555555555 0.09895833333333333
5 0.0920138888888889 0.49681712962962965 0.055121527777777776 0.1440972222222222
5 0.6426866319444444 0.3331886574074074 0.036458333333333336 0.10706018518518519
5 0.2316623263888889 0.20442708333333334 0.024522569444444444 0.078125
1 0.5347222222222222 0.7251157407407407 0.03125 0.02199074074074074
5 0.4692925347222222 0.18127893518518517 0.0234375 0.0697337962962963
1 0.28377821180555557 0.7032060185185186 0.018726128472222225 0.017812500000000002
5 0.2961154513888889 0.5708912037037037 0.06380208333333333 0.14380787037037038
5 0.1535373263888889 0.1947337962962963 0.023003472222222224 0.0775462962962963
3 0.4560546875 0.057291666666666664 0.03125 0.03587962962962963
5 0.6708984375 0.4939236111111111 0.0661892361111111 0.14525462962962962
5 0.4241536458333333 0.13990162037037038 0.022569444444444444 0.0625
1 0.07795138888888889 0.6772280092592593 0.019097222222222224 0.01707175925925926
5 0.5934244791666666 0.26938657407407407 0.028428819444444444 0.07841435185185185
1 0.8434244791666666 0.4097222222222222 0.018880208333333332 0.013599537037037037
1 0.6030967881944445 0.37355324074074076 0.010423177083333334 0.009597800925925926
5 0.4562717013888889 0.10416666666666667 0.017361111111111112 0.04918981481481482
5 0.9764539930555556 0.7149884259259259 0.046440972222222224 0.2743055555555556
1 0.423828125 0.40610532407407407 0.018012152777777776 0.014178240740740741
5 0.3940972222222222 0.1009837962962963 0.018663194444444444 0.053530092592592594
5 0.3394097222222222 0.13469328703703703 0.01953125 0.0630787037037037
3 0.3395182291666667 0.09418402777777778 0.051215277777777776 0.054108796296296294
1 0.6497417534722223 0.5732494212962963 0.01476128472222222 0.015052083333333334
1 0.25723524305555556 0.3251707175925926 0.014036458333333335 0.013478009259259259
5 0.6108940972222222 0.2873263888888889 0.031901041666666664 0.07233796296296297
5 0.2855902777777778 0.06293402777777778 0.014322916666666666 0.04398148148148148
5 0.3045789930555556 0.04383680555555555 0.014322916666666666 0.03993055555555555
1 0.29931423611111113 0.25861979166666665 0.013899739583333333 0.010211226851851852
5 0.3218315972222222 0.0658275462962963 0.016927083333333332 0.03935185185185185
5 0.3156467013888889 0.02618634259259259 0.013237847222222222 0.03530092592592592
1 0.4986827256944444 0.34030671296296294 0.009772135416666668 0.010309606481481482
5 0.4139539930555556 0.09606481481481481 0.022569444444444444 0.04918981481481482
5 0.7579210069444444 0.15147569444444445 0.05360243055555555 0.05295138888888889
5 0.423828125 0.04050925925925926 0.013237847222222222 0.03530092592592592
5 0.24544270833333334 0.03211805555555555 0.013020833333333334 0.033275462962962965
5 0.3935546875 0.04759837962962963 0.013020833333333334 0.041666666666666664
5 0.3616536458333333 0.05946180555555555 0.015190972222222222 0.043402777777777776
1 0.22314887152777776 0.5483130787037037 0.014737413194444444 0.013917824074074074
1 0.6504427083333333 0.3490827546296296 0.009995659722222223 0.008075810185185186
1 0.44366536458333333 0.5341811342592593 0.013524305555555555 0.012294560185185186
5 0.8883138020833333 0.23197337962962963 0.06646050347222222 0.0553125
5 0.9606987847222221 0.2616059027777778 0.07577256944444445 0.07055266203703704
5 0.8701106770833333 0.26527488425925927 0.030900607638888886 0.09143518518518519
1 0.14124782986111112 0.2869936342592593 0.009118923611111112 0.007659143518518518
1 0.22132595486111112 0.14082175925925927 0.010130208333333333 0.007392939814814815
1 0.47088324652777774 0.19532696759259258 0.006423611111111112 0.006061921296296296
1 0.5974370659722221 0.29075520833333335 0.00818359375 0.007427662037037037
1 0.6148480902777778 0.3144328703703704 0.0073133680555555565 0.008822337962962962