3 0.6268601190476191 0.7008928571428571 0.20188492063492064 0.32142857142857145
3 0.37723214285714285 0.21296296296296297 0.08234126984126984 0.1087962962962963
5 0.15550595238095238 0.927744708994709 0.12003968253968254 0.144510582010582
3 0.6392609126984127 0.1455026455026455 0.06522817460317461 0.07275132275132275
5 0.7767857142857143 0.3913690476190476 0.04241071428571429 0.13921957671957672
5 0.775421626984127 0.5386904761904762 0.05431547619047619 0.18055555555555555
5 0.1463293650793651 0.5026455026455027 0.057539682539682536 0.18022486772486773
5 0.35788690476190477 0.4184854497354497 0.043402777777777776 0.14947089947089948
2 0.5469990079365079 0.06960978835978836 0.07886904761904762 0.1283068783068783
3 0.6567460317460317 0.08482142857142858 0.05009920634920635 0.05324074074074074
5 0.443328373015873 0.2996031746031746 0.035962301587301584 0.11011904761904762
2 0.46068948412698413 0.05423280423280423 0.10193452380952381 0.10846560846560846
5 0.2564484126984127 0.15591931216931218 0.04117063492063492 0.06349206349206349
3 0.6762152777777778 0.047619047619047616 0.040674603174603176 0.046296296296296294
5 0.09188988095238096 0.26951058201058203 0.04265873015873016 0.1111111111111111
1 0.6104910714285714 0.8118386243386243 0.03571428571428571 0.025793650793650792
5 0.7493799603174603 0.15145502645502645 0.02628968253968254 0.07506613756613757
5 0.2914186507936508 0.18287037037037038 0.023561507936507936 0.07771164021164022
5 0.7459077380952381 0.08548280423280423 0.018353174603174604 0.05489417989417989
3 0.6604662698412699 0.023148148148148147 0.036458333333333336 0.04431216931216931
5 0.6004464285714286 0.07407407407407407 0.018105158730158732 0.05357142857142857
3 0.8918650793650794 0.06101190476190476 0.022321428571428572 0.0582010582010582
5 0.020461309523809524 0.19957010582010581 0.03695436507936508 0.09424603174603174
1 0.375 0.24156746031746032 0.014384920634920634 0.010582010582010581
5 0.5905257936507936 0.052083333333333336 0.01488095238095238 0.04728835978835979
1 0.5420386904761905 0.11706349206349206 0.01066468253968254 0.006944444444444444