3 0.703125 0.3151041666666667 0.1638454861111111 0.23524305555555555
5 0.5961371527777778 0.6002604166666666 0.06640625 0.22627314814814814
5 0.08995225694444445 0.8671875 0.09635416666666667 0.26533564814814814
5 0.1062282986111111 0.6116898148148148 0.08138020833333333 0.23408564814814814
5 0.4499782986111111 0.41695601851851855 0.06032986111111111 0.1909722222222222
5 0.3461371527777778 0.4952256944444444 0.06770833333333333 0.2126736111111111
6 0.5762803819444444 0.09809027777777778 0.2827690972222222 0.19618055555555555
5 0.4202473958333333 0.7055844907407407 0.0802951388888889 0.2679398148148148
5 0.24793836805555555 0.5805844907407407 0.09027777777777778 0.2230902777777778
5 0.0959201388888889 0.04991319444444445 0.03146701388888889 0.09606481481481481
5 0.24913194444444445 0.0234375 0.024956597222222224 0.046875
1 0.7132161458333334 0.37572337962962965 0.021484375 0.02025462962962963
1 0.6598177083333333 0.15396412037037038 0.01794921875 0.013275462962962963