2 0.7807074652777778 0.35792824074074076 0.1519097222222222 0.1909722222222222
6 0.8158637152777778 0.8028067129629629 0.3326822916666667 0.37789351851851855
2 0.6756727430555556 0.21122685185185186 0.0978732638888889 0.12413194444444445
6 0.1335720486111111 0.29586226851851855 0.11588541666666667 0.22193287037037038
3 0.3598090277777778 0.3258101851851852 0.07421875 0.09635416666666667
3 0.4275173611111111 0.2942708333333333 0.0685763888888889 0.06799768518518519
3 0.5014105902777778 0.33101851851851855 0.0759548611111111 0.09664351851851852
5 0.4574652777777778 0.453125 0.032769097222222224 0.10677083333333333
3 0.7846137152777778 0.5828993055555556 0.12586805555555555 0.0842013888888889
3 0.224609375 0.2838541666666667 0.060112847222222224 0.06510416666666667
5 0.330078125 0.46339699074074076 0.034722222222222224 0.1154513888888889
5 0.6700303819444444 0.3582175925925926 0.026258680555555556 0.0865162037037037
5 0.2730034722222222 0.3292824074074074 0.025173611111111112 0.0859375
3 0.2770182291666667 0.20891203703703703 0.049479166666666664 0.053530092592592594
1 0.8739149305555556 0.9574652777777778 0.032769097222222224 0.023726851851851853
5 0.3619791666666667 0.23567708333333334 0.019097222222222224 0.05642361111111111
5 0.03884548611111111 0.25969328703703703 0.020616319444444444 0.06163194444444445
5 0.3898654513888889 0.22251157407407407 0.018229166666666668 0.05497685185185185
5 0.4219835069444444 0.23828125 0.020182291666666668 0.04658564814814815
5 0.4840494791666667 0.25593171296296297 0.022135416666666668 0.056712962962962965
0 0.36353081597222225 0.3264091435185185 0.015253906250000001 0.008139467592592592
1 0.1461697048611111 0.3598466435185185 0.013947482638888889 0.00972511574074074
1 0.27221571180555554 0.34420138888888885 0.008359375 0.007578125000000001
1 0.4362391493055556 0.29532118055555556 0.009411892361111111 0.008608217592592593
1 0.3324370659722222 0.4832175925925926 0.01166015625 0.010416666666666666
1 0.4857769097222222 0.3425144675925926 0.012432725694444445 0.009050925925925926
1 0.8088064236111111 0.4336979166666666 0.014405381944444443 0.010610532407407407
1 0.45909939236111114 0.4687355324074074 0.010638020833333334 0.00863425925925926
0 0.22409722222222225 0.28458622685185186 0.015668402777777778 0.004892939814814815
1 0.690078125 0.24390625000000002 0.009644097222222222 0.00779224537037037