5 0.9219990079365079 0.8776455026455027 0.08978174603174603 0.2447089947089947
3 0.6646825396825397 0.2531415343915344 0.09226190476190477 0.11375661375661375
3 0.49962797619047616 0.226521164021164 0.08606150793650794 0.10317460317460317
5 0.29476686507936506 0.5362103174603174 0.06572420634920635 0.2056878306878307
3 0.3213045634920635 0.15889550264550265 0.08754960317460317 0.0787037037037037
5 0.5486111111111112 0.34970238095238093 0.03844246031746032 0.1335978835978836
5 0.37475198412698413 0.48296957671957674 0.04861111111111111 0.17493386243386244
3 0.5249255952380952 0.13525132275132276 0.07118055555555555 0.09556878306878307
5 0.13082837301587302 0.5261243386243386 0.059027777777777776 0.18121693121693122
5 0.10627480158730158 0.4254298941798942 0.05530753968253968 0.15707671957671956
5 0.13653273809523808 0.2392526455026455 0.05406746031746032 0.09093915343915344
5 0.06125992063492063 0.7380952380952381 0.09623015873015874 0.2542989417989418
5 0.4037698412698413 0.22106481481481483 0.030009920634920636 0.09656084656084656
3 0.8968253968253969 0.10846560846560846 0.031746031746031744 0.06117724867724868
5 0.05915178571428571 0.6066468253968254 0.08928571428571429 0.1722883597883598
5 0.59375 0.10515873015873016 0.021577380952380952 0.06712962962962964
5 0.7406994047619048 0.18898809523809523 0.028273809523809524 0.08961640211640212
5 0.22023809523809523 0.21709656084656084 0.030753968253968252 0.09391534391534391
5 0.6760912698412699 0.10251322751322751 0.021577380952380952 0.06349206349206349
5 0.5596478174603174 0.055224867724867725 0.018353174603174604 0.052248677248677246
3 0.8778521825396826 0.056216931216931214 0.046130952380952384 0.04662698412698413
5 0.23970734126984128 0.14715608465608465 0.04712301587301587 0.06448412698412699
5 0.40935019841269843 0.10449735449735449 0.023313492063492064 0.06580687830687831
5 0.4280753968253968 0.1605489417989418 0.024057539682539684 0.07837301587301587
5 0.4662698412698413 0.09110449735449735 0.019593253968253968 0.05952380952380952
5 0.4722222222222222 0.02132936507936508 0.015625 0.04265873015873016
3 0.6395089285714286 0.01703042328042328 0.03993055555555555 0.03406084656084656
1 0.49032738095238093 0.25479497354497355 0.014384920634920634 0.010582010582010581
5 0.3505704365079365 0.12185846560846561 0.023065476190476192 0.05489417989417989
3 0.8702876984126984 0.029596560846560847 0.03844246031746032 0.03935185185185185
5 0.5234375 0.04265873015873016 0.016121031746031748 0.05092592592592592
5 0.4966517857142857 0.09556878306878307 0.025049603174603176 0.07407407407407407
0 0.6638169642857144 0.2842294973544974 0.022080853174603173 0.0079265873015873
5 0.3444940476190476 0.07357804232804233 0.018849206349206348 0.05357142857142857
5 0.5133928571428571 0.02562830687830688 0.014136904761904762 0.04298941798941799
1 0.34089781746031744 0.17741402116402116 0.010912698412698412 0.008928571428571428
5 0.49069940476190477 0.06415343915343916 0.01636904761904762 0.04497354497354497