6 0.40947420634920634 0.4322089947089947 0.1505456349206349 0.22354497354497355
3 0.6235119047619048 0.43287037037037035 0.10094246031746032 0.10119047619047619
5 0.5264136904761905 0.9120370370370371 0.0798611111111111 0.17592592592592593
2 0.2707093253968254 0.27976190476190477 0.13392857142857142 0.15046296296296297
5 0.37388392857142855 0.8136574074074074 0.06870039682539683 0.2123015873015873
3 0.7889384920634921 0.3176256613756614 0.15848214285714285 0.09887566137566138
5 0.2906746031746032 0.8685515873015873 0.07762896825396826 0.21924603174603174
5 0.6370287698412699 0.8045634920634921 0.0798611111111111 0.19973544973544974
5 0.5415426587301587 0.7121362433862434 0.06522817460317461 0.1818783068783069
5 0.7367311507936508 0.6628637566137566 0.08928571428571429 0.16170634920634921
5 0.28521825396825395 0.5752314814814815 0.04017857142857143 0.14186507936507936
5 0.9515128968253969 0.8898809523809523 0.08556547619047619 0.22023809523809523
5 0.7075892857142857 0.7556216931216931 0.0625 0.19642857142857142
3 0.6044146825396826 0.3070436507936508 0.09449404761904762 0.06481481481481481
5 0.2523561507936508 0.6402116402116402 0.04241071428571429 0.15906084656084657
5 0.6564980158730159 0.3239087301587302 0.046378968253968256 0.0710978835978836
5 0.5323660714285714 0.3707010582010582 0.03298611111111111 0.08564814814814815
5 0.06398809523809523 0.3635912698412698 0.029265873015873016 0.082010582010582
5 0.12661210317460317 0.3708664021164021 0.028025793650793652 0.08597883597883597
3 0.3611111111111111 0.2681878306878307 0.05505952380952381 0.07473544973544974
5 0.028769841269841268 0.37037037037037035 0.02628968253968254 0.08763227513227513
3 0.419890873015873 0.30505952380952384 0.0818452380952381 0.07142857142857142
5 0.1640625 0.3374669312169312 0.02976190476190476 0.08035714285714286
5 0.08668154761904762 0.2984457671957672 0.024305555555555556 0.06514550264550265
5 0.5017361111111112 0.29464285714285715 0.024057539682539684 0.06746031746031746
5 0.04575892857142857 0.3186177248677249 0.026537698412698412 0.0710978835978836
1 0.6385168650793651 0.4580026455026455 0.016121031746031748 0.013227513227513227
5 0.14918154761904762 0.29563492063492064 0.024057539682539684 0.06547619047619048
3 0.9778025793650794 0.17493386243386244 0.0441468253968254 0.055224867724867725
5 0.5178571428571429 0.28422619047619047 0.019097222222222224 0.06613756613756613
5 0.47185019841269843 0.3718584656084656 0.025297619047619048 0.0667989417989418
5 0.5212053571428571 0.20982142857142858 0.02132936507936508 0.04894179894179894
1 0.4290674603174603 0.5148809523809523 0.018601190476190476 0.013227513227513227
5 0.04662698412698413 0.28521825396825395 0.027281746031746032 0.05092592592592592