5 0.6097470238095238 0.7308201058201058 0.05853174603174603 0.21362433862433863
5 0.7110615079365079 0.6502976190476191 0.05431547619047619 0.19113756613756613
5 0.4146825396825397 0.6904761904761905 0.057539682539682536 0.21693121693121692
5 0.2978670634920635 0.4138558201058201 0.040426587301587304 0.12235449735449735
5 0.15860615079365079 0.49272486772486773 0.04985119047619048 0.1455026455026455
5 0.029637896825396824 0.5691137566137566 0.05927579365079365 0.1669973544973545
5 0.8137400793650794 0.44758597883597884 0.03993055555555555 0.12996031746031747
5 0.4523809523809524 0.5324074074074074 0.050595238095238096 0.16435185185185186
4 0.33370535714285715 0.9383267195767195 0.08928571428571429 0.12334656084656084
5 0.4283234126984127 0.39269179894179895 0.035962301587301584 0.11044973544973545
6 0.6484375 0.19427910052910052 0.054563492063492064 0.10284391534391535
5 0.25595238095238093 0.3513558201058201 0.03373015873015873 0.10251322751322751
6 0.5896577380952381 0.15162037037037038 0.047867063492063495 0.08862433862433862
3 0.7123015873015873 0.07556216931216932 0.024305555555555556 0.027447089947089946
5 0.443328373015873 0.26967592592592593 0.02554563492063492 0.08068783068783068
3 0.43973214285714285 0.14302248677248677 0.04092261904761905 0.04431216931216931
5 0.7271825396825397 0.2025462962962963 0.019097222222222224 0.06283068783068783
5 0.3742559523809524 0.2595899470899471 0.0248015873015873 0.07605820105820106
3 0.9053819444444444 0.1520138888888889 0.04439484126984127 0.0448478835978836
4 0.17063492063492064 0.33779761904761907 0.028025793650793652 0.09027777777777778
5 0.5007440476190477 0.20023148148148148 0.0220734126984127 0.06117724867724868
5 0.5465029761904762 0.13640873015873015 0.013888888888888888 0.042328042328042326
5 0.529265873015873 0.15906084656084657 0.016121031746031748 0.044642857142857144
5 0.47941468253968256 0.1765873015873016 0.017857142857142856 0.052248677248677246
3 0.40649801587301587 0.1765873015873016 0.045882936507936505 0.06316137566137567
5 0.20647321428571427 0.2648809523809524 0.03571428571428571 0.054563492063492064
5 0.3878968253968254 0.1884920634920635 0.038938492063492064 0.05324074074074074
5 0.44828869047619047 0.1970899470899471 0.019097222222222224 0.05654761904761905
2 0.7189980158730159 0.04348544973544974 0.031001984126984128 0.04365079365079365
5 0.8730580357142858 0.17587301587301588 0.015540674603174603 0.053019179894179896
5 0.4365079365079365 0.22585978835978837 0.020089285714285716 0.05588624338624339
5 0.5190972222222222 0.13111772486772486 0.01314484126984127 0.041666666666666664
5 0.6674107142857143 0.08861441798941799 0.01066468253968254 0.030443121693121696
5 0.3532986111111111 0.20453042328042328 0.017609126984126984 0.06183862433862434
5 0.9188566468253968 0.08355489417989417 0.01025049603174603 0.028657407407407406
5 0.9014136904761905 0.10416666666666667 0.011160714285714286 0.031742724867724864
5 0.8624181547619048 0.14243055555555556 0.013023313492063492 0.038250661375661375
5 0.6408581349206349 0.12466269841269842 0.01349702380952381 0.03402777777777778
5 0.6467460317460317 0.10355820105820107 0.011532738095238096 0.031084656084656083
4 0.06378720238095238 0.350109126984127 0.031817956349206346 0.09040343915343915
4 0.10571676587301587 0.2961838624338624 0.025870535714285714 0.08405753968253968