3 0.26004464285714285 0.5016534391534392 0.17981150793650794 0.19345238095238096
3 0.4443204365079365 0.2726521164021164 0.0689484126984127 0.08564814814814815
5 0.07849702380952381 0.5896164021164021 0.05853174603174603 0.17427248677248677
3 0.26004464285714285 0.2843915343915344 0.10962301587301587 0.10714285714285714
5 0.7828621031746031 0.6959325396825397 0.061507936507936505 0.20899470899470898
3 0.6034226190476191 0.3189484126984127 0.07614087301587301 0.09854497354497355
3 0.3835565476190476 0.22123015873015872 0.11879960317460317 0.07043650793650794
5 0.4192708333333333 0.5143849206349206 0.050595238095238096 0.16302910052910052
5 0.28794642857142855 0.3644179894179894 0.03943452380952381 0.08697089947089948
5 0.5008680555555556 0.3697089947089947 0.033234126984126984 0.11441798941798942
3 0.7311507936507936 0.10664682539682539 0.031746031746031744 0.037037037037037035
5 0.7214781746031746 0.24371693121693122 0.021577380952380952 0.07208994708994709
5 0.6267361111111112 0.20833333333333334 0.01984126984126984 0.06448412698412699
5 0.5778769841269841 0.20552248677248677 0.018601190476190476 0.060515873015873016
3 0.7005208333333334 0.08283730158730158 0.027777777777777776 0.028108465608465607
2 0.6944444444444444 0.03935185185185185 0.04117063492063492 0.04298941798941799
4 0.06473214285714286 0.2994378306878307 0.021825396825396824 0.08564814814814815
2 0.5555555555555556 0.13938492063492064 0.05084325396825397 0.0744047619047619
5 0.25012400793650796 0.9396494708994709 0.10441468253968254 0.1207010582010582
3 0.45461309523809523 0.082010582010582 0.031001984126984128 0.03273809523809524
5 0.43936011904761907 0.15228174603174602 0.018105158730158732 0.04927248677248677
5 0.68875 0.11228174603174604 0.013373015873015873 0.03799933862433862
0 0.23528025793650792 0.31646825396825395 0.018370535714285714 0.007470238095238095
5 0.6166914682539683 0.164021164021164 0.017361111111111112 0.049933862433862435
5 0.8831845238095238 0.16435185185185186 0.023809523809523808 0.05291005291005291
5 0.6375248015873016 0.1593915343915344 0.015128968253968254 0.05092592592592592
5 0.755828373015873 0.07837301587301587 0.010168650793650794 0.03009259259259259
5 0.6352926587301587 0.06845238095238096 0.010912698412698412 0.02943121693121693
1 0.21850198412698413 0.5656415343915344 0.02132936507936508 0.015873015873015872
0 0.44908234126984126 0.29517857142857146 0.018856646825396825 0.006610449735449735
0 0.5990228174603175 0.34684523809523804 0.019987599206349207 0.007556216931216932
5 0.6246056547619048 0.13681216931216933 0.015280257936507936 0.041990740740740745
5 0.6356746031746031 0.12194444444444444 0.012063492063492064 0.030925925925925926