3 0.5095486111111112 0.5876322751322751 0.09871031746031746 0.1669973544973545
6 0.4437003968253968 0.44229497354497355 0.12797619047619047 0.22023809523809523
5 0.09895833333333333 0.9203042328042328 0.08705357142857142 0.1593915343915344
5 0.1355406746031746 0.6921296296296297 0.05853174603174603 0.1378968253968254
3 0.8583829365079365 0.359457671957672 0.05704365079365079 0.047619047619047616
5 0.6395089285714286 0.5714285714285714 0.03447420634920635 0.1087962962962963
6 0.5751488095238095 0.40062830687830686 0.05555555555555555 0.12169312169312169
5 0.9575892857142857 0.43700396825396826 0.029513888888888888 0.06283068783068783
5 0.6986607142857143 0.5720899470899471 0.034970238095238096 0.10449735449735449
2 0.5121527777777778 0.28869047619047616 0.03125 0.049933862433862435
5 0.9341517857142857 0.3716931216931217 0.020337301587301588 0.04431216931216931
5 0.8137400793650794 0.3611111111111111 0.01636904761904762 0.04332010582010582
5 0.6149553571428571 0.3773148148148148 0.017361111111111112 0.04927248677248677
5 0.5376984126984127 0.3996362433862434 0.017361111111111112 0.05026455026455026
5 0.7886904761904762 0.3673941798941799 0.017609126984126984 0.04563492063492063
3 0.5670610119047619 0.28072089947089945 0.015074404761904763 0.01659722222222222
5 0.816468253968254 0.32936507936507936 0.013392857142857142 0.037698412698412696
5 0.4526686507936508 0.3224437830687831 0.01197172619047619 0.028042328042328042
5 0.21614583333333334 0.44130291005291006 0.04439484126984127 0.05257936507936508
5 0.7982390873015873 0.34424603174603174 0.014384920634920634 0.04034391534391534
5 0.7754489087301588 0.33043320105820106 0.012100694444444443 0.03060515873015873
5 0.6114831349206349 0.34341931216931215 0.014384920634920634 0.03439153439153439
5 0.8444940476190477 0.3219246031746032 0.012896825396825396 0.03009259259259259
5 0.47947420634920634 0.3269345238095238 0.009828869047619048 0.01873346560846561
5 0.9852232142857144 0.3522056878306878 0.026046626984126985 0.02524801587301587
0 0.502452876984127 0.6519179894179894 0.023730158730158733 0.00833994708994709
1 0.4217981150793651 0.5310978835978836 0.012100694444444443 0.009034391534391534
1 0.5713194444444444 0.44942791005291005 0.008940972222222222 0.007152777777777778
2 0.530109126984127 0.3415343915343915 0.03423115079365079 0.06136904761904762
5 0.601108630952381 0.3166104497354497 0.009027777777777777 0.030188492063492067
5 0.5519518849206348 0.3057473544973545 0.008792162698412698 0.025727513227513227
5 0.5238665674603175 0.3036904761904762 0.007192460317460317 0.017962962962962962
5 0.5946502976190476 0.3072685185185185 0.008333333333333333 0.02603174603174603
5 0.4902331349206349 0.29051917989417986 0.006423611111111111 0.02036375661375661
5 0.4588392857142857 0.303859126984127 0.008447420634920636 0.02205687830687831
5 0.46493799603174607 0.2895469576719577 0.0072743055555555556 0.02127314814814815
5 0.3837748015873016 0.3681481481481481 0.01224454365079365 0.03568452380952381
4 0.9545808531746032 0.35033399470899473 0.014898313492063492 0.018564814814814815
4 0.9508903769841269 0.34077380952380953 0.01086061507936508 0.03508928571428571
5 0.7730357142857143 0.3178670634920635 0.0096875 0.027622354497354496