6 0.6029265873015873 0.5109126984126984 0.2251984126984127 0.4593253968253968
5 0.29203869047619047 0.8591269841269841 0.10887896825396826 0.2814153439153439
3 0.6325644841269841 0.18733465608465608 0.10664682539682539 0.12202380952380952
2 0.44543650793650796 0.07688492063492064 0.1212797619047619 0.15343915343915343
3 0.6226438492063492 0.04183201058201058 0.0679563492063492 0.07671957671957672
5 0.22358630952380953 0.3513558201058201 0.04811507936507937 0.16534391534391535
5 0.43154761904761907 0.3480489417989418 0.053075396825396824 0.16666666666666666
5 0.6932043650793651 0.10333994708994709 0.034970238095238096 0.09689153439153439
5 0.8392857142857143 0.18253968253968253 0.04241071428571429 0.12235449735449735
5 0.7854662698412699 0.04133597883597884 0.0248015873015873 0.08234126984126984
5 0.7139136904761905 0.04497354497354497 0.026785714285714284 0.08333333333333333
5 0.3473462301587302 0.04861111111111111 0.022569444444444444 0.07771164021164022
5 0.5838293650793651 0.2584325396825397 0.047867063492063495 0.05919312169312169
4 0.2769097222222222 0.05472883597883598 0.021081349206349208 0.08366402116402116
0 0.5990823412698413 0.7013888888888888 0.05109126984126984 0.017195767195767195
5 0.3195684523809524 0.05191798941798942 0.03298611111111111 0.07208994708994709
4 0.21713789682539683 0.04017857142857143 0.018601190476190476 0.07242063492063493
0 0.6314484126984127 0.22255291005291006 0.026537698412698412 0.011243386243386243
1 0.623015873015873 0.061507936507936505 0.012648809523809524 0.007936507936507936