3 0.5192212301587301 0.3019179894179894 0.09275793650793651 0.1078042328042328
5 0.09623015873015874 0.6261574074074074 0.06374007936507936 0.20072751322751323
5 0.3022073412698413 0.453207671957672 0.04712301587301587 0.15608465608465608
5 0.4428323412698413 0.4072420634920635 0.040426587301587304 0.13955026455026456
5 0.2482638888888889 0.328207671957672 0.03695436507936508 0.1130952380952381
3 0.6767113095238095 0.1400462962962963 0.04662698412698413 0.05787037037037037
5 0.7468998015873016 0.3525132275132275 0.03943452380952381 0.12566137566137567
3 0.6901041666666666 0.05704365079365079 0.031001984126984128 0.035383597883597885
3 0.8656994047619048 0.15459656084656084 0.029017857142857144 0.05952380952380952
3 0.6476934523809523 0.04943783068783069 0.028273809523809524 0.031746031746031744
5 0.47333829365079366 0.18601190476190477 0.020337301587301588 0.06977513227513228
5 0.26686507936507936 0.21428571428571427 0.026785714285714284 0.07208994708994709
5 0.45969742063492064 0.11441798941798942 0.016617063492063492 0.050595238095238096
5 0.6047867063492064 0.10830026455026455 0.016865079365079364 0.05026455026455026
5 0.5106646825396826 0.09821428571428571 0.015128968253968254 0.04332010582010582
3 0.6376488095238095 0.028439153439153438 0.031746031746031744 0.03406084656084656
5 0.42398313492063494 0.13425925925925927 0.018353174603174604 0.05654761904761905
4 0.30778769841269843 0.2056878306878307 0.017609126984126984 0.06448412698412699
3 0.6784474206349206 0.03125 0.023313492063492064 0.03505291005291005
5 0.568328373015873 0.08961640211640212 0.013392857142857142 0.044642857142857144
5 0.5931299603174603 0.05886243386243386 0.011656746031746032 0.037037037037037035
5 0.707093253968254 0.07556216931216932 0.013888888888888888 0.04265873015873016
5 0.5493551587301587 0.08250661375661375 0.013888888888888888 0.04332010582010582
3 0.7239583333333334 0.03571428571428571 0.030009920634920636 0.03439153439153439
5 0.3663194444444444 0.14484126984126985 0.027281746031746032 0.05952380952380952
4 0.40487847222222223 0.10796626984126985 0.014206349206349207 0.050625
4 0.39483630952380955 0.07409060846560847 0.013546626984126984 0.045310846560846565
4 0.2919667658730159 0.1379265873015873 0.014925595238095238 0.05664021164021164
5 0.5417857142857143 0.0653207671957672 0.014826388888888889 0.03896164021164021