6 0.24032738095238096 0.5170304232804233 0.17881944444444445 0.37433862433862436
3 0.10689484126984126 0.34540343915343913 0.09846230158730158 0.14583333333333334
3 0.7565724206349206 0.2943121693121693 0.09647817460317461 0.1283068783068783
5 0.044022817460317464 0.5357142857142857 0.08804563492063493 0.15641534391534392
3 0.8353174603174603 0.07837301587301587 0.06225198412698413 0.07076719576719577
5 0.15029761904761904 0.48644179894179895 0.03943452380952381 0.1431878306878307
3 0.2255704365079365 0.057705026455026454 0.027777777777777776 0.031746031746031744
5 0.2374751984126984 0.283234126984127 0.02628968253968254 0.08697089947089948
3 0.8141121031746031 0.2230489417989418 0.06597222222222222 0.08300264550264551
3 0.2805059523809524 0.061342592592592594 0.029265873015873016 0.036375661375661374
3 0.7943948412698413 0.2554563492063492 0.06374007936507936 0.09259259259259259
5 0.8864087301587301 0.03373015873015873 0.023065476190476192 0.03835978835978836
5 0.9236111111111112 0.03141534391534392 0.0248015873015873 0.035383597883597885
3 0.28931051587301587 0.03273809523809524 0.022569444444444444 0.026455026455026454
1 0.10472718253968254 0.39489087301587306 0.016981646825396827 0.012996031746031745
5 0.25731646825396826 0.09771825396825397 0.014632936507936508 0.049933862433862435
3 0.7867063492063492 0.06382275132275132 0.035962301587301584 0.040013227513227514
0 0.2281845238095238 0.6609160052910052 0.03895585317460317 0.014477513227513228
3 0.7955109126984127 0.022156084656084655 0.05431547619047619 0.03207671957671958
5 0.25384424603174605 0.0679563492063492 0.017361111111111112 0.03306878306878307
1 0.7461656746031746 0.3347949735449735 0.016282242063492065 0.011534391534391536