3 0.6431206597222222 0.6374421296296297 0.2645399305555556 0.2879050925925926
3 0.3178168402777778 0.5614872685185185 0.17491319444444445 0.2175925925925926
3 0.4313151041666667 0.34910300925925924 0.16297743055555555 0.1652199074074074
3 0.2064887152777778 0.056568287037037035 0.06293402777777778 0.06915509259259259
3 0.4996744791666667 0.9243344907407407 0.4806857638888889 0.15046296296296297
5 0.4089626736111111 0.18619791666666666 0.035590277777777776 0.0998263888888889
5 0.24717881944444445 0.16956018518518517 0.03537326388888889 0.09722222222222222
3 0.10123697916666667 0.036313657407407406 0.053168402777777776 0.06597222222222222
5 0.4895833333333333 0.25969328703703703 0.04210069444444445 0.11603009259259259
3 0.4177517361111111 0.059172453703703706 0.0666232638888889 0.06828703703703703
1 0.3340928819444444 0.6281828703703703 0.027126736111111112 0.026041666666666668
5 0.3264973958333333 0.10026041666666667 0.027126736111111112 0.08072916666666667
5 0.2837456597222222 0.07465277777777778 0.026041666666666668 0.07291666666666667
5 0.4526909722222222 0.13874421296296297 0.030381944444444444 0.09056712962962964
5 0.1664496527777778 0.017795138888888888 0.021484375 0.03530092592592592
5 0.3205295138888889 0.027199074074074073 0.018446180555555556 0.05439814814814815
1 0.4585503472222222 0.35966435185185186 0.022569444444444444 0.01678240740740741
5 0.23036024305555555 0.022424768518518517 0.01953125 0.044849537037037035
1 0.6960112847222222 0.6758738425925926 0.03009765625 0.03015625
5 0.7269965277777778 0.08362268518518519 0.06358506944444445 0.07002314814814815
5 0.3474392361111111 0.05454282407407408 0.022135416666666668 0.06799768518518519
5 0.2635633680555556 0.030815972222222224 0.022569444444444444 0.061342592592592594
5 0.2866753472222222 0.02155671296296296 0.018663194444444444 0.04311342592592592
5 0.4249131944444444 0.09114583333333333 0.021267361111111112 0.07928240740740741