3 0.7993551587301587 0.46742724867724866 0.15401785714285715 0.22883597883597884
3 0.31845238095238093 0.6245039682539683 0.2390873015873016 0.3062169312169312
2 0.1909722222222222 0.31283068783068785 0.35367063492063494 0.3878968253968254
5 0.04055059523809524 0.7162698412698413 0.08110119047619048 0.24702380952380953
6 0.6049107142857143 0.1661706349206349 0.171875 0.29365079365079366
3 0.45300099206349204 0.9145171957671958 0.3003472222222222 0.17096560846560846
5 0.6016865079365079 0.4546957671957672 0.051835317460317464 0.18287037037037038
5 0.7943948412698413 0.9026124338624338 0.11061507936507936 0.19477513227513227
5 0.6893601190476191 0.3872354497354497 0.046378968253968256 0.15641534391534392
6 0.5055803571428571 0.0992063492063492 0.07366071428571429 0.13525132275132276
1 0.2646329365079365 0.7273478835978836 0.033234126984126984 0.023809523809523808
5 0.44233630952380953 0.18022486772486773 0.02976190476190476 0.09193121693121693
5 0.8115079365079365 0.19775132275132276 0.03521825396825397 0.103505291005291
5 0.7503720238095238 0.20089285714285715 0.031994047619047616 0.09722222222222222
1 0.7979910714285714 0.5423280423280423 0.027529761904761904 0.01917989417989418
5 0.4330357142857143 0.11441798941798942 0.0220734126984127 0.07308201058201058
5 0.7858382936507936 0.15707671957671956 0.026785714285714284 0.0882936507936508
1 0.10218253968253968 0.4889219576719577 0.024305555555555556 0.017857142857142856
5 0.9475446428571429 0.052248677248677246 0.021577380952380952 0.0667989417989418
5 0.3697916666666667 0.08796296296296297 0.04117063492063492 0.05886243386243386
3 0.4646577380952381 0.03968253968253968 0.04712301587301587 0.05489417989417989
1 0.5842286706349207 0.2777347883597884 0.01773313492063492 0.012744708994708994
5 0.7261904761904762 0.029927248677248677 0.01711309523809524 0.05257936507936508
5 0.7796378968253969 0.0667989417989418 0.021081349206349208 0.06812169312169312
5 0.37177579365079366 0.17559523809523808 0.025297619047619048 0.08994708994708994
5 0.4603174603174603 0.09093915343915344 0.02058531746031746 0.06812169312169312
5 0.7806299603174603 0.01669973544973545 0.015873015873015872 0.03273809523809524
5 0.4415922619047619 0.021825396825396824 0.012648809523809524 0.040674603174603176