3 0.17633928571428573 0.31812169312169314 0.11284722222222222 0.1111111111111111
5 0.07849702380952381 0.7308201058201058 0.07614087301587301 0.21825396825396826
5 0.18737599206349206 0.865244708994709 0.078125 0.2595899470899471
5 0.12165178571428571 0.46742724867724866 0.042162698412698416 0.12863756613756613
5 0.35949900793650796 0.5562169312169312 0.04439484126984127 0.15674603174603174
5 0.44407242063492064 0.4685846560846561 0.040674603174603176 0.1306216931216931
3 0.3793402777777778 0.18783068783068782 0.04513888888888889 0.04927248677248677
5 0.2709573412698413 0.4426256613756614 0.04290674603174603 0.12533068783068782
5 0.36706349206349204 0.34871031746031744 0.030257936507936508 0.09292328042328042
3 0.5804811507936508 0.16881613756613756 0.038938492063492064 0.044642857142857144
2 0.5855654761904762 0.2622354497354497 0.08878968253968254 0.15608465608465608
3 0.6278521825396826 0.1195436507936508 0.03050595238095238 0.03306878306878307
5 0.2974950396825397 0.2700066137566138 0.025049603174603176 0.06481481481481481
3 0.5556795634920635 0.12979497354497355 0.030009920634920636 0.03505291005291005
5 0.48462301587301587 0.19593253968253968 0.01636904761904762 0.05324074074074074
3 0.9677579365079365 0.3060515873015873 0.06448412698412699 0.11078042328042328
3 0.4935515873015873 0.14203042328042328 0.03447420634920635 0.04365079365079365
5 0.4505208333333333 0.210978835978836 0.021081349206349208 0.05787037037037037
5 0.5184771825396826 0.175760582010582 0.01488095238095238 0.04398148148148148
5 0.4600694444444444 0.1703042328042328 0.015128968253968254 0.04431216931216931
5 0.5334821428571429 0.1605489417989418 0.014136904761904762 0.04794973544973545
5 0.4965277777777778 0.16782407407407407 0.015625 0.0419973544973545
1 0.5846602182539682 0.3211805555555556 0.012648809523809524 0.009126984126984128
5 0.6674107142857143 0.12136243386243387 0.011408730158730158 0.03571428571428571
5 0.5918898809523809 0.13392857142857142 0.012648809523809524 0.03207671957671958
5 0.5822172619047619 0.10978835978835978 0.011160714285714286 0.031746031746031744
5 0.6597222222222222 0.11706349206349206 0.011160714285714286 0.034722222222222224
5 0.609375 0.10648148148148148 0.010168650793650794 0.02943121693121693
5 0.5255679563492064 0.12866402116402115 0.011341765873015872 0.03536706349206349
5 0.5386483134920634 0.13695767195767197 0.010793650793650795 0.03585648148148148
3 0.8009895833333334 0.18376322751322752 0.03705853174603174 0.050353835978835984
5 0.8117410714285714 0.12123677248677249 0.010791170634920634 0.031570767195767194