3 0.7790178571428571 0.5681216931216931 0.18601190476190477 0.25793650793650796
3 0.8921130952380952 0.8617724867724867 0.21577380952380953 0.27645502645502645
2 0.4928075396825397 0.3373015873015873 0.22817460317460317 0.43783068783068785
3 0.8018353174603174 0.421792328042328 0.14384920634920634 0.16468253968253968
2 0.32762896825396826 0.23363095238095238 0.1463293650793651 0.2585978835978836
5 0.29873511904761907 0.5863095238095238 0.05952380952380952 0.20205026455026456
5 0.09561011904761904 0.5990410052910053 0.06919642857142858 0.20436507936507936
5 0.43278769841269843 0.7665343915343915 0.09995039682539683 0.2843915343915344
3 0.7165178571428571 0.21858465608465608 0.09796626984126984 0.11441798941798942
5 0.1661706349206349 0.5009920634920635 0.0597718253968254 0.17956349206349206
3 0.6346726190476191 0.09457671957671958 0.06870039682539683 0.07903439153439154
3 0.7335069444444444 0.14153439153439154 0.07465277777777778 0.083994708994709
3 0.7192460317460317 0.06398809523809523 0.05555555555555555 0.06084656084656084
5 0.13516865079365079 0.3106812169312169 0.0597718253968254 0.11177248677248677
5 0.18700396825396826 0.3103505291005291 0.039186507936507936 0.11871693121693122
5 0.8898809523809523 0.3741732804232804 0.047867063492063495 0.14351851851851852
5 0.8185763888888888 0.2838955026455027 0.033482142857142856 0.11375661375661375
5 0.6438492063492064 0.15889550264550265 0.026537698412698412 0.08498677248677249
5 0.8561507936507936 0.22371031746031747 0.03794642857142857 0.1087962962962963
1 0.4913194444444444 0.5206679894179894 0.02628968253968254 0.01951058201058201
3 0.6408730158730159 0.0441468253968254 0.05803571428571429 0.06448412698412699
5 0.015128968253968254 0.6590608465608465 0.030257936507936508 0.2251984126984127
5 0.14595734126984128 0.20982142857142858 0.07390873015873016 0.06448412698412699
0 0.785218253968254 0.6466600529100529 0.04538690476190476 0.016865079365079364
5 0.1385168650793651 0.439484126984127 0.04017857142857143 0.14054232804232805
5 0.4790426587301587 0.08052248677248677 0.023313492063492064 0.06613756613756613
5 0.7823660714285714 0.0291005291005291 0.017857142857142856 0.05489417989417989
3 0.44481646825396826 0.028769841269841268 0.053323412698412696 0.051587301587301584
3 0.6640625 0.02099867724867725 0.05530753968253968 0.0419973544973545
5 0.7574404761904762 0.07787698412698413 0.02132936507936508 0.06547619047619048
5 0.6892361111111112 0.38078703703703703 0.046875 0.1531084656084656
5 0.5088045634920635 0.019014550264550265 0.017361111111111112 0.03802910052910053
5 0.5708085317460317 0.024966931216931217 0.018353174603174604 0.0496031746031746
3 0.552703373015873 0.10962301587301587 0.06845238095238096 0.042328042328042326
5 0.556671626984127 0.022652116402116403 0.015873015873015872 0.045304232804232805
5 0.5096726190476191 0.10152116402116403 0.022321428571428572 0.04794973544973545
3 0.47445436507936506 0.018187830687830687 0.04662698412698413 0.036044973544973546
5 0.20076884920634921 0.24619708994708994 0.030753968253968252 0.09325396825396826
5 0.17274305555555555 0.0710978835978836 0.05084325396825397 0.06878306878306878
5 0.7522321428571429 0.032407407407407406 0.018601190476190476 0.04662698412698413
4 0.06797619047619047 0.2957903439153439 0.043680555555555556 0.1007771164021164