3 0.8002387152777778 0.47627314814814814 0.21419270833333334 0.30787037037037035
3 0.7462022569444444 0.8166956018518519 0.2777777777777778 0.3666087962962963
3 0.3276909722222222 0.27372685185185186 0.1391059027777778 0.18721064814814814
3 0.9297960069444444 0.34186921296296297 0.1404079861111111 0.19733796296296297
3 0.7242838541666666 0.19429976851851852 0.1382378472222222 0.16116898148148148
5 0.3444010416666667 0.44921875 0.0720486111111111 0.2265625
5 0.5934244791666666 0.3971354166666667 0.06380208333333333 0.20949074074074073
5 0.4366319444444444 0.5876736111111112 0.07552083333333333 0.2604166666666667
3 0.3113064236111111 0.05483217592592592 0.09852430555555555 0.10966435185185185
5 0.023871527777777776 0.35474537037037035 0.04774305555555555 0.1947337962962963
5 0.16124131944444445 0.6021412037037037 0.07899305555555555 0.2534722222222222
5 0.9345703125 0.2026909722222222 0.051215277777777776 0.08825231481481481
5 0.15201822916666666 0.3958333333333333 0.057942708333333336 0.20543981481481483
5 0.4830729166666667 0.9043692129629629 0.1174045138888889 0.19126157407407407
5 0.12293836805555555 0.25390625 0.048394097222222224 0.16319444444444445
5 0.6571180555555556 0.09505208333333333 0.039496527777777776 0.11834490740740741
5 0.4558376736111111 0.036458333333333336 0.033637152777777776 0.07291666666666667
5 0.10633680555555555 0.16507523148148148 0.04796006944444445 0.1261574074074074
5 0.1711154513888889 0.054108796296296294 0.042534722222222224 0.10821759259259259
5 0.7570529513888888 0.05541087962962963 0.040581597222222224 0.11082175925925926
5 0.3059895833333333 0.1439525462962963 0.041015625 0.08101851851851852
5 0.09505208333333333 0.03833912037037037 0.036458333333333336 0.07667824074074074
1 0.7419704861111112 0.24406828703703703 0.022135416666666668 0.016493055555555556
1 0.9613715277777778 0.4011863425925926 0.02734375 0.020543981481481483
1 0.8143446180555556 0.5824652777777778 0.035807291666666664 0.02459490740740741
0 0.7543402777777778 0.9806134259259259 0.0685763888888889 0.024305555555555556
0 0.3351779513888889 0.3224826388888889 0.03689236111111111 0.013310185185185185
3 0.3754340277777778 0.023148148148148147 0.07291666666666667 0.046296296296296294
5 0.14453125 0.02589699074074074 0.042534722222222224 0.05179398148148148
0 0.3139149305555555 0.08497106481481483 0.02386284722222222 0.008295717592592592
0 0.37747395833333336 0.021597222222222223 0.021223958333333334 0.00787037037037037