3 0.6237599206349206 0.6577380952380952 0.16393849206349206 0.25066137566137564
3 0.5302579365079365 0.4212962962962963 0.11904761904761904 0.15376984126984128
3 0.32415674603174605 0.35267857142857145 0.12723214285714285 0.1488095238095238
6 0.6455853174603174 0.22701719576719576 0.1212797619047619 0.24173280423280424
3 0.5252976190476191 0.22784391534391535 0.07390873015873016 0.08697089947089948
3 0.5716765873015873 0.11474867724867725 0.048859126984126984 0.05324074074074074
3 0.16220238095238096 0.24801587301587302 0.12351190476190477 0.11871693121693122
3 0.33407738095238093 0.1541005291005291 0.08903769841269842 0.0625
5 0.08928571428571429 0.478505291005291 0.06498015873015874 0.15906084656084657
5 0.09188988095238096 0.607308201058201 0.057539682539682536 0.20634920634920634
5 0.7166418650793651 0.5166997354497355 0.049107142857142856 0.16732804232804233
5 0.6764632936507936 0.4515542328042328 0.04389880952380952 0.14649470899470898
5 0.13950892857142858 0.3662367724867725 0.041914682539682536 0.12797619047619047
5 0.23983134920634921 0.3239087301587302 0.03670634920634921 0.11574074074074074
3 0.634796626984127 0.02662037037037037 0.028521825396825396 0.02976190476190476
4 0.23983134920634921 0.23809523809523808 0.023809523809523808 0.07738095238095238
5 0.4646577380952381 0.26587301587301587 0.029513888888888888 0.09226190476190477
1 0.6186755952380952 0.7447089947089947 0.03125 0.023148148148148147
5 0.30617559523809523 0.263723544973545 0.03273809523809524 0.061507936507936505
5 0.4954786706349206 0.08499007936507937 0.013030753968253967 0.044054232804232804
5 0.4409722222222222 0.22701719576719576 0.024305555555555556 0.08234126984126984
6 0.2517361111111111 0.6960978835978836 0.3100198412698413 0.5423280423280423
0 0.17763144841269843 0.9042857142857142 0.05600942460317461 0.024513888888888887
3 0.3841765873015873 0.03191137566137566 0.033234126984126984 0.03505291005291005
5 0.5426587301587301 0.08068783068783068 0.016617063492063492 0.0496031746031746
5 0.4713541666666667 0.20188492063492064 0.02628968253968254 0.07142857142857142
3 0.699280753968254 0.0248015873015873 0.024553571428571428 0.027116402116402115
0 0.29951140873015875 0.3926653439153439 0.026227678571428572 0.011517857142857142
5 0.25657242063492064 0.39715608465608465 0.054811507936507936 0.06812169312169312
5 0.6143725198412698 0.05466600529100529 0.012842261904761905 0.03517857142857143
5 0.5620039682539683 0.06448412698412699 0.014632936507936508 0.04497354497354497
5 0.5886656746031746 0.043220899470899465 0.012896825396825396 0.03571428571428571
1 0.5209573412698413 0.46808862433862436 0.021081349206349208 0.01521164021164021
5 0.5287698412698413 0.056878306878306875 0.013888888888888888 0.03935185185185185
0 0.13411210317460318 0.2816997354497355 0.020570436507936506 0.008025793650793651
1 0.6408730158730159 0.320271164021164 0.016865079365079364 0.012235449735449735
5 0.7058531746031746 0.04183201058201058 0.011904761904761904 0.04431216931216931
5 0.5514632936507936 0.04662698412698413 0.013392857142857142 0.03935185185185185
5 0.012028769841269842 0.4581679894179894 0.024057539682539684 0.1531084656084656
2 0.43830605158730157 0.14868055555555557 0.08224206349206349 0.12320436507936508
4 0.42046626984126984 0.08096891534391534 0.013549107142857144 0.03481812169312169
5 0.4703769841269841 0.07652116402116402 0.011626984126984128 0.029024470899470897
5 0.49882440476190476 0.06761574074074074 0.011626984126984128 0.03826058201058201
5 0.5670238095238095 0.04466269841269841 0.011788194444444445 0.03220568783068783