6 0.1080109126984127 0.5894510582010583 0.2160218253968254 0.3541666666666667
6 0.6092509920634921 0.7106481481481481 0.18998015873015872 0.435515873015873
3 0.4558531746031746 0.38756613756613756 0.0679563492063492 0.08796296296296297
3 0.4477926587301587 0.32688492063492064 0.05803571428571429 0.06481481481481481
2 0.38665674603174605 0.2526455026455027 0.07514880952380952 0.11474867724867725
3 0.5546875 0.2837301587301587 0.049107142857142856 0.05654761904761905
5 0.25148809523809523 0.5069444444444444 0.036210317460317464 0.12301587301587301
3 0.4931795634920635 0.2576058201058201 0.036458333333333336 0.044642857142857144
5 0.8025793650793651 0.94130291005291 0.0798611111111111 0.11706349206349206
2 0.4097222222222222 0.17212301587301587 0.04141865079365079 0.055224867724867725
3 0.47941468253968256 0.2359457671957672 0.03546626984126984 0.03968253968253968
1 0.6143353174603174 0.8869047619047619 0.031746031746031744 0.0205026455026455
3 0.5493551587301587 0.22371031746031747 0.032242063492063495 0.037037037037037035
1 0.05509920634920635 0.7514550264550265 0.027333829365079363 0.01931878306878307
5 0.9466765873015873 0.25 0.015376984126984126 0.04861111111111111
5 0.8781001984126984 0.19957010582010581 0.016865079365079364 0.034722222222222224
4 0.34375 0.5370370370370371 0.036458333333333336 0.047619047619047616
5 0.9950396825396826 0.24603174603174602 0.009672619047619048 0.0496031746031746
5 0.5616319444444444 0.18039021164021163 0.009672619047619048 0.03207671957671958
6 0.492078373015873 0.18690145502645505 0.03536954365079365 0.07528108465608466
1 0.45259672619047614 0.41255291005291006 0.012703373015873015 0.009679232804232805