3 0.3842230902777778 0.2322048611111111 0.11631944444444445 0.13310185185185186
3 0.7981770833333334 0.20240162037037038 0.12109375 0.12181712962962964
3 0.7396918402777778 0.05483217592592592 0.11046006944444445 0.09780092592592593
5 0.7389322916666666 0.6004050925925926 0.07552083333333333 0.2300347222222222
5 0.4067925347222222 0.6720196759259259 0.07269965277777778 0.2517361111111111
3 0.4116753472222222 0.09331597222222222 0.09223090277777778 0.1015625
5 0.2153862847222222 0.6096643518518519 0.0703125 0.23466435185185186
5 0.0998263888888889 0.5674189814814815 0.06076388888888889 0.2230902777777778
3 0.5517578125 0.06105324074074074 0.09136284722222222 0.0859375
5 0.5831163194444444 0.2465277777777778 0.04383680555555555 0.13975694444444445
5 0.5924479166666666 0.41724537037037035 0.049479166666666664 0.17505787037037038
5 0.7897135416666666 0.3294270833333333 0.046875 0.14930555555555555
5 0.3736979166666667 0.32016782407407407 0.041015625 0.14525462962962962
5 0.2661675347222222 0.3858506944444444 0.06553819444444445 0.16637731481481483
5 0.15169270833333334 0.07725694444444445 0.027994791666666668 0.08912037037037036
5 0.0715060763888889 0.06510416666666667 0.026475694444444444 0.0798611111111111
5 0.19921875 0.11574074074074074 0.029079861111111112 0.09577546296296297
5 0.03927951388888889 0.15726273148148148 0.03689236111111111 0.10474537037037036
5 0.1853298611111111 0.05164930555555555 0.026475694444444444 0.07407407407407407
5 0.21809895833333334 0.06843171296296297 0.029947916666666668 0.09288194444444445
5 0.059136284722222224 0.13049768518518517 0.029947916666666668 0.10734953703703703
1 0.3093532986111111 0.08492476851851852 0.013671875 0.010127314814814815
1 0.3946397569444444 0.2690972222222222 0.018446180555555556 0.014178240740740741
1 0.4231380208333333 0.11328125 0.014442274305555555 0.01083912037037037
1 0.8200954861111112 0.23148148148148148 0.018446180555555556 0.014178240740740741
0 0.5700412326388888 0.08045428240740742 0.020724826388888888 0.007262731481481482
1 0.7675065104166667 0.07659722222222223 0.012838541666666667 0.009904513888888888