2 0.3077256944444444 0.4324363425925926 0.2547743055555556 0.4088541666666667
5 0.8540581597222222 0.8836805555555556 0.076171875 0.23234953703703703
3 0.4925130208333333 0.2711226851851852 0.07552083333333333 0.08333333333333333
3 0.5463324652777778 0.18822337962962962 0.056640625 0.05844907407407408
5 0.6528862847222222 0.7264178240740741 0.06510416666666667 0.18373842592592593
5 0.6537543402777778 0.8936631944444444 0.07877604166666667 0.2126736111111111
3 0.1730685763888889 0.2594039351851852 0.04383680555555555 0.08622685185185185
5 0.8008897569444444 0.37037037037037035 0.03407118055555555 0.11140046296296297
5 0.4750434027777778 0.43113425925925924 0.039496527777777776 0.1284722222222222
5 0.9685329861111112 0.8323206018518519 0.0627170138888889 0.23350694444444445
5 0.89453125 0.49233217592592593 0.046223958333333336 0.12008101851851852
5 0.8429904513888888 0.5481770833333334 0.04796006944444445 0.1495949074074074
5 0.4586588541666667 0.6678240740740741 0.0646701388888889 0.19820601851851852
3 0.7261284722222222 0.18735532407407407 0.05859375 0.06886574074074074
5 0.9813368055555556 0.3116319444444444 0.03732638888888889 0.08883101851851852
5 0.2547743055555556 0.8295717592592593 0.07921006944444445 0.23524305555555555
3 0.9841579861111112 0.46730324074074076 0.03146701388888889 0.12876157407407407
5 0.8701171875 0.6676793981481481 0.06358506944444445 0.18431712962962962
5 0.9392361111111112 0.5747974537037037 0.04774305555555555 0.16203703703703703
1 0.6436631944444444 0.9688946759259259 0.023654513888888888 0.023726851851851853
5 0.8090277777777778 0.19690393518518517 0.019314236111111112 0.06278935185185185
5 0.2062717013888889 0.21715856481481483 0.024305555555555556 0.07523148148148148
5 0.2855902777777778 0.7238136574074074 0.06553819444444445 0.18229166666666666
1 0.4652777777777778 0.7038483796296297 0.019314236111111112 0.018518518518518517
1 0.8783637152777778 0.7045717592592593 0.017795138888888888 0.01678240740740741
6 0.6370442708333334 0.4839409722222222 0.23567708333333334 0.4320023148148148
1 0.2783203125 0.5798611111111112 0.02734375 0.019965277777777776
1 0.8594835069444444 0.9309895833333334 0.0234375 0.021701388888888888
3 0.7664930555555556 0.09751157407407407 0.040581597222222224 0.037905092592592594
3 0.8936631944444444 0.13049768518518517 0.041015625 0.04832175925925926
5 0.7430555555555556 0.27155671296296297 0.024305555555555556 0.07928240740740741
5 0.037434895833333336 0.2565104166666667 0.023003472222222224 0.0943287037037037
5 0.018771701388888888 0.15943287037037038 0.025607638888888888 0.06568287037037036
5 0.6449652777777778 0.18822337962962962 0.023220486111111112 0.06336805555555555
1 0.2541232638888889 0.8829571759259259 0.022352430555555556 0.021122685185185185
1 0.9875217013888888 0.8838252314814815 0.023003472222222224 0.018518518518518517
5 0.7217881944444444 0.29759837962962965 0.027777777777777776 0.08680555555555555
5 0.6095920138888888 0.1892361111111111 0.022352430555555556 0.06481481481481481
5 0.1865234375 0.09071180555555555 0.020182291666666668 0.05092592592592592
1 0.6419270833333334 0.7770543981481481 0.018012152777777776 0.015914351851851853
2 0.024739583333333332 0.1127025462962963 0.048828125 0.12297453703703703
5 0.19911024305555555 0.16087962962962962 0.021484375 0.06278935185185185
5 0.5797526041666666 0.1423611111111111 0.017361111111111112 0.0546875
5 0.7732204861111112 0.14134837962962962 0.017144097222222224 0.052083333333333336
1 0.9473741319444444 0.6125578703703703 0.015190972222222222 0.015335648148148149
3 0.8211805555555556 0.07971643518518519 0.03233506944444445 0.03443287037037037
5 0.6854383680555556 0.23958333333333334 0.023654513888888888 0.07609953703703703
5 0.8970269097222222 0.6153067129629629 0.04969618055555555 0.1605902777777778
5 0.8292100694444444 0.10865162037037036 0.015407986111111112 0.04513888888888889
1 0.8498263888888888 0.5771122685185185 0.013237847222222222 0.013020833333333334
5 0.6039496527777778 0.12109375 0.016493055555555556 0.047453703703703706
1 0.8028602430555556 0.3917650462962963 0.010351562500000001 0.008961226851851852
3 0.3325737847222222 0.1332465277777778 0.029513888888888888 0.06163194444444445
5 0.7004123263888888 0.2199074074074074 0.021267361111111112 0.06944444444444445
1 0.8970269097222222 0.5211226851851852 0.013454861111111112 0.011863425925925927
1 0.4736328125 0.4564525462962963 0.013237847222222222 0.011284722222222222
5 0.6284722222222222 0.1339699074074074 0.017578125 0.05063657407407408
5 0.3542751736111111 0.9756944444444444 0.103515625 0.04832175925925926
5 0.4919704861111111 0.2109375 0.025173611111111112 0.04195601851851852
5 0.4964192708333333 0.06597222222222222 0.016059027777777776 0.04137731481481482
5 0.4216579861111111 0.10503472222222222 0.016710069444444444 0.051215277777777776
1 0.4862196180555556 0.2912326388888889 0.01171875 0.010416666666666666
1 0.560546875 0.6497395833333334 0.026692708333333332 0.019097222222222224
5 0.6203342013888888 0.16333912037037038 0.017795138888888888 0.05150462962962963
1 0.72365234375 0.31839120370370366 0.008263888888888888 0.008382523148148148
1 0.7258029513888888 0.18800925925925926 0.009639756944444446 0.00720775462962963
1 0.7403168402777778 0.2857204861111111 0.008292100694444445 0.008246527777777778