3 0.44494047619047616 0.562665343915344 0.17683531746031747 0.25066137566137564
3 0.15699404761904762 0.2853835978835979 0.12152777777777778 0.11838624338624339
5 0.7547123015873016 0.8976521164021164 0.08581349206349206 0.2046957671957672
3 0.5731646825396826 0.31646825396825395 0.09771825396825397 0.12103174603174603
5 0.28893849206349204 0.7347883597883598 0.06473214285714286 0.22850529100529102
5 0.22544642857142858 0.5491071428571429 0.05803571428571429 0.1818783068783069
5 0.8990575396825397 0.9211309523809523 0.09027777777777778 0.15773809523809523
5 0.05555555555555555 0.4393187830687831 0.04811507936507937 0.13657407407407407
3 0.27380952380952384 0.22784391534391535 0.10664682539682539 0.07208994708994709
5 0.28695436507936506 0.4353505291005291 0.040426587301587304 0.13161375661375663
5 0.10863095238095238 0.5140542328042328 0.05679563492063492 0.15906084656084657
5 0.3645833333333333 0.3864087301587302 0.046875 0.12400793650793651
5 0.13653273809523808 0.7412367724867724 0.07564484126984126 0.24107142857142858
5 0.1589781746031746 0.6349206349206349 0.06671626984126984 0.1650132275132275
5 0.27318948412698413 0.341765873015873 0.03546626984126984 0.10813492063492064
5 0.474578373015873 0.27397486772486773 0.027529761904761904 0.08333333333333333
5 0.41220238095238093 0.24718915343915343 0.025297619047619048 0.08068783068783068
5 0.5063244047619048 0.26769179894179895 0.023561507936507936 0.083994708994709
6 0.6274801587301587 0.07275132275132275 0.038938492063492064 0.06613756613756613
6 0.5680803571428571 0.1962632275132275 0.06845238095238096 0.13525132275132276
5 0.7025049603174603 0.1595568783068783 0.018601190476190476 0.05555555555555555
5 0.5031001984126984 0.13343253968253968 0.015376984126984126 0.0496031746031746
5 0.5251736111111112 0.1388888888888889 0.016617063492063492 0.050595238095238096
5 0.28608630952380953 0.29480820105820105 0.028273809523809524 0.08035714285714286
5 0.6695188492063492 0.1744378306878307 0.017609126984126984 0.05886243386243386
5 0.35788690476190477 0.32490079365079366 0.03273809523809524 0.0796957671957672
5 0.4320436507936508 0.19427910052910052 0.017857142857142856 0.06084656084656084
5 0.46106150793650796 0.1800595238095238 0.021825396825396824 0.06117724867724868
5 0.4908234126984127 0.11607142857142858 0.015128968253968254 0.04431216931216931
5 0.6789434523809523 0.14583333333333334 0.018105158730158732 0.050595238095238096
5 0.6915922619047619 0.10102513227513228 0.013888888888888888 0.037037037037037035
3 0.37810019841269843 0.0701058201058201 0.03373015873015873 0.034722222222222224
0 0.4296875 0.6486441798941799 0.041914682539682536 0.01455026455026455
5 0.6510416666666666 0.15128968253968253 0.016617063492063492 0.05257936507936508
0 0.5600198412698413 0.35102513227513227 0.023561507936507936 0.008928571428571428
5 0.44345238095238093 0.16650132275132276 0.019345238095238096 0.05654761904761905
5 0.5471974206349207 0.11714947089947089 0.014632936507936508 0.0419973544973545
5 0.8487078373015873 0.10560846560846561 0.013159722222222222 0.03449735449735449
5 0.21502480158730158 0.21098544973544972 0.026279761904761903 0.06347883597883598
5 0.5286458333333334 0.1023478835978836 0.012152777777777778 0.03439153439153439
5 0.5916369047619048 0.07214616402116401 0.010806051587301588 0.031431878306878304
5 0.5819791666666666 0.06348544973544973 0.010200892857142858 0.029576719576719576
5 0.45143849206349207 0.11701719576719577 0.014536210317460318 0.039113756613756614
0 0.1293402777777778 0.3186177248677249 0.019097222222222224 0.008597883597883597
5 0.5610119047619048 0.06845238095238096 0.011408730158730158 0.036044973544973546
5 0.511780753968254 0.09408068783068783 0.01314484126984127 0.04034391534391534
5 0.6727430555555556 0.09573412698412699 0.01314484126984127 0.03670634920634921
5 0.5634920634920635 0.11144179894179894 0.013888888888888888 0.03670634920634921
5 0.011532738095238096 0.21841931216931218 0.022817460317460316 0.06117724867724868
5 0.71875 0.06729497354497355 0.011656746031746032 0.034722222222222224
5 0.6530257936507936 0.12235449735449735 0.014136904761904762 0.02976190476190476
5 0.545689484126984 0.08620701058201058 0.012757936507936508 0.03678240740740741
5 0.547326388888889 0.062414021164021165 0.009481646825396825 0.024596560846560846