5 0.7826605902777778 0.3816550925925926 0.0818142361111111 0.2734375
5 0.6070963541666666 0.3111979166666667 0.06901041666666667 0.24913194444444445
5 0.3029513888888889 0.6231192129629629 0.10221354166666667 0.32002314814814814
5 0.08355034722222222 0.47120949074074076 0.09244791666666667 0.2838541666666667
5 0.5277777777777778 0.6352719907407407 0.103515625 0.33738425925925924
5 0.9697265625 0.3527199074074074 0.059895833333333336 0.25028935185185186
5 0.16612413194444445 0.34563078703703703 0.07074652777777778 0.24913194444444445
5 0.3856336805555556 0.19994212962962962 0.056206597222222224 0.1996527777777778
5 0.0886501736111111 0.07306134259259259 0.052083333333333336 0.14612268518518517
5 0.4796006944444444 0.07609953703703703 0.049479166666666664 0.15219907407407407
5 0.2475043402777778 0.03732638888888889 0.04188368055555555 0.07465277777777778
5 0.5327690972222222 0.038483796296296294 0.04210069444444445 0.07696759259259259