2 0.3010912698412698 0.3316798941798942 0.1297123015873016 0.1746031746031746
5 0.9348958333333334 0.4748677248677249 0.04092261904761905 0.10482804232804233
5 0.6670386904761905 0.5563822751322751 0.04265873015873016 0.13326719576719576
6 0.4599454365079365 0.31283068783068785 0.06498015873015874 0.12037037037037036
5 0.5595238095238095 0.3958333333333333 0.028521825396825396 0.08564814814814815
3 0.5141369047619048 0.24272486772486773 0.027777777777777776 0.040674603174603176
5 0.6375248015873016 0.38756613756613756 0.027529761904761904 0.08267195767195767
2 0.41530257936507936 0.16203703703703703 0.045882936507936505 0.055224867724867725
5 0.5884176587301587 0.3384589947089947 0.024057539682539684 0.0710978835978836
5 0.9815228174603174 0.2681878306878307 0.03670634920634921 0.05257936507936508
5 0.4202628968253968 0.25033068783068785 0.016121031746031748 0.04794973544973545
6 0.5536954365079365 0.26173941798941797 0.061755952380952384 0.12301587301587301
3 0.6903521825396826 0.17857142857142858 0.017857142857142856 0.03009259259259259
5 0.23139880952380953 0.2867063492063492 0.03050595238095238 0.046957671957671955
5 0.7300347222222222 0.23528439153439154 0.014384920634920634 0.04265873015873016
5 0.6941443452380952 0.2378472222222222 0.012752976190476191 0.03885582010582011
5 0.9078621031746031 0.23874669312169314 0.016865079365079364 0.039421296296296295
2 0.5400545634920635 0.14699074074074073 0.026785714285714284 0.037698412698412696
2 0.4929315476190476 0.20557870370370368 0.033234126984126984 0.05676917989417989
5 0.8928571428571429 0.210978835978836 0.02628968253968254 0.037698412698412696
1 0.9482886904761905 0.49503968253968256 0.010416666666666666 0.00992063492063492
5 0.511656746031746 0.1917989417989418 0.012896825396825396 0.032407407407407406
5 0.4174107142857143 0.21792328042328044 0.012648809523809524 0.03273809523809524
5 0.8741319444444444 0.20089285714285715 0.022321428571428572 0.036375661375661374
5 0.00992063492063492 0.3956679894179894 0.01984126984126984 0.09126984126984126
1 0.2877480158730159 0.40568783068783065 0.012249503968253968 0.008792989417989418
1 0.4577380952380952 0.35790343915343914 0.010964781746031747 0.008204365079365079
6 0.3602777777777778 0.24814484126984127 0.06980654761904762 0.07500992063492064
5 0.6871800595238096 0.22307870370370372 0.010133928571428572 0.03743716931216931