5 0.6101345486111112 0.5716145833333334 0.06879340277777778 0.22251157407407407
5 0.24186197916666666 0.6765046296296297 0.07335069444444445 0.2589699074074074
5 0.7413194444444444 0.33883101851851855 0.05056423611111111 0.1652199074074074
5 0.1462673611111111 0.10619212962962964 0.031032986111111112 0.10706018518518519
5 0.6354166666666666 0.1785300925925926 0.03884548611111111 0.12123842592592593
5 0.22819010416666666 0.08723958333333333 0.036675347222222224 0.10300925925925926
5 0.2790798611111111 0.14149305555555555 0.035807291666666664 0.10850694444444445
5 0.3643663194444444 0.04658564814814815 0.03342013888888889 0.07523148148148148
5 0.3590494791666667 0.0954861111111111 0.030815972222222224 0.09693287037037036
5 0.3994140625 0.019965277777777776 0.025607638888888888 0.03993055555555555
5 0.5094401041666666 0.033275462962962965 0.029079861111111112 0.06597222222222222