3 0.43365575396825395 0.4580026455026455 0.1701388888888889 0.25033068783068785
3 0.7269345238095238 0.1779100529100529 0.11755952380952381 0.16898148148148148
5 0.2605406746031746 0.8344907407407407 0.1111111111111111 0.32936507936507936
5 0.1437251984126984 0.2867063492063492 0.052083333333333336 0.1583994708994709
5 0.24305555555555555 0.13988095238095238 0.038938492063492064 0.11177248677248677
5 0.2569444444444444 0.3219246031746032 0.05233134920634921 0.16898148148148148
5 0.2974950396825397 0.046792328042328045 0.03149801587301587 0.08895502645502645
5 0.4565972222222222 0.03736772486772487 0.027529761904761904 0.07473544973544974
5 0.37028769841269843 0.16021825396825398 0.03869047619047619 0.1292989417989418
1 0.7289186507936508 0.22288359788359788 0.017361111111111112 0.015873015873015872
0 0.41297619047619044 0.5452017195767196 0.042467757936507936 0.018644179894179894
5 0.5753968253968254 0.007771164021164021 0.018353174603174604 0.015542328042328041
5 0.4728422619047619 0.02447089947089947 0.024553571428571428 0.04894179894179894