5 0.4036458333333333 0.6294642857142857 0.05803571428571429 0.19808201058201058
5 0.33469742063492064 0.47619047619047616 0.047371031746031744 0.13723544973544974
5 0.24094742063492064 0.5874669312169312 0.050595238095238096 0.17328042328042328
5 0.0648561507936508 0.90244708994709 0.11160714285714286 0.19510582010582012
5 0.13740079365079366 0.4333664021164021 0.043402777777777776 0.12962962962962962
5 0.46899801587301587 0.42410714285714285 0.037698412698412696 0.12235449735449735
3 0.9626736111111112 0.2177579365079365 0.04092261904761905 0.07076719576719577
5 0.3635912698412698 0.36474867724867727 0.043402777777777776 0.10747354497354497
5 0.045262896825396824 0.48048941798941797 0.049107142857142856 0.15542328042328044
5 0.15228174603174602 0.3533399470899471 0.037698412698412696 0.09325396825396826
5 0.06770833333333333 0.533234126984127 0.053075396825396824 0.1669973544973545
3 0.6328125 0.10168650793650794 0.030009920634920636 0.032407407407407406
5 0.2952628968253968 0.30671296296296297 0.03149801587301587 0.09126984126984126
5 0.5935019841269841 0.24933862433862433 0.023313492063492064 0.07473544973544974
5 0.5002480158730159 0.23958333333333334 0.023809523809523808 0.06977513227513228
5 0.5338541666666666 0.2542989417989418 0.024057539682539684 0.07705026455026455
5 0.650421626984127 0.23098544973544974 0.02132936507936508 0.07043650793650794
5 0.18824404761904762 0.27562830687830686 0.025793650793650792 0.07903439153439154
5 0.5223214285714286 0.19163359788359788 0.019593253968253968 0.06084656084656084
3 0.3353174603174603 0.08862433862433862 0.03249007936507937 0.034722222222222224
5 0.5574156746031746 0.15856481481481483 0.017609126984126984 0.052248677248677246
5 0.40848214285714285 0.24553571428571427 0.023313492063492064 0.07175925925925926
5 0.4201388888888889 0.21197089947089948 0.022321428571428572 0.06514550264550265
5 0.4623015873015873 0.15790343915343916 0.017609126984126984 0.05291005291005291
5 0.40314980158730157 0.1488095238095238 0.016617063492063492 0.051587301587301584
5 0.48425099206349204 0.14484126984126985 0.015625 0.05191798941798942
5 0.5364583333333334 0.1283068783068783 0.014632936507936508 0.04398148148148148
5 0.5034722222222222 0.12665343915343916 0.01314484126984127 0.041005291005291
3 0.6546378968253969 0.06365740740740741 0.024305555555555556 0.027447089947089946
5 0.5688244047619048 0.12103174603174603 0.013392857142857142 0.040674603174603176
5 0.1362847222222222 0.24388227513227514 0.040426587301587304 0.06183862433862434
5 0.990203373015873 0.15178571428571427 0.015625 0.04431216931216931
5 0.5519593253968254 0.11210317460317461 0.014632936507936508 0.03902116402116402
5 0.6077628968253969 0.14203042328042328 0.01314484126984127 0.046957671957671955
5 0.9553571428571429 0.167989417989418 0.018105158730158732 0.0333994708994709
5 0.5240575396825397 0.11193783068783068 0.01314484126984127 0.041005291005291
5 0.49625 0.11064153439153439 0.01306547619047619 0.03946759259259259