3 0.1593501984126984 0.27628968253968256 0.1232638888888889 0.11838624338624339
6 0.4567212301587302 0.4632936507936508 0.17683531746031747 0.32936507936507936
5 0.7803819444444444 0.6689814814814815 0.058779761904761904 0.207010582010582
5 0.036458333333333336 0.6374007936507936 0.07291666666666667 0.2156084656084656
5 0.14347718253968253 0.8659060846560847 0.08854166666666667 0.2681878306878307
3 0.27529761904761907 0.3230820105820106 0.09722222222222222 0.11276455026455026
5 0.2082093253968254 0.44775132275132273 0.04712301587301587 0.1421957671957672
6 0.5363343253968254 0.28125 0.09895833333333333 0.18617724867724866
6 0.5843253968253969 0.12665343915343916 0.05133928571428571 0.09755291005291006
5 0.662078373015873 0.4409722222222222 0.04017857142857143 0.13723544973544974
5 0.6901041666666666 0.3845899470899471 0.03670634920634921 0.12202380952380952
5 0.14050099206349206 0.7245370370370371 0.07738095238095238 0.18386243386243387
5 0.2533482142857143 0.38525132275132273 0.04563492063492063 0.12533068783068782
5 0.7430555555555556 0.34308862433862436 0.03298611111111111 0.10416666666666667
5 0.707093253968254 0.296792328042328 0.029017857142857144 0.08961640211640212
5 0.2951388888888889 0.23660714285714285 0.024305555555555556 0.06845238095238096
5 0.3732638888888889 0.32275132275132273 0.031746031746031744 0.10714285714285714
6 0.7062251984126984 0.042328042328042326 0.03670634920634921 0.06911375661375661
3 0.5531994047619048 0.0667989417989418 0.028273809523809524 0.031746031746031744
5 0.3239087301587302 0.25744047619047616 0.028273809523809524 0.08234126984126984
5 0.3897569444444444 0.2607473544973545 0.02554563492063492 0.08234126984126984
5 0.4755704365079365 0.2673611111111111 0.027529761904761904 0.06283068783068783
3 0.6307043650793651 0.12185846560846561 0.03298611111111111 0.04298941798941799
5 0.6501736111111112 0.15261243386243387 0.019097222222222224 0.056878306878306875
5 0.5347222222222222 0.11359126984126984 0.015376984126984126 0.04563492063492063
1 0.4384920634920635 0.595568783068783 0.0248015873015873 0.017526455026455025
5 0.43253968253968256 0.226521164021164 0.024057539682539684 0.07605820105820106
5 0.4673859126984127 0.16980820105820105 0.017857142857142856 0.056878306878306875
5 0.6960565476190477 0.1765873015873016 0.023313492063492064 0.06911375661375661
3 0.6460813492063492 0.09986772486772487 0.03249007936507937 0.03935185185185185
0 0.1310763888888889 0.30952380952380953 0.020337301587301588 0.008928571428571428
5 0.6711309523809523 0.07506613756613757 0.011160714285714286 0.031746031746031744
5 0.48549107142857145 0.20833333333333334 0.023065476190476192 0.0667989417989418
5 0.6995287698412699 0.10466269841269842 0.014384920634920634 0.04365079365079365
3 0.6201636904761905 0.08581349206349206 0.030257936507936508 0.037698412698412696
5 0.4904513888888889 0.1388888888888889 0.016617063492063492 0.051587301587301584
5 0.519593253968254 0.09523809523809523 0.012648809523809524 0.03968253968253968
5 0.42063492063492064 0.19642857142857142 0.01984126984126984 0.06283068783068783
5 0.8318849206349206 0.16148478835978836 0.01570436507936508 0.051699735449735454
5 0.5085565476190477 0.17691798941798942 0.025049603174603176 0.047619047619047616
5 0.4310515873015873 0.1650132275132275 0.019097222222222224 0.04927248677248677
5 0.5055803571428571 0.10830026455026455 0.014632936507936508 0.04332010582010582
5 0.48127480158730157 0.12466931216931217 0.015128968253968254 0.04927248677248677
5 0.8541666666666666 0.16964616402116403 0.013640873015873016 0.05587632275132275
5 0.4929315476190476 0.09705687830687831 0.012152777777777778 0.03802910052910053
5 0.36731150793650796 0.27099867724867727 0.02703373015873016 0.05952380952380952
2 0.5940773809523809 0.048346560846560846 0.03625992063492063 0.05033399470899471
4 0.44503968253968257 0.09943783068783069 0.012906746031746031 0.045512566137566136
5 0.840813492063492 0.13917989417989418 0.013273809523809525 0.05068452380952381