3 0.34263392857142855 0.2878637566137566 0.11755952380952381 0.13624338624338625
3 0.25471230158730157 0.8738425925925926 0.29365079365079366 0.2523148148148148
3 0.40811011904761907 0.20171957671957672 0.06994047619047619 0.08267195767195767
3 0.6526537698412699 0.226521164021164 0.07415674603174603 0.09193121693121693
5 0.2632688492063492 0.5691137566137566 0.054811507936507936 0.18518518518518517
5 0.37375992063492064 0.458994708994709 0.044642857142857144 0.15178571428571427
3 0.6471974206349206 0.11623677248677249 0.05133928571428571 0.06316137566137567
5 0.45300099206349204 0.4097222222222222 0.04290674603174603 0.13921957671957672
3 0.6692708333333334 0.07291666666666667 0.04538690476190476 0.05191798941798942
3 0.8407738095238095 0.08068783068783068 0.03521825396825397 0.05092592592592592
3 0.6087549603174603 0.07192460317460317 0.03422619047619048 0.04298941798941799
5 0.5378224206349206 0.16782407407407407 0.023809523809523808 0.07142857142857142
5 0.24739583333333334 0.2101521164021164 0.026041666666666668 0.0744047619047619
5 0.5694444444444444 0.08118386243386243 0.01711309523809524 0.04894179894179894
5 0.43700396825396826 0.10085978835978836 0.018601190476190476 0.054563492063492064
5 0.8526785714285714 0.1498015873015873 0.017857142857142856 0.06580687830687831
3 0.615203373015873 0.041666666666666664 0.033482142857142856 0.03902116402116402
5 0.5306299603174603 0.07605820105820106 0.015625 0.052248677248677246
5 0.5119047619047619 0.06977513227513228 0.015376984126984126 0.04794973544973545
3 0.6873759920634921 0.019014550264550265 0.028769841269841268 0.03207671957671958
3 0.37785218253968256 0.02414021164021164 0.033482142857142856 0.03406084656084656
5 0.6320684523809523 0.01521164021164021 0.014136904761904762 0.02943121693121693
5 0.5436507936507936 0.03257275132275132 0.013392857142857142 0.036375661375661374
5 0.5642361111111112 0.05340608465608466 0.015128968253968254 0.03505291005291005
5 0.5786210317460317 0.02199074074074074 0.011408730158730158 0.034722222222222224
1 0.3195957341269841 0.3306878306878307 0.0165625 0.012235449735449735