6 0.4462890625 0.20804398148148148 0.3044704861111111 0.41608796296296297
3 0.8043619791666666 0.7090567129629629 0.2300347222222222 0.2907986111111111
5 0.2722439236111111 0.8203125 0.09244791666666667 0.29050925925925924
5 0.1736111111111111 0.5632233796296297 0.061197916666666664 0.2092013888888889
5 0.091796875 0.5381944444444444 0.06380208333333333 0.21006944444444445
5 0.7374131944444444 0.3658854166666667 0.04578993055555555 0.15538194444444445
3 0.19368489583333334 0.03877314814814815 0.07074652777777778 0.0775462962962963
5 0.08604600694444445 0.3929398148148148 0.054253472222222224 0.16030092592592593
5 0.9559461805555556 0.10503472222222222 0.072265625 0.08333333333333333
5 0.2758246527777778 0.4129050925925926 0.049479166666666664 0.17042824074074073
5 0.1745876736111111 0.1166087962962963 0.03602430555555555 0.09953703703703703
5 0.2349175347222222 0.14742476851851852 0.035807291666666664 0.10532407407407407
5 0.07194010416666667 0.019965277777777776 0.027777777777777776 0.039641203703703706
5 0.012261284722222222 0.5018807870370371 0.024305555555555556 0.20023148148148148
0 0.8178168402777778 0.8203125 0.059027777777777776 0.017939814814814815
1 0.5109592013888888 0.3684895833333333 0.0234375 0.01765046296296296
5 0.09364149305555555 0.12413194444444445 0.07378472222222222 0.12384259259259259
1 0.20483072916666667 0.05243634259259259 0.016957465277777778 0.006099537037037036