3 0.09685019841269842 0.6499669312169312 0.19370039682539683 0.19510582010582012
3 0.4489087301587302 0.5788690476190477 0.12028769841269842 0.16104497354497355
3 0.3029513888888889 0.5016534391534392 0.11210317460317461 0.105489417989418
5 0.730530753968254 0.9006283068783069 0.0689484126984127 0.19874338624338625
5 0.5658482142857143 0.8318452380952381 0.059027777777777776 0.2013888888888889
2 0.3256448412698413 0.37863756613756616 0.14186507936507936 0.164021164021164
3 0.5146329365079365 0.4126984126984127 0.05803571428571429 0.0710978835978836
5 0.6200396825396826 0.7162698412698413 0.05555555555555555 0.16964285714285715
3 0.3097718253968254 0.9282407407407407 0.22842261904761904 0.14351851851851852
3 0.4730902777777778 0.36590608465608465 0.05505952380952381 0.06382275132275132
3 0.8903769841269841 0.34242724867724866 0.053075396825396824 0.04563492063492063
3 0.560515873015873 0.2916666666666667 0.032242063492063495 0.03935185185185185
3 0.49975198412698413 0.31977513227513227 0.040674603174603176 0.04794973544973545
5 0.27938988095238093 0.6046626984126984 0.040674603174603176 0.1259920634920635
5 0.7219742063492064 0.6005291005291006 0.04265873015873016 0.12632275132275134
5 0.38293650793650796 0.5203373015873016 0.03968253968253968 0.10615079365079365
3 0.45349702380952384 0.28422619047619047 0.03571428571428571 0.03869047619047619
5 0.6135912698412699 0.4968584656084656 0.030009920634920636 0.10052910052910052
3 0.513640873015873 0.289021164021164 0.03273809523809524 0.03869047619047619
5 0.6871279761904762 0.5355489417989417 0.03546626984126984 0.10482804232804233
5 0.43365575396825395 0.4666005291005291 0.028769841269841268 0.08134920634920635
3 0.541046626984127 0.23561507936507936 0.019593253968253968 0.02017195767195767
5 0.4182787698412698 0.3768187830687831 0.019345238095238096 0.0582010582010582
5 0.4322916666666667 0.3501984126984127 0.01636904761904762 0.047619047619047616
5 0.4600694444444444 0.31398809523809523 0.015128968253968254 0.044642857142857144
5 0.12996031746031747 0.4356812169312169 0.05555555555555555 0.06779100529100529
5 0.4365079365079365 0.4126984126984127 0.022817460317460316 0.0582010582010582
5 0.42943948412698413 0.27414021164021163 0.011656746031746032 0.02943121693121693
5 0.675843253968254 0.49173280423280424 0.026041666666666668 0.07771164021164022
1 0.42782738095238093 0.6359126984126984 0.017609126984126984 0.012896825396825396
5 0.5822172619047619 0.2804232804232804 0.011160714285714286 0.032407407407407406
5 0.6001984126984127 0.30357142857142855 0.012896825396825396 0.04332010582010582
5 0.5988343253968254 0.28158068783068785 0.011656746031746032 0.02943121693121693
1 0.0190625 0.7210648148148148 0.01984126984126984 0.01488095238095238
1 0.27113839285714286 0.5361243386243386 0.01308779761904762 0.010962301587301587
1 0.2927058531746032 0.4493783068783069 0.010463789682539682 0.007364417989417989
0 0.5110119047619048 0.4331547619047619 0.01445188492063492 0.005333994708994708
0 0.46542658730158726 0.3836805555555556 0.012750496031746031 0.004566798941798942
6 0.6934895833333333 0.2364914021164021 0.014791666666666667 0.03244708994708995
3 0.5723834325396825 0.22671626984126986 0.015466269841269841 0.01884589947089947
3 0.5941741071428571 0.22907076719576722 0.017172619047619048 0.020304232804232804
3 0.5212599206349205 0.228015873015873 0.018142361111111113 0.015598544973544974
3 0.5103050595238096 0.21884589947089947 0.014246031746031746 0.014460978835978834
5 0.5551612103174602 0.22574404761904762 0.005607638888888889 0.016898148148148148
5 0.5647792658730159 0.23466931216931217 0.006339285714285714 0.018197751322751324
5 0.5996527777777778 0.24384259259259258 0.007926587301587303 0.01998346560846561
5 0.5028199404761905 0.2604761904761905 0.008526785714285714 0.025343915343915346
5 0.4851686507936508 0.2877579365079365 0.009499007936507936 0.03153769841269841
5 0.4839508928571428 0.2557109788359788 0.00730654761904762 0.022255291005291004
5 0.4897941468253968 0.280869708994709 0.00828125 0.028753306878306878