3 0.44841269841269843 0.5720899470899471 0.17981150793650794 0.2562830687830688
3 0.7208581349206349 0.3296957671957672 0.09871031746031746 0.12037037037037036
5 0.17137896825396826 0.44047619047619047 0.05357142857142857 0.1541005291005291
5 0.7868303571428571 0.5295965608465608 0.04836309523809524 0.16964285714285715
3 0.6356646825396826 0.14616402116402116 0.054811507936507936 0.06580687830687831
5 0.2880704365079365 0.9247685185185185 0.11160714285714286 0.15046296296296297
5 0.8617311507936508 0.7807539682539683 0.08209325396825397 0.2619047619047619
5 0.6302083333333334 0.5299272486772487 0.04935515873015873 0.16964285714285715
3 0.6723710317460317 0.08548280423280423 0.044642857142857144 0.04927248677248677
3 0.5017361111111112 0.20403439153439154 0.0716765873015873 0.07936507936507936
5 0.36929563492063494 0.30505952380952384 0.03521825396825397 0.1111111111111111
5 0.2775297619047619 0.3470568783068783 0.045882936507936505 0.12235449735449735
3 0.7025049603174603 0.040674603174603176 0.03546626984126984 0.041005291005291
5 0.4914434523809524 0.3912037037037037 0.03943452380952381 0.11441798941798942
5 0.6320684523809523 0.4031084656084656 0.03844246031746032 0.12896825396825398
5 0.6530257936507936 0.2508267195767196 0.02703373015873016 0.09193121693121693
5 0.19456845238095238 0.3166335978835979 0.037698412698412696 0.1087962962962963
5 0.4383680555555556 0.2576058201058201 0.03050595238095238 0.10152116402116403
3 0.5631200396825397 0.11474867724867725 0.04538690476190476 0.056878306878306875
5 0.5006200396825397 0.3091931216931217 0.03695436507936508 0.09953703703703703
5 0.3131200396825397 0.24933862433862433 0.03050595238095238 0.09391534391534391
5 0.7545882936507936 0.14649470899470898 0.01984126984126984 0.062169312169312166
5 0.44494047619047616 0.19130291005291006 0.023313492063492064 0.06944444444444445
5 0.7522321428571429 0.20965608465608465 0.02628968253968254 0.08101851851851852
5 0.41418650793650796 0.2078373015873016 0.023809523809523808 0.0787037037037037
5 0.90625 0.13111772486772486 0.018105158730158732 0.05886243386243386
3 0.24764384920634921 0.18171296296296297 0.10044642857142858 0.06580687830687831
5 0.5135168650793651 0.24289021164021163 0.029513888888888888 0.083994708994709
3 0.9185267857142857 0.019675925925925927 0.02628968253968254 0.036044973544973546
5 0.5670882936507936 0.13442460317460317 0.017609126984126984 0.054563492063492064
3 0.4383680555555556 0.028769841269841268 0.03298611111111111 0.035383597883597885
5 0.6072668650793651 0.037533068783068786 0.013640873015873016 0.03835978835978836
5 0.6657986111111112 0.03670634920634921 0.01240079365079365 0.03505291005291005
5 0.6195436507936508 0.022486772486772486 0.011656746031746032 0.036044973544973546
0 0.4266592261904762 0.664160052910053 0.04094246031746032 0.015982142857142858
5 0.04451884920634921 0.20320767195767195 0.06076388888888889 0.05853174603174603
5 0.5907738095238095 0.031084656084656083 0.01314484126984127 0.041666666666666664
0 0.717172619047619 0.3665873015873016 0.025443948412698415 0.009517195767195768
4 0.1495188492063492 0.19443121693121695 0.02110863095238095 0.04831349206349206