3 0.4356553819444444 0.5808738425925926 0.20052083333333334 0.2572337962962963
5 0.1708984375 0.5904224537037037 0.06901041666666667 0.2048611111111111
3 0.043294270833333336 0.2582465277777778 0.08658854166666667 0.12297453703703703
5 0.2416449652777778 0.4934895833333333 0.059244791666666664 0.18518518518518517
5 0.6413845486111112 0.3919270833333333 0.046440972222222224 0.1423611111111111
5 0.3913845486111111 0.3541666666666667 0.039496527777777776 0.12991898148148148
3 0.9749348958333334 0.42173032407407407 0.04991319444444445 0.17418981481481483
5 0.7198350694444444 0.4296875 0.049262152777777776 0.15596064814814814
2 0.2150607638888889 0.034722222222222224 0.0954861111111111 0.06944444444444445
5 0.6157769097222222 0.2265625 0.03342013888888889 0.09895833333333333
5 0.5430772569444444 0.28370949074074076 0.033854166666666664 0.1099537037037037
5 0.4301215277777778 0.2569444444444444 0.03233506944444445 0.10734953703703703
5 0.5054253472222222 0.16304976851851852 0.028428819444444444 0.08449074074074074
5 0.4112413194444444 0.12745949074074073 0.024088541666666668 0.07233796296296297
5 0.3620876736111111 0.20124421296296297 0.026041666666666668 0.08883101851851852
5 0.3136935763888889 0.18952546296296297 0.025390625 0.08275462962962964
5 0.4358723958333333 0.9276620370370371 0.11046006944444445 0.14438657407407407
5 0.5600043402777778 0.12485532407407407 0.026692708333333332 0.07552083333333333
1 0.047309027777777776 0.28833912037037035 0.017578125 0.01273148148148148
5 0.3829210069444444 0.06901041666666667 0.019748263888888888 0.06105324074074074
5 0.3351779513888889 0.14916087962962962 0.026041666666666668 0.07465277777777778
5 0.6133897569444444 0.15494791666666666 0.02734375 0.07233796296296297
5 0.3484157986111111 0.08130787037037036 0.018663194444444444 0.0625
0 0.4084201388888889 0.6799768518518519 0.04318576388888889 0.015625
5 0.013454861111111112 0.6155960648148148 0.026909722222222224 0.19010416666666666
5 0.6750217013888888 0.05367476851851852 0.019314236111111112 0.06105324074074074
5 0.5946180555555556 0.10691550925925926 0.020616319444444444 0.06510416666666667
5 0.7254774305555556 0.05396412037037037 0.021050347222222224 0.05555555555555555
5 0.6498480902777778 0.0876736111111111 0.021701388888888888 0.06452546296296297
5 0.03634982638888889 0.016493055555555556 0.03125 0.03298611111111111
5 0.4512803819444444 0.0943287037037037 0.022352430555555556 0.06510416666666667
5 0.5377604166666666 0.05483217592592592 0.018880208333333332 0.0546875
5 0.7093098958333334 0.03530092592592592 0.019965277777777776 0.05237268518518518
5 0.6324869791666666 0.040219907407407406 0.020182291666666668 0.054108796296296294
5 0.5062934027777778 0.031684027777777776 0.019748263888888888 0.045717592592592594
5 0.4651692708333333 0.078125 0.021050347222222224 0.06770833333333333
5 0.5010850694444444 0.0759548611111111 0.020399305555555556 0.05787037037037037
5 0.52453125 0.08517071759259259 0.020815972222222222 0.0562181712962963
5 0.016059027777777776 0.016059027777777776 0.031684027777777776 0.03211805555555555
5 0.5070529513888888 0.10677083333333333 0.025607638888888888 0.05439814814814815
5 0.6116536458333334 0.09230324074074074 0.021050347222222224 0.061921296296296294
5 0.5896267361111112 0.07609953703703703 0.022135416666666668 0.05700231481481482
5 0.4672309027777778 0.42390046296296297 0.05295138888888889 0.0798611111111111
5 0.5611979166666666 0.0798611111111111 0.020399305555555556 0.048900462962962965
4 0.07277777777777777 0.07547164351851851 0.017643229166666666 0.05684895833333333
5 0.5679448784722223 0.05348090277777778 0.014388020833333333 0.04967013888888889
5 0.5204448784722222 0.06175925925925926 0.01675347222222222 0.053084490740740745
1 0.19918836805555556 0.05759259259259259 0.00822265625 0.0064438657407407405