5 0.3049045138888889 0.6073495370370371 0.1603732638888889 0.2986111111111111
5 0.3629557291666667 0.3151041666666667 0.10069444444444445 0.24537037037037038
5 0.8111979166666666 0.4340277777777778 0.13020833333333334 0.27662037037037035
5 0.7252604166666666 0.37008101851851855 0.1325954861111111 0.2378472222222222
5 0.5349392361111112 0.28313078703703703 0.09331597222222222 0.22916666666666666
5 0.14344618055555555 0.3337673611111111 0.091796875 0.24768518518518517
1 0.16927083333333334 0.3919270833333333 0.024088541666666668 0.023148148148148147
1 0.4002821180555556 0.3641493055555556 0.022569444444444444 0.024016203703703703
1 0.3707682291666667 0.6795428240740741 0.024522569444444444 0.029513888888888888
1 0.8578559027777778 0.4837962962962963 0.024739583333333332 0.027199074074074073
5 0.9243706597222222 0.2120949074074074 0.06749131944444445 0.19444444444444445
5 0.9683159722222222 0.32219328703703703 0.06315104166666667 0.1574074074074074
1 0.5583984375 0.32381076388888885 0.02396050347222222 0.021061921296296297
1 0.9425998263888888 0.2526041666666667 0.022135416666666668 0.021701388888888888