3 0.43353174603174605 0.5816798941798942 0.11805555555555555 0.16765873015873015
3 0.3990575396825397 0.4398148148148148 0.0920138888888889 0.10681216931216932
2 0.3587549603174603 0.283234126984127 0.10714285714285714 0.14814814814814814
5 0.1847718253968254 0.8639219576719577 0.07539682539682539 0.2628968253968254
3 0.5654761904761905 0.35714285714285715 0.07142857142857142 0.08664021164021164
3 0.4861111111111111 0.30340608465608465 0.05133928571428571 0.060515873015873016
3 0.5684523809523809 0.2698412698412698 0.044890873015873016 0.052248677248677246
2 0.4079861111111111 0.17625661375661375 0.04439484126984127 0.06613756613756613
3 0.4756944444444444 0.2693452380952381 0.047867063492063495 0.05357142857142857
5 0.2803819444444444 0.32837301587301587 0.0220734126984127 0.06613756613756613
6 0.7136656746031746 0.16997354497354497 0.037698412698412696 0.050595238095238096
3 0.21676587301587302 0.3005952380952381 0.09300595238095238 0.05026455026455026
5 0.9872271825396826 0.3113425925925926 0.025049603174603176 0.06316137566137567
3 0.5226934523809523 0.17328042328042328 0.022817460317460316 0.02943121693121693
3 0.5452628968253969 0.18981481481481483 0.031001984126984128 0.03373015873015873
1 0.4290674603174603 0.6367261904761905 0.02132936507936508 0.014246031746031746
1 0.3897470238095238 0.47455026455026456 0.015687003968253968 0.011491402116402117
5 0.5613839285714286 0.2326388888888889 0.01488095238095238 0.028108465608465607
5 0.5417906746031746 0.22486772486772486 0.014632936507936508 0.03968253968253968
5 0.5426587301587301 0.3166335978835979 0.022817460317460316 0.046957671957671955
5 0.5597718253968254 0.19510582010582012 0.011904761904761904 0.03505291005291005
5 0.01314484126984127 0.3955026455026455 0.026041666666666668 0.07804232804232804
5 0.8665674603174603 0.20634920634920634 0.012152777777777778 0.03505291005291005
6 0.4941790674603175 0.20371362433862433 0.044446924603174606 0.09864087301587303
6 0.46566964285714285 0.19006944444444443 0.04473958333333333 0.07836640211640211
6 0.7362375992063492 0.18904431216931217 0.021205357142857144 0.06343915343915343
1 0.5668948412698412 0.3852876984126984 0.01206845238095238 0.008736772486772487