2 0.20151289682539683 0.37003968253968256 0.36607142857142855 0.39880952380952384
3 0.5348462301587301 0.8493716931216931 0.2591765873015873 0.3012566137566138
5 0.8031994047619048 0.5834986772486772 0.060515873015873016 0.20205026455026456
3 0.6845238095238095 0.2286706349206349 0.08878968253968254 0.11904761904761904
3 0.5174851190476191 0.18369708994708994 0.08258928571428571 0.08994708994708994
5 0.5236855158730159 0.2800925925925926 0.039186507936507936 0.1173941798941799
3 0.6641865079365079 0.04017857142857143 0.04538690476190476 0.05191798941798942
2 0.45969742063492064 0.046296296296296294 0.10267857142857142 0.09259259259259259
3 0.9029017857142857 0.08382936507936507 0.03546626984126984 0.06911375661375661
2 0.5465029761904762 0.0419973544973545 0.057291666666666664 0.08366402116402116
5 0.5988343253968254 0.13607804232804233 0.024553571428571428 0.07705026455026455
1 0.12983630952380953 0.5514219576719577 0.02554563492063492 0.017857142857142856
5 0.5980902777777778 0.029265873015873016 0.015873015873015872 0.04794973544973545
5 0.6304563492063492 0.032407407407407406 0.014632936507936508 0.047619047619047616
5 0.736359126984127 0.03356481481481482 0.015128968253968254 0.046957671957671955
1 0.682921626984127 0.2610780423280423 0.01314484126984127 0.012566137566137565
5 0.7131696428571429 0.022486772486772486 0.015376984126984126 0.041005291005291
5 0.0876736111111111 0.23660714285714285 0.034722222222222224 0.07275132275132275
4 0.30592757936507936 0.06415343915343916 0.015376984126984126 0.05555555555555555
4 0.005828373015873016 0.2509920634920635 0.011656746031746032 0.08366402116402116
5 0.6081349206349206 0.017526455026455025 0.013392857142857142 0.03439153439153439
5 0.023809523809523808 0.1875 0.030753968253968252 0.09391534391534391
1 0.503968253968254 0.2088293650793651 0.011904761904761904 0.00958994708994709
5 0.9050099206349206 0.007275132275132275 0.012896825396825396 0.01455026455026455