3 0.7270585317460317 0.4828042328042328 0.171875 0.2705026455026455
3 0.4556051587301587 0.626984126984127 0.1932043650793651 0.2648809523809524
3 0.7425595238095238 0.8645833333333334 0.25744047619047616 0.2708333333333333
6 0.6070188492063492 0.12169312169312169 0.08035714285714286 0.14814814814814814
3 0.23685515873015872 0.2005621693121693 0.12227182539682539 0.12136243386243387
5 0.18824404761904762 0.4869378306878307 0.06448412698412699 0.18683862433862433
5 0.2873263888888889 0.4460978835978836 0.05654761904761905 0.167989417989418
5 0.1449652777777778 0.35102513227513227 0.05357142857142857 0.13525132275132276
5 0.8293650793650794 0.3687169312169312 0.0441468253968254 0.14517195767195767
5 0.33370535714285715 0.3523478835978836 0.04662698412698413 0.13558201058201058
5 0.04712301587301587 0.6238425925925926 0.09151785714285714 0.11541005291005291
5 0.19754464285714285 0.36044973544973546 0.04712301587301587 0.12235449735449735
5 0.6515376984126984 0.24702380952380953 0.034970238095238096 0.1111111111111111
3 0.7673611111111112 0.23627645502645503 0.08606150793650794 0.16203703703703703
5 0.4774305555555556 0.2610780423280423 0.0339781746031746 0.11441798941798942
5 0.6929563492063492 0.13525132275132276 0.02554563492063492 0.0787037037037037
6 0.5616319444444444 0.0667989417989418 0.08655753968253968 0.13227513227513227
1 0.4324156746031746 0.7212301587301587 0.03273809523809524 0.021825396825396824
5 0.34945436507936506 0.2048611111111111 0.03422619047619048 0.09226190476190477
5 0.7818700396825397 0.12003968253968254 0.02554563492063492 0.07539682539682539
5 0.3922371031746032 0.16732804232804233 0.02976190476190476 0.08895502645502645
5 0.6908482142857143 0.05704365079365079 0.018849206349206348 0.05919312169312169
5 0.9234548611111111 0.027827380952380954 0.017673611111111112 0.051488095238095236
5 0.46577380952380953 0.17857142857142858 0.027777777777777776 0.09060846560846561
5 0.3350694444444444 0.23726851851851852 0.03149801587301587 0.10449735449735449
5 0.6619543650793651 0.016534391534391533 0.016121031746031748 0.03306878306878307
5 0.5266617063492064 0.16087962962962962 0.026041666666666668 0.08267195767195767
5 0.7218501984126984 0.018683862433862435 0.015625 0.037037037037037035
5 0.30592757936507936 0.10846560846560846 0.04290674603174603 0.06448412698412699
3 0.4564732142857143 0.05720899470899471 0.04861111111111111 0.05489417989417989
1 0.7659970238095238 0.289021164021164 0.016121031746031748 0.012235449735449735
5 0.482390873015873 0.10267857142857142 0.021825396825396824 0.06580687830687831
5 0.5999503968253969 0.37334656084656087 0.04513888888888889 0.144510582010582
0 0.7292906746031746 0.5638227513227513 0.04389880952380952 0.013888888888888888
5 0.5065724206349206 0.1228505291005291 0.019097222222222224 0.062169312169312166
5 0.7740575396825397 0.07589285714285714 0.0220734126984127 0.06316137566137567
5 0.4572172619047619 0.14368386243386244 0.024553571428571428 0.07374338624338625
5 0.7615327380952381 0.0355489417989418 0.019345238095238096 0.05588624338624339
5 0.6155753968253969 0.025793650793650792 0.019097222222222224 0.044642857142857144
5 0.47941468253968256 0.04133597883597884 0.018601190476190476 0.049933862433862435
4 0.33024305555555555 0.07078703703703704 0.017115575396825396 0.061471560846560844
4 0.051443452380952374 0.16004298941798942 0.028432539682539684 0.06995701058201059