5 0.8136160714285714 0.9186507936507936 0.057787698412698416 0.1626984126984127
5 0.49714781746031744 0.8017526455026455 0.04985119047619048 0.1722883597883598
5 0.7744295634920635 0.644510582010582 0.03993055555555555 0.11375661375661375
3 0.17671130952380953 0.5697751322751323 0.12475198412698413 0.12003968253968254
5 0.6276041666666666 0.6853505291005291 0.04365079365079365 0.13128306878306878
5 0.15426587301587302 0.6653439153439153 0.04712301587301587 0.12334656084656084
5 0.791046626984127 0.7347883597883598 0.04017857142857143 0.14153439153439154
5 0.3291170634920635 0.7876984126984127 0.04935515873015873 0.16534391534391535
2 0.5565476190476191 0.32523148148148145 0.04985119047619048 0.06415343915343916
5 0.21081349206349206 0.7283399470899471 0.047371031746031744 0.14087301587301587
5 0.2612847222222222 0.9052579365079365 0.07688492063492064 0.18915343915343916
5 0.2472718253968254 0.5858134920634921 0.039186507936507936 0.09226190476190477
5 0.4567212301587302 0.6595568783068783 0.03720238095238095 0.11574074074074074
5 0.21118551587301587 0.6125992063492064 0.046378968253968256 0.10515873015873016
5 0.7100694444444444 0.5995370370370371 0.02976190476190476 0.10582010582010581
3 0.6876240079365079 0.3083664021164021 0.02554563492063492 0.027777777777777776
3 0.7204861111111112 0.31183862433862436 0.024553571428571428 0.027777777777777776
5 0.27914186507936506 0.5138888888888888 0.02703373015873016 0.07043650793650794
5 0.5767609126984127 0.4791666666666667 0.0220734126984127 0.06878306878306878
5 0.32142857142857145 0.7063492063492064 0.040674603174603176 0.10052910052910052
5 0.3723958333333333 0.5625 0.03125 0.09325396825396826
5 0.5241815476190477 0.48743386243386244 0.022817460317460316 0.0744047619047619
5 0.44754464285714285 0.5142195767195767 0.022321428571428572 0.07771164021164022
5 0.5730406746031746 0.40327380952380953 0.013640873015873016 0.04662698412698413
5 0.7196180555555556 0.42824074074074076 0.019345238095238096 0.05853174603174603
5 0.41294642857142855 0.4948743386243386 0.026041666666666668 0.08068783068783068
5 0.5086805555555556 0.4505621693121693 0.018353174603174604 0.05952380952380952
5 0.4582093253968254 0.47238756613756616 0.023561507936507936 0.06481481481481481
5 0.35032242063492064 0.5102513227513228 0.025297619047619048 0.07539682539682539
5 0.6143353174603174 0.357473544973545 0.012648809523809524 0.036044973544973546
5 0.3940972222222222 0.45717592592592593 0.03149801587301587 0.06018518518518518
6 0.0923859126984127 0.87880291005291 0.18452380952380953 0.24206349206349206
5 0.5334821428571429 0.45023148148148145 0.01984126984126984 0.057539682539682536
5 0.44841269841269843 0.603505291005291 0.0339781746031746 0.08068783068783068
3 0.4095982142857143 0.34424603174603174 0.04241071428571429 0.03373015873015873
5 0.5776289682539683 0.34804563492063495 0.012648809523809524 0.03571759259259259
5 0.48933531746031744 0.4401455026455027 0.018105158730158732 0.05423280423280423
5 0.4897073412698413 0.396494708994709 0.016865079365079364 0.03902116402116402
3 0.7361111111111112 0.3296957671957672 0.027529761904761904 0.027116402116402115
5 0.6293402777777778 0.34014219576719573 0.010912698412698412 0.03234457671957672
5 0.4314236111111111 0.4280753968253968 0.032242063492063495 0.0539021164021164
5 0.3029513888888889 0.9670965608465608 0.06522817460317461 0.06547619047619048
5 0.7269345238095238 0.3715277777777778 0.014136904761904762 0.03835978835978836
5 0.8701636904761905 0.3862433862433862 0.014632936507936508 0.04431216931216931
5 0.44506448412698413 0.40922619047619047 0.017609126984126984 0.04794973544973545
5 0.3812003968253968 0.43783068783068785 0.022321428571428572 0.05489417989417989
5 0.6729910714285714 0.34937169312169314 0.010912698412698412 0.040674603174603176
5 0.47879464285714285 0.42923280423280424 0.015873015873015872 0.05787037037037037
5 0.7146577380952381 0.39021164021164023 0.014136904761904762 0.03968253968253968
5 0.4060739087301587 0.4324570105820106 0.019982638888888887 0.05016865079365079
5 0.5988467261904762 0.35389219576719577 0.01146577380952381 0.03400462962962963
5 0.6510416666666666 0.3316170634920635 0.010677083333333332 0.029523809523809525
4 0.029052579365079365 0.557172619047619 0.02809027777777778 0.08245370370370371
4 0.287594246031746 0.4202678571428572 0.012547123015873017 0.05178902116402117
4 0.2990451388888889 0.4201124338624339 0.013422619047619048 0.05209325396825397