5 0.7150297619047619 0.8463955026455027 0.06448412698412699 0.13260582010582012
5 0.05295138888888889 0.5567129629629629 0.05530753968253968 0.103505291005291
5 0.8493303571428571 0.8430886243386243 0.07589285714285714 0.1583994708994709
5 0.5956101190476191 0.4976851851851852 0.027281746031746032 0.09391534391534391
5 0.10664682539682539 0.5236441798941799 0.04117063492063492 0.0882936507936508
5 0.5420386904761905 0.5985449735449735 0.037698412698412696 0.12400793650793651
3 0.558531746031746 0.3058862433862434 0.033482142857142856 0.037698412698412696
3 0.9118303571428571 0.42212301587301587 0.1029265873015873 0.08564814814814815
5 0.23921130952380953 0.47271825396825395 0.03050595238095238 0.082010582010582
5 0.871155753968254 0.43882275132275134 0.031001984126984128 0.08068783068783068
5 0.6917162698412699 0.47585978835978837 0.02976190476190476 0.08895502645502645
5 0.5708085317460317 0.388723544973545 0.021577380952380952 0.06183862433862434
5 0.28621031746031744 0.4211309523809524 0.023313492063492064 0.06812169312169312
3 0.5665922619047619 0.263723544973545 0.025049603174603176 0.03042328042328042
3 0.5380704365079365 0.2544642857142857 0.022321428571428572 0.02976190476190476
5 0.8386656746031746 0.3845899470899471 0.021577380952380952 0.06084656084656084
3 0.5938740079365079 0.22668650793650794 0.018601190476190476 0.022817460317460316
5 0.537078373015873 0.3639219576719577 0.01711309523809524 0.05324074074074074
5 0.6174355158730159 0.38938492063492064 0.023313492063492064 0.0710978835978836
5 0.6594742063492064 0.36689814814814814 0.018601190476190476 0.059854497354497355
5 0.8137400793650794 0.3488756613756614 0.019345238095238096 0.05324074074074074
3 0.6140873015873016 0.3070436507936508 0.0339781746031746 0.04365079365079365
5 0.8425099206349206 0.3396164021164021 0.022321428571428572 0.04927248677248677
5 0.9066220238095238 0.35615079365079366 0.021081349206349208 0.05125661375661376
5 0.9247271825396826 0.3404431216931217 0.019593253968253968 0.05125661375661376
5 0.9627976190476191 0.3411044973544973 0.020833333333333332 0.04894179894179894
5 0.14860615079365078 0.45573082010582017 0.05589285714285715 0.056848544973544975
5 0.9837549603174603 0.3584656084656085 0.02132936507936508 0.05092592592592592
5 0.6231398809523809 0.3290343915343915 0.014136904761904762 0.04431216931216931
5 0.5913938492063492 0.3002645502645503 0.012648809523809524 0.03571428571428571
5 0.8875248015873016 0.3449074074074074 0.01984126984126984 0.05191798941798942
5 0.8479662698412699 0.3020833333333333 0.015128968253968254 0.040013227513227514
6 0.409563492063492 0.4572850529100529 0.23740079365079367 0.35398809523809527
5 0.48367063492063495 0.2739484126984127 0.009253472222222222 0.01823743386243386
5 0.8919890873015873 0.2918320105820106 0.014632936507936508 0.034722222222222224
5 0.9389880952380952 0.36772486772486773 0.021577380952380952 0.042328042328042326
5 0.5173090277777778 0.2646560846560847 0.008784722222222223 0.02558201058201058
5 0.8659474206349206 0.29365079365079366 0.016617063492063492 0.040674603174603176
5 0.6312326388888889 0.2911640211640212 0.011341765873015872 0.03341600529100529
5 0.8793402777777778 0.30886243386243384 0.014384920634920634 0.04563492063492063
5 0.5044965277777778 0.2692757936507936 0.008117559523809523 0.026263227513227513
5 0.9489087301587301 0.3290343915343915 0.020337301587301588 0.04894179894179894
1 0.9359895833333333 0.42926256613756614 0.010617559523809524 0.009533730158730158
0 0.3532762896825397 0.5982440476190476 0.02548859126984127 0.007959656084656085
5 0.2040203373015873 0.4056349206349207 0.022544642857142857 0.0501984126984127
5 0.12827380952380954 0.4304332010582011 0.04373511904761905 0.061921296296296294
2 0.903000992063492 0.27300264550264547 0.044580853174603176 0.04920634920634921
5 0.62015625 0.2760681216931217 0.008881448412698414 0.020426587301587303
5 0.6075 0.27236772486772487 0.007549603174603175 0.0260515873015873
5 0.6222668650793651 0.2528306878306878 0.009104662698412699 0.0260515873015873
5 0.5597619047619048 0.24498346560846562 0.007993551587301587 0.015099206349206348
5 0.6014781746031745 0.2566104497354497 0.009868551587301587 0.023789682539682538
5 0.6102083333333334 0.25850859788359787 0.007591765873015873 0.021005291005291006