3 0.2925347222222222 0.8695436507936508 0.3291170634920635 0.26091269841269843
3 0.7273065476190477 0.7827380952380952 0.1728670634920635 0.23015873015873015
3 0.5885416666666666 0.6378968253968254 0.14459325396825398 0.16335978835978837
3 0.7849702380952381 0.5892857142857143 0.11433531746031746 0.14054232804232805
2 0.35044642857142855 0.5059523809523809 0.29464285714285715 0.30423280423280424
3 0.6154513888888888 0.45287698412698413 0.09672619047619048 0.11772486772486772
3 0.7247023809523809 0.33465608465608465 0.06845238095238096 0.0744047619047619
6 0.767609126984127 0.21511243386243387 0.07688492063492064 0.11937830687830688
3 0.7963789682539683 0.4117063492063492 0.08134920634920635 0.10515873015873016
3 0.8092757936507936 0.26769179894179895 0.04017857142857143 0.04563492063492063
3 0.8282490079365079 0.3098544973544973 0.048859126984126984 0.05291005291005291
5 0.7765376984126984 0.4799933862433862 0.033482142857142856 0.08101851851851852
6 0.8608630952380952 0.19576719576719576 0.0339781746031746 0.05853174603174603
2 0.8877728174603174 0.16550925925925927 0.04811507936507937 0.05026455026455026
5 0.8805803571428571 0.46742724867724866 0.03422619047619048 0.10317460317460317
5 0.6097470238095238 0.3343253968253968 0.018601190476190476 0.05720899470899471
5 0.07713293650793651 0.52744708994709 0.09151785714285714 0.103505291005291
3 0.9057539682539683 0.2275132275132275 0.02976190476190476 0.03736772486772487
1 0.2683531746031746 0.6430224867724867 0.018849206349206348 0.013888888888888888
5 0.6516617063492064 0.33465608465608465 0.021825396825396824 0.05952380952380952
5 0.6579861111111112 0.27116402116402116 0.014384920634920634 0.04365079365079365
5 0.8787202380952381 0.2876984126984127 0.016617063492063492 0.05357142857142857
3 0.826140873015873 0.19808201058201058 0.026785714285714284 0.027447089947089946
5 0.7094494047619048 0.24586640211640212 0.013392857142857142 0.040674603174603176
0 0.5607638888888888 0.6926256613756614 0.030009920634920636 0.011243386243386243
5 0.8158482142857143 0.3419312169312169 0.026785714285714284 0.03968253968253968
5 0.04775545634920635 0.4829332010582011 0.07042410714285714 0.06661044973544973
5 0.8924851190476191 0.2728174603174603 0.013888888888888888 0.04794973544973545
0 0.7079613095238095 0.865244708994709 0.041666666666666664 0.016534391534391533
0 0.77625 0.6344775132275132 0.03054811507936508 0.012582671957671957
1 0.6013144841269841 0.48112103174603177 0.012651289682539682 0.011888227513227514
4 0.5362028769841269 0.3197486772486772 0.01657986111111111 0.04679563492063492