3 0.0998263888888889 0.46726190476190477 0.1996527777777778 0.1832010582010582
6 0.6545138888888888 0.19295634920634921 0.08705357142857142 0.1736111111111111
5 0.44556051587301587 0.8017526455026455 0.08854166666666667 0.28273809523809523
5 0.056051587301587304 0.6521164021164021 0.07490079365079365 0.23214285714285715
3 0.9713541666666666 0.2534722222222222 0.05679563492063492 0.1001984126984127
5 0.26252480158730157 0.3472222222222222 0.036210317460317464 0.12466931216931217
3 0.18204365079365079 0.20717592592592593 0.11036706349206349 0.11177248677248677
5 0.3430059523809524 0.4007936507936508 0.047371031746031744 0.14484126984126985
3 0.6401289682539683 0.06481481481481481 0.04117063492063492 0.04794973544973545
3 0.5809771825396826 0.056878306878306875 0.03521825396825397 0.05654761904761905
5 0.3803323412698413 0.20122354497354497 0.025793650793650792 0.08101851851851852
3 0.6169394841269841 0.023974867724867725 0.035962301587301584 0.041666666666666664
3 0.38665674603174605 0.07473544973544974 0.04563492063492063 0.049933862433862435
5 0.23115079365079366 0.24851190476190477 0.03670634920634921 0.10251322751322751
5 0.3932291666666667 0.12218915343915344 0.02058531746031746 0.06382275132275132
5 0.3213045634920635 0.24867724867724866 0.02976190476190476 0.09457671957671958
5 0.3004712301587302 0.22552910052910052 0.028521825396825396 0.08763227513227513
5 0.9919394841269841 0.045304232804232805 0.016121031746031748 0.045304232804232805
3 0.6629464285714286 0.013723544973544973 0.031994047619047616 0.026785714285714284
6 0.4730902777777778 0.1906415343915344 0.12375992063492064 0.17063492063492064
5 0.015625 0.841765873015873 0.03125 0.2777777777777778
3 0.8103918650793651 0.0582010582010582 0.028521825396825396 0.0539021164021164
4 0.2527281746031746 0.1931216931216931 0.022817460317460316 0.07539682539682539
5 0.5053323412698413 0.027777777777777776 0.012896825396825396 0.040674603174603176
0 0.15786210317460317 0.2400793650793651 0.019097222222222224 0.007275132275132275
1 0.45907738095238093 0.24420965608465608 0.01418154761904762 0.01058531746031746
5 0.345734126984127 0.08085317460317461 0.017361111111111112 0.051587301587301584
1 0.6533978174603174 0.2561177248677249 0.013888888888888888 0.010582010582010581
6 0.47631200396825396 0.07039021164021164 0.0903670634920635 0.09712962962962964
5 0.8191964285714286 0.01207010582010582 0.011408730158730158 0.02414021164021164
5 0.5880456349206349 0.011904761904761904 0.011904761904761904 0.023809523809523808
5 0.8273090277777778 0.020555555555555556 0.011396329365079366 0.03512566137566137
0 0.0377703373015873 0.5312136243386244 0.036865079365079365 0.011683201058201058