6 0.7466517857142857 0.7554563492063492 0.27157738095238093 0.48908730158730157
3 0.6634424603174603 0.32258597883597884 0.09449404761904762 0.12367724867724868
5 0.19853670634920634 0.7576058201058201 0.07242063492063493 0.23445767195767195
3 0.5148809523809523 0.3057208994708995 0.07911706349206349 0.09887566137566138
3 0.6654265873015873 0.2199074074074074 0.06001984126984127 0.06911375661375661
5 0.18154761904761904 0.48991402116402116 0.05257936507936508 0.14715608465608465
5 0.3253968253968254 0.4933862433862434 0.050347222222222224 0.15773809523809523
5 0.5756448412698413 0.5954034391534392 0.04836309523809524 0.1722883597883598
5 0.09833829365079365 0.5886243386243386 0.060267857142857144 0.1884920634920635
5 0.2553323412698413 0.3629298941798942 0.03720238095238095 0.10846560846560846
5 0.32018849206349204 0.3872354497354497 0.034970238095238096 0.11243386243386243
3 0.6681547619047619 0.12218915343915344 0.03695436507936508 0.04133597883597884
5 0.4068700396825397 0.32787698412698413 0.03298611111111111 0.09722222222222222
5 0.33296130952380953 0.3080357142857143 0.030009920634920636 0.08597883597883597
5 0.3948412698412698 0.2584325396825397 0.02628968253968254 0.07572751322751323
5 0.5758928571428571 0.20552248677248677 0.019345238095238096 0.06283068783068783
2 0.6380059523809524 0.037347883597883595 0.03844246031746032 0.044642857142857144
5 0.4544890873015873 0.16600529100529102 0.019593253968253968 0.054563492063492064
5 0.37462797619047616 0.19229497354497355 0.024057539682539684 0.057539682539682536
5 0.43291170634920634 0.2218915343915344 0.021825396825396824 0.07175925925925926
3 0.028893849206349208 0.4289021164021164 0.057539682539682536 0.14384920634920634
5 0.49193948412698413 0.20982142857142858 0.023313492063492064 0.0710978835978836
5 0.5928819444444444 0.17113095238095238 0.018105158730158732 0.05291005291005291
5 0.5369543650793651 0.21048280423280424 0.01984126984126984 0.0667989417989418
5 0.845734126984127 0.15261243386243387 0.016865079365079364 0.051587301587301584
5 0.4192708333333333 0.14484126984126985 0.015376984126984126 0.04927248677248677
5 0.5602678571428571 0.12566137566137567 0.014384920634920634 0.044642857142857144
5 0.6666666666666666 0.16749338624338625 0.018105158730158732 0.040013227513227514
5 0.6144593253968254 0.09986772486772487 0.013392857142857142 0.04365079365079365
5 0.3308531746031746 0.19427910052910052 0.023809523809523808 0.052248677248677246
5 0.4306795634920635 0.1775793650793651 0.01984126984126984 0.0496031746031746
5 0.6437251984126984 0.07738095238095238 0.013392857142857142 0.03670634920634921
5 0.5218253968253969 0.13690476190476192 0.014632936507936508 0.04365079365079365
5 0.5095486111111112 0.17509920634920634 0.019593253968253968 0.05489417989417989
5 0.6057787698412699 0.0851521164021164 0.014136904761904762 0.03968253968253968
5 0.8401537698412699 0.1023478835978836 0.01488095238095238 0.04034391534391534
5 0.5378224206349206 0.11607142857142858 0.012896825396825396 0.03902116402116402
0 0.6620114087301587 0.3596693121693122 0.02396081349206349 0.008267195767195767
5 0.5447668650793651 0.1744378306878307 0.016617063492063492 0.05257936507936508
5 0.5648561507936508 0.08630952380952381 0.013392857142857142 0.03902116402116402
5 0.6811755952380952 0.08680555555555555 0.011656746031746032 0.036044973544973546
5 0.6536458333333334 0.08333333333333333 0.01066468253968254 0.03273809523809524
5 0.8586309523809523 0.08217592592592593 0.013640873015873016 0.046957671957671955
5 0.5760168650793651 0.08283730158730158 0.013640873015873016 0.040013227513227514
1 0.5085664682539682 0.33197751322751323 0.014179067460317461 0.01070436507936508
6 0.6645907738095238 0.05335648148148148 0.029528769841269842 0.049441137566137563
5 0.5135615079365079 0.09832671957671957 0.012363591269841271 0.03591600529100529
5 0.5081522817460317 0.14012896825396826 0.013025793650793652 0.031203703703703702
5 0.508373015873016 0.12217261904761904 0.01523561507936508 0.025906084656084658
5 0.5249330357142857 0.09023148148148148 0.012142857142857143 0.033267195767195765