3 0.8467881944444444 0.5287905092592593 0.20203993055555555 0.2300347222222222
2 0.3857421875 0.27705439814814814 0.2536892361111111 0.3509837962962963
3 0.6566840277777778 0.30005787037037035 0.1254340277777778 0.13541666666666666
5 0.1337890625 0.7624421296296297 0.0822482638888889 0.2711226851851852
3 0.13128038194444447 0.14769097222222222 0.078125 0.09288194444444445
3 0.13368055555555555 0.044849537037037035 0.06987847222222222 0.07581018518518519
5 0.7392578125 0.17838541666666666 0.059244791666666664 0.09259259259259259
3 0.2574869791666667 0.12876157407407407 0.078125 0.10127314814814815
3 0.5370008680555556 0.12311921296296297 0.0881076388888889 0.09085648148148148
5 0.13682725694444445 0.3269675925925926 0.043402777777777776 0.13773148148148148
3 0.5445963541666666 0.21788194444444445 0.11002604166666667 0.11284722222222222
5 0.13411458333333334 0.23148148148148148 0.031901041666666664 0.09259259259259259
5 0.058919270833333336 0.08087384259259259 0.028428819444444444 0.06684027777777778
1 0.8894726562499999 0.620708912037037 0.0276953125 0.019317129629629632
2 0.5775824652777778 0.7358217592592593 0.3072916666666667 0.5283564814814815
5 0.007921006944444444 0.09186921296296297 0.015842013888888888 0.07349537037037036
5 0.05284288194444445 0.9471932870370371 0.0876736111111111 0.10532407407407407
5 0.9835069444444444 0.5267650462962963 0.032769097222222224 0.19126157407407407
5 0.6138237847222222 0.18778935185185186 0.03819444444444445 0.09172453703703703
5 0.1906467013888889 0.06322337962962964 0.020616319444444444 0.06770833333333333
5 0.3269314236111111 0.06987847222222222 0.024305555555555556 0.0642361111111111
5 0.007595486111111111 0.27589699074074076 0.014973958333333334 0.12268518518518519
5 0.1892361111111111 0.024305555555555556 0.019314236111111112 0.04658564814814815
5 0.3486328125 0.08463541666666667 0.025607638888888888 0.04311342592592592
0 0.6729600694444444 0.3445775462962963 0.028645833333333332 0.009340277777777779
1 0.5788845486111112 0.2533275462962963 0.015190972222222222 0.01273148148148148
1 0.5518532986111111 0.15807291666666665 0.012829861111111111 0.009117476851851852
1 0.13918836805555557 0.1738744212962963 0.012803819444444444 0.009259259259259259
1 0.42666666666666664 0.4325578703703704 0.022217881944444445 0.016614583333333335