3 0.8257688492063492 0.19642857142857142 0.12177579365079365 0.18518518518518517
3 0.058407738095238096 0.21511243386243387 0.11681547619047619 0.15046296296296297
5 0.8826884920634921 0.6403769841269841 0.08680555555555555 0.25363756613756616
6 0.31026785714285715 0.35102513227513227 0.16741071428571427 0.3290343915343915
5 0.7228422619047619 0.5370370370370371 0.1847718253968254 0.21164021164021163
5 0.5534474206349206 0.42294973544973546 0.1488095238095238 0.17559523809523808
5 0.6253720238095238 0.5029761904761905 0.1111111111111111 0.19808201058201058
3 0.8442460317460317 0.08928571428571429 0.09375 0.11408730158730158
1 0.3291170634920635 0.47040343915343913 0.027777777777777776 0.02017195767195767
1 0.82359375 0.25461640211640213 0.02191468253968254 0.01599206349206349
3 0.7006448412698413 0.8604497354497355 0.2993551587301587 0.2791005291005291
2 0.12214781746031746 0.7271825396825397 0.2442956349206349 0.5453042328042328
3 0.12227182539682539 0.10648148148148148 0.13640873015873015 0.16832010582010581
1 0.1520858134920635 0.155380291005291 0.018000992063492063 0.013121693121693121
0 0.06870039682539683 0.25687499999999996 0.031001984126984128 0.013366402116402117