3 0.20811631944444445 0.3229166666666667 0.14583333333333334 0.1284722222222222
5 0.7196180555555556 0.7528935185185185 0.12022569444444445 0.2204861111111111
3 0.2692057291666667 0.27734375 0.0993923611111111 0.09490740740740741
5 0.6380208333333334 0.3836805555555556 0.046223958333333336 0.1232638888888889
5 0.5434027777777778 0.49247685185185186 0.06315104166666667 0.14756944444444445
5 0.4773220486111111 0.4027777777777778 0.046875 0.12239583333333333
5 0.5217013888888888 0.32494212962962965 0.043402777777777776 0.10358796296296297
5 0.2886284722222222 0.1490162037037037 0.04405381944444445 0.05931712962962963
5 0.4052734375 0.5214120370370371 0.06987847222222222 0.1574074074074074
5 0.5797526041666666 0.38744212962962965 0.04296875 0.12065972222222222
5 0.21256510416666666 0.13990162037037038 0.040364583333333336 0.05642361111111111
5 0.4663628472222222 0.26461226851851855 0.03146701388888889 0.08825231481481481
5 0.11870659722222222 0.15321180555555555 0.054036458333333336 0.06626157407407407
5 0.2907986111111111 0.48017939814814814 0.06770833333333333 0.1568287037037037
5 0.13736979166666666 0.23119212962962962 0.030381944444444444 0.08072916666666667
5 0.6452907986111112 0.11733217592592593 0.036675347222222224 0.052662037037037035
5 0.17415364583333334 0.22670717592592593 0.029513888888888888 0.07667824074074074
5 0.036458333333333336 0.1931423611111111 0.048394097222222224 0.07175925925925926
1 0.4280251736111111 0.5623090277777778 0.014845920138888889 0.015532407407407408
5 0.10026041666666667 0.2728587962962963 0.03342013888888889 0.09490740740740741
5 0.039388020833333336 0.2465277777777778 0.026909722222222224 0.08912037037037036
5 0.9796006944444444 0.4865451388888889 0.040581597222222224 0.14699074074074073
1 0.3116319444444444 0.5081018518518519 0.014756944444444444 0.014178240740740741
1 0.592224392361111 0.40923321759259257 0.012571614583333333 0.011244212962962963
1 0.7592230902777778 0.7926793981481481 0.018880208333333332 0.021122685185185185
1 0.49123697916666664 0.4232146990740741 0.012371961805555555 0.010422453703703705
1 0.2459787326388889 0.32711516203703705 0.0149609375 0.014713541666666666
1 0.6529210069444444 0.4075520833333333 0.012376302083333334 0.010821759259259258
1 0.29158420138888885 0.2829861111111111 0.013509114583333334 0.011574074074074073
1 0.5651822916666667 0.5157696759259259 0.015032552083333333 0.014467592592592593
1 0.5353385416666667 0.34550636574074073 0.010492621527777779 0.009210069444444444
1 0.1079665798611111 0.28877025462962963 0.009934895833333334 0.010008680555555557
1 0.47620008680555553 0.28044560185185186 0.008734809027777778 0.008208912037037037
1 0.046299913194444445 0.27436342592592594 0.008530815972222223 0.008440393518518519