3 0.15910218253968253 0.7974537037037037 0.24107142857142858 0.25992063492063494
2 0.16654265873015872 0.5388558201058201 0.18998015873015872 0.3177910052910053
2 0.6185515873015873 0.24024470899470898 0.11408730158730158 0.22420634920634921
3 0.8482142857142857 0.4937169312169312 0.1324404761904762 0.1722883597883598
3 0.3990575396825397 0.3177910052910053 0.10243055555555555 0.09887566137566138
5 0.41443452380952384 0.8025793650793651 0.06721230158730158 0.24074074074074073
2 0.47371031746031744 0.20932539682539683 0.09126984126984126 0.1541005291005291
3 0.7682291666666666 0.3802910052910053 0.10342261904761904 0.12896825396825398
5 0.4861111111111111 0.5 0.04241071428571429 0.13624338624338625
3 0.7467757936507936 0.1832010582010582 0.050347222222222224 0.06084656084656084
5 0.9224950396825397 0.4436177248677249 0.03968253968253968 0.1292989417989418
5 0.43278769841269843 0.47800925925925924 0.04290674603174603 0.13260582010582012
5 0.3227926587301587 0.41335978835978837 0.03720238095238095 0.11276455026455026
3 0.7896825396825397 0.31216931216931215 0.08308531746031746 0.09656084656084656
5 0.8895089285714286 0.3761574074074074 0.03546626984126984 0.11408730158730158
3 0.769469246031746 0.1476521164021164 0.038938492063492064 0.04662698412698413
3 0.7810019841269841 0.10912698412698413 0.03273809523809524 0.03736772486772487
1 0.1117311507936508 0.892526455026455 0.0339781746031746 0.023809523809523808
5 0.48226686507936506 0.31613756613756616 0.03125 0.08928571428571429
5 0.3257688492063492 0.31994047619047616 0.04265873015873016 0.0796957671957672
3 0.7157738095238095 0.125 0.04092261904761905 0.04497354497354497
3 0.7366071428571429 0.09887566137566138 0.035962301587301584 0.03935185185185185
3 0.6555059523809523 0.13409391534391535 0.03869047619047619 0.04861111111111111
5 0.6842757936507936 0.3351521164021164 0.03819444444444445 0.103505291005291
3 0.5369543650793651 0.20072751322751323 0.046130952380952384 0.06613756613756613
5 0.5236855158730159 0.31547619047619047 0.027529761904761904 0.08928571428571429
5 0.7862103174603174 0.22784391534391535 0.01984126984126984 0.06514550264550265
1 0.15091765873015872 0.6610449735449735 0.025793650793650792 0.017526455026455025
3 0.6521577380952381 0.08052248677248677 0.03050595238095238 0.0333994708994709
1 0.7312103174603174 0.7025462962962963 0.02936755952380952 0.02210978835978836
5 0.7423115079365079 0.26256613756613756 0.024553571428571428 0.07308201058201058
2 0.7261954365079365 0.5829662698412699 0.19246031746031747 0.3191137566137566
5 0.8199404761904762 0.26868386243386244 0.029513888888888888 0.06944444444444445
3 0.761656746031746 0.08267195767195767 0.03050595238095238 0.03406084656084656
5 0.8499503968253969 0.25595238095238093 0.028521825396825396 0.07837301587301587
5 0.23139880952380953 0.3040674603174603 0.0496031746031746 0.06712962962962964
0 0.8526785714285714 0.5477843915343915 0.034722222222222224 0.012566137566137565
5 0.7622767857142857 0.26438492063492064 0.025049603174603176 0.07308201058201058
5 0.7065972222222222 0.14682539682539683 0.015625 0.046957671957671955
4 0.27393353174603174 0.3103505291005291 0.0248015873015873 0.07407407407407407
5 0.8160962301587301 0.103505291005291 0.012648809523809524 0.037698412698412696
5 0.353546626984127 0.14781746031746032 0.03844246031746032 0.04794973544973545
5 0.3339583333333333 0.2490079365079365 0.05613839285714286 0.05092592592592592
3 0.5499131944444444 0.11730489417989419 0.0374702380952381 0.036732804232804235
3 0.5747098214285714 0.10408068783068783 0.030488591269841273 0.033796296296296297