5 0.7586805555555556 0.18783068783068782 0.08060515873015874 0.10681216931216932
2 0.21217757936507936 0.4546957671957672 0.32663690476190477 0.42857142857142855
5 0.7740575396825397 0.39699074074074076 0.05505952380952381 0.16567460317460317
3 0.028149801587301588 0.03290343915343916 0.056299603174603176 0.06580687830687831
3 0.042534722222222224 0.31613756613756616 0.08506944444444445 0.1736111111111111
5 0.6641865079365079 0.2761243386243386 0.03844246031746032 0.12202380952380952
5 0.1715029761904762 0.25396825396825395 0.03546626984126984 0.10052910052910052
5 0.40153769841269843 0.17625661375661375 0.027529761904761904 0.09689153439153439
3 0.04458829365079365 0.2602579365079365 0.08508928571428571 0.11629960317460318
3 0.050347222222222224 0.2113095238095238 0.09300595238095238 0.10416666666666667
5 0.6189236111111112 0.012896825396825396 0.017361111111111112 0.025793650793650792
1 0.16939484126984128 0.6468253968253969 0.029513888888888888 0.020833333333333332
5 0.4748263888888889 0.03488756613756614 0.019593253968253968 0.0625
5 0.49441964285714285 0.01570767195767196 0.014632936507936508 0.03141534391534392
1 0.17348710317460317 0.28869047619047616 0.011656746031746032 0.010912698412698412
1 0.02340277777777778 0.37485780423280424 0.021011904761904763 0.014500661375661377