2 0.26413690476190477 0.5291005291005291 0.2078373015873016 0.2771164021164021
2 0.4799107142857143 0.4393187830687831 0.1307043650793651 0.22288359788359788
5 0.5363343253968254 0.589781746031746 0.041914682539682536 0.13392857142857142
3 0.1409970238095238 0.4799933862433862 0.11433531746031746 0.11838624338624339
3 0.5550595238095238 0.3523478835978836 0.04861111111111111 0.06448412698412699
2 0.48586309523809523 0.2683531746031746 0.054563492063492064 0.08763227513227513
5 0.681671626984127 0.5115740740740741 0.033234126984126984 0.10284391534391535
3 0.03050595238095238 0.5947420634920635 0.06101190476190476 0.14517195767195767
3 0.35974702380952384 0.2587632275132275 0.031994047619047616 0.034722222222222224
5 0.9895833333333334 0.37119708994708994 0.020337301587301588 0.05853174603174603
5 0.6974206349206349 0.4375 0.02628968253968254 0.08597883597883597
5 0.1875 0.392526455026455 0.05381944444444445 0.05886243386243386
5 0.6569940476190477 0.3125 0.016121031746031748 0.046296296296296294
3 0.8221726190476191 0.30654761904761907 0.03844246031746032 0.046296296296296294
5 0.5275297619047619 0.30324074074074076 0.015873015873015872 0.04365079365079365
0 0.11793154761904762 0.515542328042328 0.01984126984126984 0.007605820105820105
5 0.3412698412698413 0.35201719576719576 0.025297619047619048 0.05291005291005291
5 0.6057787698412699 0.2706679894179894 0.01240079365079365 0.036044973544973546
5 0.5409226190476191 0.2595899470899471 0.01240079365079365 0.035383597883597885
1 0.47780257936507936 0.5370370370370371 0.01711309523809524 0.010912698412698412
5 0.5554885912698413 0.24225529100529103 0.009727182539682539 0.026676587301587302
5 0.8351810515873015 0.33505621693121695 0.01212797619047619 0.05091600529100529
5 0.5873015873015873 0.2535515873015873 0.011535218253968254 0.0314186507936508
1 0.2222222222222222 0.6479828042328042 0.01984126984126984 0.014219576719576719
5 0.5810491071428572 0.24412367724867726 0.009293154761904761 0.028799603174603176
6 0.624625496031746 0.2471362433862434 0.03491071428571428 0.058604497354497354
5 0.8165054563492063 0.26408399470899474 0.011875 0.03200066137566138