3 0.7292906746031746 0.7452050264550265 0.12996031746031747 0.22321428571428573
6 0.22433035714285715 0.5701058201058201 0.42509920634920634 0.5059523809523809
2 0.9294394841269841 0.3587962962962963 0.09945436507936507 0.10218253968253968
6 0.5435267857142857 0.3826058201058201 0.058779761904761904 0.10945767195767196
3 0.4487847222222222 0.37466931216931215 0.030257936507936508 0.051587301587301584
3 0.6279761904761905 0.3751653439153439 0.036458333333333336 0.04332010582010582
2 0.5101686507936508 0.2838955026455027 0.040674603174603176 0.055224867724867725
3 0.8578869047619048 0.3331679894179894 0.040674603174603176 0.036044973544973546
5 0.4755704365079365 0.4869378306878307 0.02703373015873016 0.08267195767195767
5 0.9582093253968254 0.47156084656084657 0.03670634920634921 0.07043650793650794
5 0.8813244047619048 0.4158399470899471 0.020833333333333332 0.05720899470899471
5 0.8000992063492064 0.4080687830687831 0.019097222222222224 0.04894179894179894
3 0.9769345238095238 0.4522156084656085 0.045882936507936505 0.06911375661375661
5 0.9094742063492064 0.4289021164021164 0.021577380952380952 0.06018518518518518
5 0.4930555555555556 0.3761574074074074 0.01636904761904762 0.04563492063492063
5 0.47693452380952384 0.42046957671957674 0.018105158730158732 0.054563492063492064
5 0.5052083333333334 0.3480489417989418 0.01240079365079365 0.03869047619047619
1 0.09740575396825397 0.8067361111111112 0.02169394841269841 0.018568121693121692
1 0.7428521825396825 0.8295304232804233 0.02404265873015873 0.01781746031746032
5 0.9930555555555556 0.39351851851851855 0.013888888888888888 0.042328042328042326
5 0.9937996031746031 0.562334656084656 0.012152777777777778 0.09060846560846561
5 0.583110119047619 0.29465608465608467 0.008129960317460317 0.023389550264550266
5 0.624469246031746 0.29608465608465606 0.007559523809523809 0.0232010582010582
5 0.6139880952380952 0.28695436507936506 0.006845238095238095 0.021299603174603172
5 0.5476686507936508 0.29608465608465606 0.009126984126984126 0.023581349206349207
5 0.5515897817460318 0.28458002645502645 0.006989087301587302 0.020727513227513227
3 0.5879960317460318 0.2774007936507937 0.01784970238095238 0.021514550264550264
3 0.6016096230158731 0.27134920634920634 0.015027281746031747 0.019361772486772486