3 0.7725694444444444 0.6481481481481481 0.1909722222222222 0.2724867724867725
3 0.740203373015873 0.273478835978836 0.09945436507936507 0.13425925925925927
5 0.9259672619047619 0.9262566137566137 0.09300595238095238 0.1474867724867725
3 0.5926339285714286 0.26884920634920634 0.09350198412698413 0.12301587301587301
3 0.683531746031746 0.16170634920634921 0.08581349206349206 0.11706349206349206
5 0.6068948412698413 0.6130952380952381 0.07043650793650794 0.2152777777777778
5 0.8354414682539683 0.2562830687830688 0.03546626984126984 0.11772486772486772
5 0.8443700396825397 0.48330026455026454 0.054563492063492064 0.18088624338624337
5 0.06634424603174603 0.36061507936507936 0.043154761904761904 0.12731481481481483
3 0.4600694444444444 0.05009920634920635 0.050595238095238096 0.05588624338624339
1 0.7723214285714286 0.7452050264550265 0.034722222222222224 0.022817460317460316
5 0.33630952380952384 0.26851851851851855 0.034722222222222224 0.09358465608465609
6 0.6628224206349206 0.036044973544973546 0.05133928571428571 0.07175925925925926
5 0.5473710317460317 0.20767195767195767 0.031746031746031744 0.08763227513227513
5 0.30419146825396826 0.22371031746031747 0.03447420634920635 0.09689153439153439
5 0.41418650793650796 0.13310185185185186 0.022817460317460316 0.07506613756613757
3 0.23846726190476192 0.19229497354497355 0.11979166666666667 0.11904761904761904
5 0.4547371031746032 0.19775132275132276 0.029265873015873016 0.09126984126984126
5 0.550719246031746 0.11871693121693122 0.024553571428571428 0.07506613756613757
5 0.716765873015873 0.046296296296296294 0.019345238095238096 0.05654761904761905
5 0.501984126984127 0.06018518518518518 0.016121031746031748 0.05787037037037037
5 0.49181547619047616 0.20667989417989419 0.03273809523809524 0.08531746031746032
4 0.33296130952380953 0.11375661375661375 0.019097222222222224 0.06448412698412699
6 0.16493055555555555 0.45618386243386244 0.28273809523809523 0.37136243386243384
5 0.7542162698412699 0.1359126984126984 0.027529761904761904 0.08035714285714286
5 0.621155753968254 0.11226851851851852 0.02628968253968254 0.07242063492063493
5 0.6023065476190477 0.03356481481481482 0.016865079365079364 0.0539021164021164
2 0.41691468253968256 0.4646164021164021 0.3097718253968254 0.44212962962962965
5 0.37624007936507936 0.23082010582010581 0.03249007936507937 0.09523809523809523
5 0.5229414682539683 0.03306878306878307 0.018849206349206348 0.05092592592592592
5 0.7052331349206349 0.016534391534391533 0.015376984126984126 0.03306878306878307
5 0.527405753968254 0.06597222222222222 0.016617063492063492 0.0496031746031746
0 0.37177579365079366 0.638558201058201 0.04290674603174603 0.016534391534391533
5 0.775421626984127 0.013227513227513227 0.015376984126984126 0.026455026455026454
5 0.5739087301587301 0.03439153439153439 0.016121031746031748 0.05357142857142857
5 0.4894593253968254 0.027447089947089946 0.016121031746031748 0.051587301587301584
6 0.7509920634920635 0.09060846560846561 0.05530753968253968 0.09358465608465609
5 0.7503720238095238 0.028273809523809524 0.020337301587301588 0.0291005291005291
1 0.5783730158730159 0.30456349206349204 0.016865079365079364 0.013888888888888888
0 0.7378472222222222 0.31216931216931215 0.025297619047619048 0.00958994708994709
4 0.03670634920634921 0.16319444444444445 0.0248015873015873 0.07142857142857142
5 0.47544642857142855 0.16021825396825398 0.026041666666666668 0.07903439153439154
0 0.6858035714285714 0.18673611111111113 0.021976686507936508 0.00681547619047619
5 0.458953373015873 0.13095238095238096 0.023561507936507936 0.0625
5 0.46651785714285715 0.10218253968253968 0.021825396825396824 0.047619047619047616
5 0.5631200396825397 0.03058862433862434 0.015625 0.05125661375661376
5 0.6352926587301587 0.021825396825396824 0.015625 0.04298941798941799
5 0.5518353174603174 0.08333333333333333 0.024057539682539684 0.045304232804232805
0 0.21310515873015873 0.22875661375661374 0.020364583333333332 0.007301587301587301
4 0.34307539682539684 0.08322089947089947 0.0157093253968254 0.06284060846560846
4 0.3559697420634921 0.06433201058201057 0.017797619047619048 0.06072420634920635
4 0.42916914682539686 0.030244708994708994 0.013435019841269841 0.05351190476190476