3 0.6400049603174603 0.541005291005291 0.1130952380952381 0.16898148148148148
3 0.5231894841269841 0.3306878306878307 0.08010912698412699 0.12202380952380952
5 0.07465277777777778 0.49851190476190477 0.07118055555555555 0.12169312169312169
5 0.29699900793650796 0.7251984126984127 0.06324404761904762 0.2037037037037037
5 0.5137648809523809 0.8758267195767195 0.08953373015873016 0.24834656084656084
3 0.4289434523809524 0.251984126984127 0.06398809523809523 0.07407407407407407
3 0.15575396825396826 0.35962301587301587 0.07862103174603174 0.1164021164021164
5 0.42757936507936506 0.4958664021164021 0.0339781746031746 0.12665343915343916
5 0.4849950396825397 0.658234126984127 0.046378968253968256 0.1712962962962963
2 0.43353174603174605 0.12797619047619047 0.057291666666666664 0.06580687830687831
3 0.11879960317460317 0.17179232804232805 0.06076388888888889 0.06018518518518518
5 0.39521329365079366 0.5772156084656085 0.046130952380952384 0.1597222222222222
5 0.8890128968253969 0.2761243386243386 0.04538690476190476 0.06514550264550265
5 0.259796626984127 0.36904761904761907 0.030009920634920636 0.08862433862433862
3 0.36061507936507936 0.16633597883597884 0.03273809523809524 0.040674603174603176
3 0.4781746031746032 0.1583994708994709 0.036458333333333336 0.0419973544973545
5 0.6803075396825397 0.29216269841269843 0.028769841269841268 0.07043650793650794
5 0.6470734126984127 0.2976190476190476 0.025297619047619048 0.06878306878306878
5 0.38839285714285715 0.35367063492063494 0.025793650793650792 0.082010582010582
5 0.31882440476190477 0.28852513227513227 0.021081349206349208 0.06415343915343916
5 0.20560515873015872 0.26769179894179895 0.021081349206349208 0.05952380952380952
5 0.6232638888888888 0.18915343915343916 0.015873015873015872 0.045965608465608467
5 0.3490823412698413 0.32705026455026454 0.02628968253968254 0.07903439153439154
3 0.16282242063492064 0.294973544973545 0.060515873015873016 0.0710978835978836
5 0.5119047619047619 0.1970899470899471 0.01711309523809524 0.045965608465608467
5 0.5629960317460317 0.18518518518518517 0.015625 0.03902116402116402
5 0.3742559523809524 0.2199074074074074 0.017609126984126984 0.04894179894179894
5 0.44518849206349204 0.20734126984126985 0.016865079365079364 0.0419973544973545
1 0.6434771825396826 0.5972222222222222 0.021081349206349208 0.01521164021164021
5 0.35342261904761907 0.2701719576719577 0.020089285714285716 0.05555555555555555
5 0.40401785714285715 0.20849867724867724 0.01636904761904762 0.04662698412698413
5 0.3298611111111111 0.1886574074074074 0.015376984126984126 0.04265873015873016
3 0.07093253968253968 0.1595568783068783 0.03447420634920635 0.03373015873015873
5 0.34052579365079366 0.24371693121693122 0.02058531746031746 0.056878306878306875
5 0.5391865079365079 0.1909722222222222 0.015625 0.02943121693121693
5 0.8324652777777778 0.15128968253968253 0.028025793650793652 0.040013227513227514
5 0.3725198412698413 0.13640873015873015 0.011656746031746032 0.031746031746031744
5 0.9859871031746031 0.794808201058201 0.028025793650793652 0.19014550264550265
5 0.5354662698412699 0.15558862433862433 0.014384920634920634 0.035383597883597885
5 0.5672123015873016 0.1421957671957672 0.018849206349206348 0.032407407407407406
1 0.15930555555555556 0.3977050264550265 0.013861607142857143 0.010512566137566137
1 0.5290749007936508 0.3709953703703704 0.012318948412698413 0.0092989417989418
2 0.5613343253968255 0.25865079365079363 0.07834821428571428 0.10931878306878307
1 0.5722321428571429 0.2984920634920635 0.009407242063492064 0.007185846560846561
5 0.8549603174603174 0.15603505291005293 0.021857638888888888 0.03332010582010582
5 0.8729092261904763 0.15834986772486773 0.026540178571428572 0.03748015873015873
3 0.7724181547619048 0.0991468253968254 0.04088541666666667 0.018191137566137567
3 0.7532713293650793 0.09646825396825398 0.03414186507936508 0.017043650793650795
3 0.7909250992063492 0.07065145502645503 0.014211309523809524 0.012453703703703703
6 0.7134548611111111 0.0899404761904762 0.04593998015873016 0.02502314814814815
3 0.6883779761904761 0.08982804232804233 0.02212797619047619 0.017142857142857144
5 0.5044717261904762 0.15538690476190475 0.01203125 0.0332010582010582
5 0.5486210317460317 0.16669973544973546 0.012036210317460317 0.0373776455026455
5 0.5253125 0.13836309523809526 0.01615079365079365 0.026828703703703702
3 0.24426587301587302 0.08885912698412697 0.026059027777777775 0.016888227513227515
5 0.3390749007936508 0.1398181216931217 0.010265376984126984 0.02738425925925926
5 0.3987723214285714 0.13220568783068784 0.011240079365079364 0.027642195767195767