3 0.2326388888888889 0.6922949735449735 0.18625992063492064 0.22817460317460317
3 0.8221726190476191 0.8635912698412699 0.2472718253968254 0.2728174603174603
3 0.4720982142857143 0.5884589947089947 0.14583333333333334 0.18783068783068782
2 0.3213045634920635 0.3412698412698413 0.15773809523809523 0.2337962962962963
3 0.7100694444444444 0.4166666666666667 0.12648809523809523 0.16302910052910052
3 0.8396577380952381 0.6583994708994709 0.18055555555555555 0.21329365079365079
3 0.5126488095238095 0.45436507936507936 0.12177579365079365 0.17096560846560846
3 0.4226190476190476 0.29447751322751325 0.057291666666666664 0.08796296296296297
3 0.6743551587301587 0.23644179894179895 0.06721230158730158 0.08597883597883597
3 0.45014880952380953 0.17691798941798942 0.05381944444444445 0.06183862433862434
2 0.5900297619047619 0.10631613756613757 0.0716765873015873 0.1283068783068783
3 0.5336061507936508 0.1185515873015873 0.03993055555555555 0.04563492063492063
3 0.7005208333333334 0.31200396825396826 0.08630952380952381 0.082010582010582
2 0.4312996031746032 0.1111111111111111 0.06845238095238096 0.1001984126984127
6 0.5817212301587301 0.24272486772486773 0.08308531746031746 0.13161375661375663
5 0.2899305555555556 0.5360449735449735 0.047371031746031744 0.1335978835978836
3 0.6473214285714286 0.19808201058201058 0.05679563492063492 0.07175925925925926
5 0.9813988095238095 0.2619047619047619 0.028025793650793652 0.0796957671957672
5 0.9340277777777778 0.1886574074074074 0.023065476190476192 0.07142857142857142
5 0.5298859126984127 0.22999338624338625 0.024553571428571428 0.07275132275132275
5 0.751984126984127 0.23115079365079366 0.028769841269841268 0.07605820105820106
3 0.6675347222222222 0.16005291005291006 0.04513888888888889 0.05423280423280423
0 0.20647321428571427 0.7602513227513228 0.046378968253968256 0.01455026455026455
5 0.9893353174603174 0.19427910052910052 0.020833333333333332 0.06084656084656084
5 0.498015873015873 0.14715608465608465 0.015376984126984126 0.047619047619047616
5 0.1667906746031746 0.26421957671957674 0.04836309523809524 0.06646825396825397
4 0.20808531746031747 0.26868386243386244 0.02132936507936508 0.06812169312169312
2 0.9910714285714286 0.03802910052910053 0.017857142857142856 0.04497354497354497
0 0.45808531746031744 0.6455026455026455 0.035962301587301584 0.013558201058201057
5 0.1385168650793651 0.35201719576719576 0.03298611111111111 0.105489417989418
5 0.4781746031746032 0.1506283068783069 0.015625 0.05125661375661376
5 0.7087053571428571 0.21197089947089948 0.023809523809523808 0.06349206349206349
3 0.6299603174603174 0.04927248677248677 0.024057539682539684 0.025793650793650792
5 0.26413690476190477 0.20866402116402116 0.05133928571428571 0.05357142857142857
0 0.7144097222222222 0.4634589947089947 0.030753968253968252 0.011574074074074073
5 0.6961805555555556 0.13878637566137567 0.015625 0.04749338624338625
5 0.7012648809523809 0.1800595238095238 0.020337301587301588 0.046957671957671955
1 0.3113938492063492 0.43119708994708994 0.018583829365079366 0.013852513227513227
5 0.3854166666666667 0.13624338624338625 0.015128968253968254 0.04265873015873016
0 0.8608630952380952 0.7341269841269841 0.04265873015873016 0.017857142857142856
0 0.6769593253968254 0.2585978835978836 0.016865079365079364 0.006944444444444444
2 0.3743923611111111 0.2087830687830688 0.09257192460317461 0.09804563492063492
3 0.4776364087301587 0.09268518518518518 0.02790922619047619 0.03581018518518519
3 0.49554315476190475 0.0807473544973545 0.030017361111111113 0.03229828042328042
5 0.5033085317460317 0.10111111111111111 0.012901785714285715 0.03931878306878307
5 0.6788020833333333 0.1216468253968254 0.013164682539682539 0.03545965608465609
5 0.6553695436507936 0.09004960317460317 0.013164682539682539 0.036861772486772484
2 0.9590178571428571 0.11284391534391534 0.042470238095238096 0.06944113756613757