3 0.49851190476190477 0.6979166666666666 0.21502976190476192 0.3445767195767196
3 0.27455357142857145 0.623181216931217 0.18824404761904762 0.23313492063492064
5 0.7962549603174603 0.6823743386243386 0.06448412698412699 0.22916666666666666
3 0.24776785714285715 0.1931216931216931 0.14260912698412698 0.08597883597883597
3 0.45126488095238093 0.18915343915343916 0.08110119047619048 0.08928571428571429
6 0.5326140873015873 0.320271164021164 0.12723214285714285 0.2457010582010582
2 0.37276785714285715 0.10648148148148148 0.08333333333333333 0.15079365079365079
5 0.04055059523809524 0.9222883597883598 0.08110119047619048 0.15542328042328044
5 0.21899801587301587 0.47800925925925924 0.05233134920634921 0.16567460317460317
5 0.7366071428571429 0.4376653439153439 0.050595238095238096 0.1488095238095238
3 0.4634176587301587 0.10747354497354497 0.05654761904761905 0.06349206349206349
5 0.4146825396825397 0.33283730158730157 0.036458333333333336 0.11937830687830688
5 0.35974702380952384 0.1724537037037037 0.04365079365079365 0.07341269841269842
5 0.7259424603174603 0.25165343915343913 0.033234126984126984 0.09424603174603174
1 0.4888392857142857 0.810681216931217 0.036210317460317464 0.02447089947089947
3 0.8921130952380952 0.072255291005291 0.04017857142857143 0.05324074074074074
3 0.9609375 0.1488095238095238 0.028769841269841268 0.0667989417989418
3 0.5083085317460317 0.07341269841269842 0.040426587301587304 0.04497354497354497
3 0.5689484126984127 0.1909722222222222 0.07043650793650794 0.09027777777777778
3 0.6536458333333334 0.05869708994708995 0.03993055555555555 0.04497354497354497
1 0.24751984126984128 0.697255291005291 0.030753968253968252 0.021825396825396824
5 0.6385168650793651 0.11276455026455026 0.021825396825396824 0.05952380952380952
5 0.6873759920634921 0.11673280423280423 0.019593253968253968 0.0625
6 0.5610119047619048 0.09556878306878307 0.059027777777777776 0.0992063492063492
5 0.6226438492063492 0.26355820105820105 0.03571428571428571 0.09854497354497355
3 0.9675099206349206 0.01703042328042328 0.02554563492063492 0.03273809523809524
5 0.9151785714285714 0.1531084656084656 0.024057539682539684 0.07175925925925926
6 0.5983382936507936 0.026124338624338623 0.04265873015873016 0.052248677248677246
5 0.7244543650793651 0.1259920634920635 0.024553571428571428 0.06746031746031746
5 0.5229414682539683 0.15426587301587302 0.023809523809523808 0.06878306878306878
5 0.9128224206349206 0.10648148148148148 0.028769841269841268 0.06646825396825397
5 0.9086061507936508 0.015376984126984126 0.012152777777777778 0.030753968253968252
1 0.5246775793650794 0.40476190476190477 0.01984126984126984 0.015542328042328041
5 0.4210069444444444 0.10416666666666667 0.015873015873015872 0.054563492063492064
3 0.6533978174603174 0.023644179894179895 0.033234126984126984 0.03505291005291005
5 0.8767361111111112 0.021825396825396824 0.015873015873015872 0.04133597883597884
5 0.5670882936507936 0.02066798941798942 0.011160714285714286 0.036375661375661374
5 0.30502480158730155 0.11159391534391534 0.04402529761904762 0.03741402116402116