3 0.21651785714285715 0.4710648148148148 0.17981150793650794 0.22982804232804233
3 0.5396825396825397 0.4697420634920635 0.14905753968253968 0.19411375661375663
2 0.4443204365079365 0.16435185185185186 0.16046626984126985 0.20403439153439154
5 0.8194444444444444 0.6727843915343915 0.07514880952380952 0.23875661375661375
3 0.6158234126984127 0.27992724867724866 0.09821428571428571 0.11904761904761904
5 0.12413194444444445 0.35119047619047616 0.041666666666666664 0.13128306878306878
3 0.6887400793650794 0.08680555555555555 0.053075396825396824 0.06613756613756613
5 0.7878224206349206 0.34656084656084657 0.03794642857142857 0.12367724867724868
3 0.6078869047619048 0.10400132275132275 0.05555555555555555 0.06283068783068783
5 0.6831597222222222 0.1970899470899471 0.029017857142857144 0.08664021164021164
1 0.5256696428571429 0.5368716931216931 0.0248015873015873 0.016865079365079364
5 0.3101438492063492 0.21478174603174602 0.028273809523809524 0.09060846560846561
5 0.6082589285714286 0.04828042328042328 0.019345238095238096 0.04298941798941799
5 0.5827132936507936 0.12781084656084657 0.0248015873015873 0.07275132275132275
1 0.18601190476190477 0.5499338624338624 0.025793650793650792 0.01951058201058201
3 0.6711309523809523 0.013558201058201057 0.035962301587301584 0.027116402116402115
5 0.08928571428571429 0.26157407407407407 0.04141865079365079 0.10747354497354497
1 0.6098710317460317 0.3149801587301587 0.017361111111111112 0.012235449735449735
3 0.9141865079365079 0.01273148148148148 0.020089285714285716 0.02546296296296296
2 0.5469990079365079 0.02447089947089947 0.046378968253968256 0.04894179894179894
4 0.3009672619047619 0.07490079365079365 0.015873015873015872 0.05919312169312169
5 0.6258680555555556 0.006779100529100529 0.012648809523809524 0.013558201058201057
5 0.024677579365079364 0.19196428571428573 0.033234126984126984 0.09457671957671958
1 0.42038690476190477 0.25019179894179894 0.013973214285714287 0.011613756613756613