3 0.5094246031746031 0.751818783068783 0.21651785714285715 0.35615079365079366
3 0.24665178571428573 0.6188822751322751 0.18601190476190477 0.23578042328042328
3 0.29055059523809523 0.29133597883597884 0.09995039682539683 0.0992063492063492
3 0.5174851190476191 0.44146825396825395 0.1056547619047619 0.13657407407407407
3 0.37884424603174605 0.31994047619047616 0.09995039682539683 0.11044973544973545
5 0.02765376984126984 0.6274801587301587 0.05530753968253968 0.18055555555555555
3 0.18030753968253968 0.2447089947089947 0.13194444444444445 0.07705026455026455
5 0.29191468253968256 0.7349537037037037 0.0744047619047619 0.21792328042328044
3 0.5618799603174603 0.29381613756613756 0.07539682539682539 0.10085978835978836
5 0.9774305555555556 0.3718584656084656 0.03794642857142857 0.1001984126984127
3 0.9606894841269841 0.1531084656084656 0.0441468253968254 0.046296296296296294
6 0.5844494047619048 0.16980820105820105 0.06597222222222222 0.11838624338624339
5 0.9149305555555556 0.30522486772486773 0.030753968253968252 0.08564814814814815
5 0.06956845238095238 0.3148148148148148 0.059027777777777776 0.08630952380952381
3 0.3890128968253968 0.1421957671957672 0.04141865079365079 0.04298941798941799
5 0.3552827380952381 0.3978174603174603 0.03819444444444445 0.1087962962962963
5 0.44816468253968256 0.3611111111111111 0.033234126984126984 0.10582010582010581
5 0.6144593253968254 0.3619378306878307 0.03125 0.10284391534391535
3 0.5126488095238095 0.11706349206349206 0.03373015873015873 0.034722222222222224
3 0.9136904761904762 0.08498677248677249 0.0248015873015873 0.03009259259259259
1 0.49776785714285715 0.8862433862433863 0.034722222222222224 0.02414021164021164
5 0.9108382936507936 0.17195767195767195 0.015625 0.05026455026455026
5 0.6371527777777778 0.30853174603174605 0.027281746031746032 0.08796296296296297
5 0.42410714285714285 0.2208994708994709 0.02058531746031746 0.062169312169312166
5 0.38169642857142855 0.24421296296296297 0.023561507936507936 0.05092592592592592
3 0.6276041666666666 0.12334656084656084 0.029265873015873016 0.041666666666666664
5 0.9771825396825397 0.18154761904761904 0.019097222222222224 0.04927248677248677
5 0.5064484126984127 0.1669973544973545 0.015376984126984126 0.04563492063492063
3 0.4939236111111111 0.10433201058201058 0.031994047619047616 0.03670634920634921
5 0.34697420634920634 0.2425595238095238 0.022321428571428572 0.06646825396825397
3 0.6045386904761905 0.09408068783068783 0.02976190476190476 0.032407407407407406
5 0.4861111111111111 0.21875 0.023065476190476192 0.06944444444444445
5 0.5926339285714286 0.24338624338624337 0.023313492063492064 0.06944444444444445
5 0.5288938492063492 0.23842592592592593 0.021577380952380952 0.06349206349206349
5 0.527405753968254 0.19560185185185186 0.019345238095238096 0.05257936507936508
5 0.48722718253968256 0.1531084656084656 0.01488095238095238 0.04398148148148148
1 0.5096726190476191 0.48179563492063493 0.01935763888888889 0.014742063492063492
1 0.9838789682539683 0.38955026455026454 0.010912698412698412 0.00992063492063492
1 0.5587574404761905 0.32269179894179895 0.013303571428571428 0.009742063492063493
5 0.43154761904761907 0.10796957671957672 0.014632936507936508 0.03306878306878307
5 0.5518353174603174 0.1173941798941799 0.013640873015873016 0.037037037037037035
1 0.36639136904761904 0.3495734126984127 0.014384920634920634 0.010582010582010581
0 0.2700297619047619 0.32141534391534393 0.019737103174603175 0.006342592592592592
5 0.45641369047619046 0.10618055555555554 0.010687003968253969 0.03245039682539683
5 0.5424355158730159 0.08315145502645502 0.009107142857142857 0.026385582010582012
5 0.5744791666666668 0.09966600529100529 0.010473710317460317 0.021236772486772488
5 0.626750992063492 0.08087962962962963 0.009117063492063492 0.028505291005291006
5 0.6493625992063492 0.11208994708994709 0.012527281746031746 0.03396494708994709
5 0.5573189484126985 0.09451719576719576 0.009786706349206349 0.027906746031746033
3 0.6395882936507937 0.07087962962962963 0.021158234126984126 0.023660714285714285
3 0.6586805555555556 0.08936507936507937 0.02570684523809524 0.03033068783068783