3 0.6190476190476191 0.6694775132275133 0.19642857142857142 0.2857142857142857
2 0.48660714285714285 0.20304232804232805 0.16220238095238096 0.22354497354497355
3 0.06535218253968254 0.5494378306878307 0.1307043650793651 0.22685185185185186
3 0.7673611111111112 0.265707671957672 0.10119047619047619 0.1345899470899471
5 0.20944940476190477 0.7938161375661376 0.0992063492063492 0.26355820105820105
5 0.5710565476190477 0.37781084656084657 0.047867063492063495 0.13558201058201058
5 0.2630208333333333 0.6246693121693122 0.06721230158730158 0.21197089947089948
3 0.23239087301587302 0.22156084656084657 0.12003968253968254 0.11904761904761904
5 0.2204861111111111 0.3731812169312169 0.04836309523809524 0.1345899470899471
3 0.37388392857142855 0.19328703703703703 0.0716765873015873 0.09126984126984126
5 0.3375496031746032 0.3951719576719577 0.04365079365079365 0.15873015873015872
5 0.2726934523809524 0.30257936507936506 0.03695436507936508 0.11706349206349206
5 0.5068204365079365 0.4201388888888889 0.04389880952380952 0.1498015873015873
5 0.6457093253968254 0.3091931216931217 0.037450396825396824 0.1164021164021164
5 0.3400297619047619 0.26173941798941797 0.03422619047619048 0.10813492063492064
5 0.6393849206349206 0.19659391534391535 0.027281746031746032 0.08564814814814815
5 0.5011160714285714 0.06828703703703703 0.019097222222222224 0.045965608465608467
5 0.6976686507936508 0.01703042328042328 0.014384920634920634 0.03406084656084656
0 0.6062748015873016 0.7776124338624338 0.04836309523809524 0.017857142857142856
5 0.5750248015873016 0.07258597883597884 0.018353174603174604 0.0539021164021164
5 0.7718253968253969 0.018518518518518517 0.01488095238095238 0.037037037037037035
5 0.6667906746031746 0.0787037037037037 0.021081349206349208 0.05588624338624339
5 0.6315724206349206 0.023974867724867725 0.014632936507936508 0.046957671957671955
5 0.6592261904761905 0.13194444444444445 0.022321428571428572 0.0710978835978836
5 0.5396825396825397 0.040674603174603176 0.01636904761904762 0.04662698412698413
5 0.6254960317460317 0.09821428571428571 0.01984126984126984 0.062169312169312166
5 0.46750992063492064 0.0796957671957672 0.023065476190476192 0.04894179894179894
5 0.603546626984127 0.05952380952380952 0.016121031746031748 0.04861111111111111
4 0.30456349206349204 0.1519510582010582 0.019097222222222224 0.06746031746031746
5 0.6124751984126984 0.14781746031746032 0.020833333333333332 0.06779100529100529
5 0.6025545634920635 0.11210317460317461 0.02132936507936508 0.0625
0 0.7673511904761905 0.3056415343915344 0.02654761904761905 0.007748015873015873
1 0.462921626984127 0.30423280423280424 0.016617063492063492 0.011574074074074073
5 0.9351438492063492 0.03968253968253968 0.015128968253968254 0.05291005291005291
5 0.5850694444444444 0.023809523809523808 0.017361111111111112 0.04563492063492063
0 0.20560515873015872 0.2569444444444444 0.02058531746031746 0.007936507936507936
5 0.421875 0.10499338624338625 0.02058531746031746 0.06547619047619048
5 0.6578621031746031 0.01025132275132275 0.01240079365079365 0.0205026455026455
5 0.7662450396825397 0.07192460317460317 0.018353174603174604 0.05588624338624339
5 0.7554563492063492 0.06332671957671958 0.018105158730158732 0.056216931216931214