3 0.31572420634920634 0.4955357142857143 0.17485119047619047 0.21891534391534392
5 0.7542162698412699 0.8311838624338624 0.09250992063492064 0.26521164021164023
3 0.3637152777777778 0.1974206349206349 0.08928571428571429 0.08465608465608465
3 0.2041170634920635 0.24834656084656084 0.10739087301587301 0.10714285714285714
3 0.5725446428571429 0.2197420634920635 0.07415674603174603 0.10813492063492064
5 0.6220238095238095 0.4409722222222222 0.040426587301587304 0.14285714285714285
5 0.17522321428571427 0.4125330687830688 0.04389880952380952 0.1259920634920635
3 0.3974454365079365 0.12086640211640212 0.04389880952380952 0.04894179894179894
5 0.3089037698412698 0.31845238095238093 0.03546626984126984 0.10085978835978836
5 0.43638392857142855 0.2986111111111111 0.033234126984126984 0.10218253968253968
5 0.5261656746031746 0.30522486772486773 0.030753968253968252 0.10119047619047619
5 0.2829861111111111 0.24917328042328044 0.031001984126984128 0.08035714285714286
5 0.40141369047619047 0.279265873015873 0.028025793650793652 0.09060846560846561
5 0.9859871031746031 0.2490079365079365 0.027777777777777776 0.08101851851851852
3 0.6050347222222222 0.0625 0.029513888888888888 0.0333994708994709
1 0.28509424603174605 0.574239417989418 0.024057539682539684 0.016203703703703703
5 0.43278769841269843 0.14814814814814814 0.017609126984126984 0.0539021164021164
5 0.5595238095238095 0.11607142857142858 0.016617063492063492 0.050595238095238096
3 0.6593501984126984 0.01576388888888889 0.023065476190476192 0.023697089947089946
5 0.5926339285714286 0.1314484126984127 0.01636904761904762 0.05257936507936508
5 0.6692906746031746 0.1096792328042328 0.01731894841269841 0.04982142857142857
3 0.8013392857142857 0.027612433862433863 0.021081349206349208 0.027116402116402115
5 0.6412450396825397 0.10383597883597884 0.015376984126984126 0.04728835978835979
5 0.9792906746031746 0.0861441798941799 0.014136904761904762 0.04265873015873016
3 0.6077628968253969 0.031580687830687834 0.030753968253968252 0.03571428571428571
5 0.4965277777777778 0.1800595238095238 0.019345238095238096 0.06580687830687831
3 0.3914930555555556 0.04513888888888889 0.03050595238095238 0.032407407407407406
5 0.5174851190476191 0.16038359788359788 0.021081349206349208 0.05853174603174603
5 0.47358630952380953 0.16534391534391535 0.02058531746031746 0.062169312169312166
5 0.4575892857142857 0.10648148148148148 0.016121031746031748 0.04662698412698413
3 0.6892361111111112 0.020006613756613757 0.0220734126984127 0.023809523809523808
5 0.5060763888888888 0.08465608465608465 0.014384920634920634 0.044642857142857144
5 0.6856398809523809 0.10218253968253968 0.014384920634920634 0.04828042328042328
5 0.4428323412698413 0.08697089947089948 0.014136904761904762 0.04034391534391534
5 0.5188492063492064 0.07208994708994709 0.011904761904761904 0.03835978835978836
5 0.5011160714285714 0.14186507936507936 0.018601190476190476 0.04927248677248677
5 0.5778769841269841 0.02976190476190476 0.012648809523809524 0.03273809523809524
0 0.18055555555555555 0.2800925925925926 0.017361111111111112 0.008597883597883597
5 0.235109126984127 0.1895138888888889 0.039109623015873014 0.05330357142857143