3 0.267609126984127 0.5454695767195767 0.18998015873015872 0.22387566137566137
3 0.6872519841269841 0.566468253968254 0.18154761904761904 0.2777777777777778
3 0.4928075396825397 0.8199404761904762 0.21949404761904762 0.3551587301587302
5 0.2533482142857143 0.3578042328042328 0.04935515873015873 0.13723544973544974
5 0.36681547619047616 0.6473214285714286 0.06001984126984127 0.2251984126984127
5 0.03869047619047619 0.5264550264550265 0.06547619047619048 0.19246031746031747
5 0.5362103174603174 0.2820767195767196 0.03695436507936508 0.11078042328042328
5 0.4775545634920635 0.4828042328042328 0.04563492063492063 0.16732804232804233
5 0.6910962301587301 0.3718584656084656 0.04290674603174603 0.12301587301587301
5 0.49268353174603174 0.3602843915343915 0.04265873015873016 0.12764550264550265
5 0.974578373015873 0.7711640211640212 0.050347222222222224 0.26455026455026454
5 0.43973214285714285 0.2585978835978836 0.032242063492063495 0.10284391534391535
3 0.8635912698412699 0.0248015873015873 0.03943452380952381 0.04563492063492063
5 0.8423859126984127 0.4181547619047619 0.039186507936507936 0.14054232804232805
2 0.40414186507936506 0.05257936507936508 0.09771825396825397 0.10515873015873016
5 0.34523809523809523 0.32853835978835977 0.03869047619047619 0.12367724867724868
5 0.4193948412698413 0.18799603174603174 0.027281746031746032 0.08432539682539683
5 0.7080853174603174 0.12979497354497355 0.02058531746031746 0.06746031746031746
5 0.550719246031746 0.15046296296296297 0.023313492063492064 0.07771164021164022
1 0.23524305555555555 0.6198743386243386 0.027281746031746032 0.01917989417989418
1 0.48722718253968256 0.9608134920634921 0.04141865079365079 0.028439153439153438
5 0.46850198412698413 0.1433531746031746 0.024057539682539684 0.07506613756613757
5 0.3307291666666667 0.21742724867724866 0.036210317460317464 0.07936507936507936
5 0.9007936507936508 0.06415343915343916 0.016121031746031748 0.04927248677248677
5 0.6540178571428571 0.09606481481481481 0.018105158730158732 0.061507936507936505
5 0.326140873015873 0.291005291005291 0.034722222222222224 0.1164021164021164
5 0.5187251984126984 0.07457010582010581 0.01711309523809524 0.05588624338624339
5 0.48759920634920634 0.06944444444444445 0.019097222222222224 0.05720899470899471
5 0.46490575396825395 0.07936507936507936 0.019345238095238096 0.056878306878306875
5 0.5908234126984127 0.07720238095238095 0.016617063492063492 0.05227513227513228
5 0.5613839285714286 0.04513888888888889 0.015625 0.047619047619047616
0 0.6904761904761905 0.6686507936507936 0.04290674603174603 0.016203703703703703
4 0.3508184523809524 0.10119047619047619 0.01711309523809524 0.06382275132275132
5 0.38256448412698413 0.09358465608465609 0.03943452380952381 0.05357142857142857
5 0.5011011904761905 0.04964616402116402 0.016398809523809524 0.04488756613756614
5 0.5173933531746032 0.03265542328042328 0.01457093253968254 0.04447751322751323
4 0.3236607142857143 0.11292989417989419 0.020089285714285716 0.06613756613756613
5 0.660218253968254 0.01951058201058201 0.012896825396825396 0.03835978835978836
5 0.5514632936507936 0.022486772486772486 0.013640873015873016 0.04133597883597884
5 0.5908730158730159 0.041395502645502645 0.014112103174603175 0.0330026455026455
5 0.497405753968254 0.02257936507936508 0.013459821428571429 0.03531746031746032