3 0.6989087301587301 0.5198412698412699 0.15699404761904762 0.23974867724867724
3 0.29377480158730157 0.4781746031746032 0.1470734126984127 0.18485449735449735
3 0.5122767857142857 0.48313492063492064 0.12624007936507936 0.18055555555555555
3 0.4830109126984127 0.7961309523809523 0.22643849206349206 0.4070767195767196
3 0.5032242063492064 0.3412698412698413 0.1001984126984127 0.1259920634920635
3 0.6884920634920635 0.3455687830687831 0.12103174603174603 0.16435185185185186
3 0.9613095238095238 0.15658068783068782 0.06572420634920635 0.06812169312169312
5 0.22978670634920634 0.7693452380952381 0.06746031746031746 0.24107142857142858
3 0.3767361111111111 0.24189814814814814 0.0954861111111111 0.1164021164021164
3 0.6624503968253969 0.23677248677248677 0.06646825396825397 0.08333333333333333
3 0.5859375 0.136739417989418 0.05282738095238095 0.07275132275132275
5 0.23772321428571427 0.3531746031746032 0.03571428571428571 0.11276455026455026
5 0.2977430555555556 0.8361441798941799 0.08804563492063493 0.2777777777777778
5 0.5939980158730159 0.2275132275132275 0.024305555555555556 0.08101851851851852
3 0.7874503968253969 0.08895502645502645 0.04538690476190476 0.04563492063492063
5 0.8426339285714286 0.45601851851851855 0.05282738095238095 0.14285714285714285
1 0.2675694444444444 0.5404728835978836 0.022321428571428572 0.01521164021164021
5 0.025049603174603176 0.41633597883597884 0.05009920634920635 0.13624338624338625
5 0.8123759920634921 0.3878968253968254 0.04141865079365079 0.12202380952380952
3 0.6395089285714286 0.09044312169312169 0.04117063492063492 0.04563492063492063
5 0.08891369047619048 0.3958333333333333 0.054811507936507936 0.13161375661375663
1 0.7003968253968254 0.605489417989418 0.026785714285714284 0.018187830687830687
3 0.5086805555555556 0.12698412698412698 0.050595238095238096 0.0667989417989418
5 0.3255208333333333 0.1636904761904762 0.01984126984126984 0.05654761904761905
3 0.542906746031746 0.06084656084656084 0.03125 0.03406084656084656
5 0.22581845238095238 0.9437830687830688 0.08308531746031746 0.11243386243386243
3 0.498015873015873 0.07027116402116403 0.03298611111111111 0.04332010582010582
6 0.580734126984127 0.07388558201058201 0.038204365079365074 0.06750330687830687
5 0.43774801587301587 0.19212962962962962 0.0248015873015873 0.06944444444444445
5 0.3814484126984127 0.16021825396825398 0.0220734126984127 0.04927248677248677
5 0.4098462301587302 0.15228174603174602 0.019345238095238096 0.05919312169312169
3 0.44915674603174605 0.05654761904761905 0.028521825396825396 0.035383597883597885
5 0.7894345238095238 0.3468915343915344 0.03993055555555555 0.09986772486772487
0 0.46750992063492064 0.9768518518518519 0.061507936507936505 0.01951058201058201
5 0.7751736111111112 0.3169642857142857 0.03273809523809524 0.09093915343915344
5 0.05791170634920635 0.2941468253968254 0.07490079365079365 0.09093915343915344
5 0.46850198412698413 0.07490079365079365 0.012896825396825396 0.040674603174603176
5 0.45498511904761907 0.07837301587301587 0.014632936507936508 0.041005291005291
3 0.5199652777777778 0.04563492063492063 0.027777777777777776 0.035383597883597885
3 0.550719246031746 0.031746031746031744 0.027281746031746032 0.0333994708994709
3 0.6296701388888889 0.06259259259259259 0.0318328373015873 0.040816798941798946
5 0.4273313492063492 0.14070767195767195 0.016865079365079364 0.054563492063492064
4 0.20151289682539683 0.18369708994708994 0.018105158730158732 0.06613756613756613
5 0.3975694444444444 0.09738756613756613 0.017857142857142856 0.03902116402116402
0 0.49556795634920636 0.3826984126984127 0.023390376984126986 0.0084755291005291
1 0.506532738095238 0.5432043650793651 0.02240079365079365 0.01478505291005291
1 0.6933134920634921 0.39554232804232803 0.020570436507936506 0.01247685185185185
1 0.3589856150793651 0.26683531746031747 0.013313492063492064 0.009993386243386243
5 0.5387202380952381 0.07990079365079365 0.012844742063492063 0.0390707671957672
5 0.47734871031746035 0.0673181216931217 0.009665178571428571 0.03443783068783069
5 0.49969246031746034 0.03681878306878307 0.008159722222222223 0.02255621693121693
3 0.5904290674603175 0.03681878306878307 0.022958829365079363 0.02658399470899471
3 0.5985069444444444 0.022728174603174604 0.023412698412698413 0.027387566137566134