6 0.660218253968254 0.36044973544973546 0.13616071428571427 0.2847222222222222
5 0.1300843253968254 0.7380952380952381 0.08854166666666667 0.2619047619047619
5 0.06163194444444445 0.6162367724867724 0.06820436507936507 0.2046957671957672
3 0.6402529761904762 0.10466269841269842 0.04935515873015873 0.05886243386243386
3 0.5637400793650794 0.10119047619047619 0.046130952380952384 0.07407407407407407
5 0.18514384920634921 0.2994378306878307 0.044890873015873016 0.1001984126984127
3 0.5866815476190477 0.0517526455026455 0.047867063492063495 0.0539021164021164
5 0.9619295634920635 0.25066137566137564 0.03422619047619048 0.10052910052910052
5 0.07130456349206349 0.3559854497354497 0.054811507936507936 0.13293650793650794
5 0.17125496031746032 0.40062830687830686 0.04265873015873016 0.13988095238095238
5 0.28931051587301587 0.3116732804232804 0.037698412698412696 0.1130952380952381
3 0.6569940476190477 0.03125 0.03720238095238095 0.04728835978835979
3 0.1843998015873016 0.2048611111111111 0.1148313492063492 0.11177248677248677
3 0.3869047619047619 0.07093253968253968 0.045882936507936505 0.05191798941798942
1 0.6577380952380952 0.47619047619047616 0.023313492063492064 0.017195767195767195
5 0.9911954365079365 0.14963624338624337 0.017609126984126984 0.07771164021164022
5 0.32353670634920634 0.18998015873015872 0.028769841269841268 0.07903439153439154
2 0.5288938492063492 0.037037037037037035 0.04662698412698413 0.06117724867724868
6 0.4097222222222222 0.2701719576719577 0.1810515873015873 0.24107142857142858
5 0.4756944444444444 0.0679563492063492 0.015873015873015872 0.050595238095238096
6 0.4303571428571429 0.10780092592592593 0.12095734126984127 0.11204695767195767
3 0.818328373015873 0.08664021164021164 0.025793650793650792 0.07043650793650794
5 0.49193948412698413 0.01521164021164021 0.010912698412698412 0.03009259259259259
5 0.9883482142857143 0.054738756613756614 0.014677579365079366 0.04434193121693122
3 0.5483630952380952 0.013558201058201057 0.02976190476190476 0.027116402116402115
1 0.3896329365079365 0.3513558201058201 0.0220734126984127 0.014219576719576719
0 0.15749007936507936 0.23792989417989419 0.019345238095238096 0.008597883597883597
4 0.24643601190476191 0.2027116402116402 0.02150297619047619 0.08085648148148147
5 0.9841418650793651 0.036147486772486775 0.012078373015873016 0.040082671957671956
5 0.9738070436507936 0.028988095238095236 0.012884424603174604 0.035787037037037034
5 0.6016939484126984 0.017605820105820107 0.01273065476190476 0.030806878306878307