3 0.34933035714285715 0.8458994708994709 0.2601686507936508 0.3082010582010582
5 0.35466269841269843 0.5704365079365079 0.05828373015873016 0.2099867724867725
5 0.24702380952380953 0.5423280423280423 0.06274801587301587 0.19411375661375663
5 0.22978670634920634 0.40476190476190477 0.05282738095238095 0.15476190476190477
3 0.6772073412698413 0.06779100529100529 0.04935515873015873 0.05588624338624339
5 0.3413938492063492 0.3037367724867725 0.041666666666666664 0.12665343915343916
2 0.5095486111111112 0.043154761904761904 0.07142857142857142 0.08597883597883597
5 0.29737103174603174 0.21957671957671956 0.033234126984126984 0.09755291005291006
3 0.6418650793650794 0.024305555555555556 0.04092261904761905 0.04398148148148148
5 0.566468253968254 0.08713624338624339 0.020833333333333332 0.06316137566137567
5 0.5115327380952381 0.1789021164021164 0.027529761904761904 0.08763227513227513
5 0.5963541666666666 0.059854497354497355 0.019345238095238096 0.05555555555555555
5 0.5 0.11871693121693122 0.022569444444444444 0.07043650793650794
5 0.7036210317460317 0.03125 0.017857142857142856 0.05257936507936508
5 0.7175099206349206 0.02662037037037037 0.015376984126984126 0.04894179894179894
5 0.33209325396825395 0.09639550264550265 0.04265873015873016 0.06183862433862434
5 0.8723958333333334 0.030257936507936508 0.015128968253968254 0.051587301587301584
5 0.424469246031746 0.07828703703703704 0.018618551587301586 0.05738095238095239
5 0.5860044642857143 0.04255291005291006 0.014250992063492065 0.04849206349206349
4 0.2647916666666667 0.11540013227513228 0.01789186507936508 0.06381283068783068
5 0.41955357142857147 0.05704034391534392 0.017723214285714283 0.05215277777777778