3 0.4928075396825397 0.4794973544973545 0.09796626984126984 0.11408730158730158
5 0.027777777777777776 0.7240410052910053 0.05555555555555555 0.17923280423280424
5 0.619171626984127 0.8893849206349206 0.06721230158730158 0.22123015873015872
3 0.14446924603174602 0.4351851851851852 0.12549603174603174 0.12103174603174603
5 0.38095238095238093 0.7035383597883598 0.05853174603174603 0.18121693121693122
5 0.26078869047619047 0.6279761904761905 0.044890873015873016 0.15178571428571427
5 0.7858382936507936 0.810515873015873 0.06969246031746032 0.22916666666666666
5 0.08655753968253968 0.5515873015873016 0.05530753968253968 0.13260582010582012
3 0.6388888888888888 0.3253968253968254 0.05952380952380952 0.07407407407407407
5 0.19047619047619047 0.5884589947089947 0.04836309523809524 0.14285714285714285
5 0.3152281746031746 0.5707671957671958 0.041666666666666664 0.13855820105820105
5 0.6209077380952381 0.5031415343915344 0.03819444444444445 0.11673280423280423
5 0.23350694444444445 0.4689153439153439 0.035962301587301584 0.10615079365079365
5 0.1232638888888889 0.4968584656084656 0.046130952380952384 0.09986772486772487
3 0.46912202380952384 0.26669973544973546 0.04241071428571429 0.057539682539682536
5 0.38777281746031744 0.40062830687830686 0.027529761904761904 0.08630952380952381
5 0.46577380952380953 0.3758267195767196 0.024553571428571428 0.07903439153439154
5 0.6733630952380952 0.376984126984127 0.024305555555555556 0.08267195767195767
5 0.5221974206349206 0.35383597883597884 0.024305555555555556 0.0710978835978836
5 0.3716517857142857 0.2984457671957672 0.01984126984126984 0.05720899470899471
5 0.022569444444444444 0.9437830687830688 0.04513888888888889 0.11177248677248677
3 0.8418898809523809 0.2663690476190476 0.027529761904761904 0.05191798941798942
5 0.4185267857142857 0.36342592592592593 0.0220734126984127 0.07076719576719577
5 0.3454861111111111 0.30539021164021163 0.02132936507936508 0.05588624338624339
2 0.6841517857142857 0.15674603174603174 0.037450396825396824 0.04133597883597884
5 0.5778769841269841 0.35631613756613756 0.022569444444444444 0.07374338624338625
5 0.5064484126984127 0.2923280423280423 0.016617063492063492 0.0539021164021164
5 0.48747519841269843 0.30952380952380953 0.017609126984126984 0.05886243386243386
5 0.6350446428571429 0.2501653439153439 0.01488095238095238 0.04431216931216931
3 0.6114831349206349 0.2177579365079365 0.03149801587301587 0.042328042328042326
5 0.45634920634920634 0.30952380952380953 0.016617063492063492 0.05588624338624339
4 0.25322420634920634 0.34970238095238093 0.018601190476190476 0.06349206349206349
3 0.6008184523809523 0.28488756613756616 0.05009920634920635 0.06911375661375661
5 0.41703869047619047 0.2724867724867725 0.015625 0.04927248677248677
5 0.427703373015873 0.3209325396825397 0.018601190476190476 0.06018518518518518
5 0.613219246031746 0.4591600529100529 0.03968253968253968 0.09656084656084656
0 0.48387896825396826 0.5079365079365079 0.023561507936507936 0.008267195767195767
4 0.23350694444444445 0.3460648148148148 0.016865079365079364 0.06117724867724868
5 0.5770089285714286 0.3156415343915344 0.021081349206349208 0.04894179894179894
5 0.5855257936507937 0.24155092592592595 0.011825396825396826 0.037665343915343916
6 0.5389087301587302 0.23376984126984127 0.06157490079365079 0.1266005291005291
5 0.5049975198412698 0.24296296296296296 0.012465277777777777 0.04043320105820106
5 0.4983308531746032 0.22141203703703702 0.01253968253968254 0.03791997354497355
5 0.48586805555555557 0.23690806878306878 0.012385912698412698 0.0342526455026455