3 0.5543154761904762 0.8520171957671958 0.19717261904761904 0.2959656084656085
3 0.1039186507936508 0.9112103174603174 0.20734126984126985 0.1775793650793651
3 0.4868551587301587 0.6001984126984127 0.10813492063492064 0.14054232804232805
3 0.2119295634920635 0.5920965608465608 0.13640873015873015 0.15674603174603174
3 0.3852926587301587 0.4945436507936508 0.08581349206349206 0.09887566137566138
5 0.8515625 0.7414021164021164 0.07465277777777778 0.1789021164021164
3 0.3177083333333333 0.4211309523809524 0.07316468253968254 0.07903439153439154
3 0.6416170634920635 0.4083994708994709 0.07043650793650794 0.09358465608465609
3 0.4182787698412698 0.39699074074074076 0.054811507936507936 0.0710978835978836
5 0.6657986111111112 0.5388558201058201 0.030753968253968252 0.10747354497354497
3 0.5870535714285714 0.3126653439153439 0.041666666666666664 0.0496031746031746
5 0.7166418650793651 0.6304563492063492 0.038938492063492064 0.13525132275132276
5 0.486359126984127 0.4859457671957672 0.034722222222222224 0.09126984126984126
3 0.5145089285714286 0.32341269841269843 0.04117063492063492 0.04894179894179894
5 0.1253720238095238 0.5512566137566137 0.03695436507936508 0.10747354497354497
5 0.2664930555555556 0.4618055555555556 0.030009920634920636 0.08167989417989419
5 0.9463045634920635 0.3974867724867725 0.029017857142857144 0.06977513227513228
5 0.7703373015873016 0.6061507936507936 0.033482142857142856 0.11342592592592593
6 0.4087301587301587 0.34308862433862436 0.05952380952380952 0.09358465608465609
5 0.7951388888888888 0.6486441798941799 0.04935515873015873 0.1412037037037037
5 0.5489831349206349 0.4828042328042328 0.027777777777777776 0.09193121693121693
5 0.5297619047619048 0.4305555555555556 0.024553571428571428 0.0744047619047619
3 0.7555803571428571 0.2693452380952381 0.030009920634920636 0.03835978835978836
3 0.6122271825396826 0.38492063492063494 0.04712301587301587 0.06779100529100529
5 0.48660714285714285 0.3621031746031746 0.018601190476190476 0.05324074074074074
5 0.5740327380952381 0.43039021164021163 0.022817460317460316 0.07308201058201058
5 0.5559275793650794 0.39831349206349204 0.019345238095238096 0.0625
5 0.9816468253968254 0.3113425925925926 0.016121031746031748 0.044642857142857144
5 0.7379712301587301 0.5479497354497355 0.04365079365079365 0.10912698412698413
1 0.5398065476190477 0.9639285714285715 0.03249007936507937 0.022500000000000003
0 0.4809895833333333 0.6440145502645502 0.027318948412698413 0.00992063492063492
5 0.5531994047619048 0.3098544973544973 0.014384920634920634 0.042328042328042326
5 0.01351686507936508 0.6808862433862434 0.02703373015873016 0.15343915343915343
5 0.435515873015873 0.26669973544973546 0.014632936507936508 0.03306878306878307
3 0.17113095238095238 0.4083994708994709 0.09523809523809523 0.05489417989417989
0 0.19087053571428572 0.6445535714285715 0.02678075396825397 0.010009920634920635
3 0.767609126984127 0.21825396825396826 0.022569444444444444 0.03009259259259259
5 0.4771825396825397 0.26603835978835977 0.011160714285714286 0.03207671957671958
5 0.4976438492063492 0.26240079365079366 0.011160714285714286 0.03373015873015873
5 0.6278521825396826 0.3404431216931217 0.01984126984126984 0.0419973544973545
5 0.4398561507936508 0.3192791005291005 0.01240079365079365 0.04497354497354497
5 0.5715525793650794 0.27562830687830686 0.012648809523809524 0.03406084656084656
0 0.37588293650793647 0.5215575396825397 0.02196924603174603 0.007642195767195767