3 0.26587301587301587 0.4565145502645503 0.18824404761904762 0.18617724867724866
3 0.6315724206349206 0.3551587301587302 0.12078373015873016 0.18452380952380953
5 0.880828373015873 0.8158068783068783 0.08432539682539683 0.26884920634920634
3 0.3203125 0.15360449735449735 0.12996031746031747 0.07738095238095238
3 0.7094494047619048 0.23528439153439154 0.0845734126984127 0.11078042328042328
5 0.4402281746031746 0.47800925925925924 0.05233134920634921 0.1765873015873016
5 0.10243055555555555 0.5391865079365079 0.05505952380952381 0.19146825396825398
5 0.8312251984126984 0.48214285714285715 0.04861111111111111 0.16600529100529102
5 0.49689980158730157 0.32258597883597884 0.03844246031746032 0.12103174603174603
2 0.46217757936507936 0.05489417989417989 0.1001984126984127 0.10978835978835978
5 0.6170634920634921 0.2058531746031746 0.02703373015873016 0.08763227513227513
5 0.1463293650793651 0.33912037037037035 0.043402777777777776 0.12996031746031747
3 0.6707589285714286 0.04580026455026455 0.039186507936507936 0.04365079365079365
2 0.5559275793650794 0.03720238095238095 0.06001984126984127 0.07407407407407407
5 0.35639880952380953 0.2101521164021164 0.029017857142857144 0.09027777777777778
5 0.09226190476190477 0.27215608465608465 0.04513888888888889 0.10615079365079365
5 0.748015873015873 0.11789021164021164 0.02058531746031746 0.06580687830687831
5 0.6060267857142857 0.016534391534391533 0.014632936507936508 0.03306878306878307
5 0.01525297619047619 0.4262566137566138 0.03050595238095238 0.15608465608465608
2 0.2626934523809524 0.29026785714285713 0.14997271825396827 0.16125992063492062
5 0.27529761904761907 0.3331679894179894 0.04117063492063492 0.06580687830687831
5 0.5432787698412699 0.11342592592592593 0.021577380952380952 0.04894179894179894
5 0.8882688492063492 0.08961640211640212 0.01636904761904762 0.05357142857142857
5 0.5503472222222222 0.19427910052910052 0.026041666666666668 0.08300264550264551
3 0.6686507936507936 0.01669973544973545 0.033234126984126984 0.0333994708994709
5 0.7415674603174603 0.04447751322751323 0.01711309523809524 0.04497354497354497
3 0.7180059523809523 0.015046296296296295 0.031994047619047616 0.02976190476190476
5 0.5373263888888888 0.15790343915343916 0.024305555555555556 0.07539682539682539
0 0.21989583333333335 0.5164583333333334 0.03317460317460317 0.013052248677248676
5 0.6254960317460317 0.02066798941798942 0.01314484126984127 0.04034391534391534
5 0.7528521825396826 0.013227513227513227 0.011904761904761904 0.026455026455026454
5 0.9184027777777778 0.04332010582010582 0.013392857142857142 0.04365079365079365
0 0.6229985119047619 0.41397156084656084 0.03184027777777778 0.011802248677248677
1 0.2269345238095238 0.341765873015873 0.018846726190476188 0.013561507936507936
1 0.7061011904761905 0.2620701058201058 0.014632936507936508 0.01025132275132275