3 0.41418650793650796 0.29662698412698413 0.1195436507936508 0.1488095238095238
2 0.15538194444444445 0.4965277777777778 0.31026785714285715 0.46593915343915343
3 0.6773313492063492 0.24206349206349206 0.08234126984126984 0.105489417989418
3 0.5768849206349206 0.19907407407407407 0.07787698412698413 0.09986772486772487
3 0.6892361111111112 0.14252645502645503 0.05828373015873016 0.07341269841269842
3 0.42237103174603174 0.09755291005291006 0.06721230158730158 0.07671957671957672
5 0.33283730158730157 0.230489417989418 0.03298611111111111 0.09259259259259259
5 0.5083085317460317 0.2524801587301587 0.029017857142857144 0.10119047619047619
3 0.4477926587301587 0.03587962962962963 0.03819444444444445 0.042328042328042326
5 0.47867063492063494 0.18138227513227514 0.027529761904761904 0.08234126984126984
5 0.6221478174603174 0.0873015873015873 0.017361111111111112 0.05324074074074074
1 0.39459325396825395 0.34341931216931215 0.017857142857142856 0.012896825396825396
5 0.5551835317460317 0.06911375661375661 0.015625 0.0496031746031746
1 0.061135912698412696 0.7056878306878307 0.03050595238095238 0.01951058201058201
5 0.36867559523809523 0.1099537037037037 0.024553571428571428 0.060515873015873016
6 0.8833085317460317 0.045304232804232805 0.0662202380952381 0.09060846560846561
5 0.703125 0.05919312169312169 0.01711309523809524 0.04894179894179894
5 0.8634672619047619 0.09606481481481481 0.01984126984126984 0.05787037037037037
5 0.47507440476190477 0.1087962962962963 0.020833333333333332 0.06382275132275132
5 0.6568700396825397 0.062003968253968256 0.015873015873015872 0.04927248677248677
5 0.4802827380952381 0.011739417989417989 0.01240079365079365 0.023478835978835978
4 0.3038194444444444 0.11061507936507936 0.020089285714285716 0.05952380952380952
4 0.052455357142857144 0.25033068783068785 0.028025793650793652 0.10052910052910052
1 0.6752008928571428 0.2703075396825397 0.014851190476190476 0.010972222222222222
5 0.025917658730158732 0.16650132275132276 0.051835317460317464 0.06316137566137567
5 0.3461061507936508 0.09011243386243387 0.015376984126984126 0.05026455026455026
4 0.2747594246031746 0.08078042328042329 0.015436507936507938 0.05316798941798942
5 0.6286483134920635 0.029560185185185186 0.012604166666666666 0.038115079365079366