3 0.5068204365079365 0.720568783068783 0.20014880952380953 0.2943121693121693
3 0.18303571428571427 0.5441468253968254 0.1793154761904762 0.2080026455026455
3 0.6014384920634921 0.46511243386243384 0.11011904761904762 0.14583333333333334
6 0.36731150793650796 0.5034722222222222 0.16865079365079366 0.30522486772486773
3 0.11185515873015874 0.44130291005291006 0.10416666666666667 0.125
5 0.7083333333333334 0.6754298941798942 0.05679563492063492 0.18452380952380953
3 0.5119047619047619 0.29728835978835977 0.06870039682539683 0.07374338624338625
3 0.4779265873015873 0.2425595238095238 0.057539682539682536 0.06547619047619048
3 0.4071180555555556 0.3090277777777778 0.08655753968253968 0.08928571428571429
3 0.5646081349206349 0.17774470899470898 0.03869047619047619 0.03968253968253968
3 0.5297619047619048 0.18832671957671956 0.04241071428571429 0.050595238095238096
5 0.1667906746031746 0.8371362433862434 0.07366071428571429 0.22552910052910052
3 0.3671875 0.29150132275132273 0.05704365079365079 0.07208994708994709
6 0.5948660714285714 0.12268518518518519 0.041666666666666664 0.06712962962962964
3 0.46118551587301587 0.19775132275132276 0.04439484126984127 0.05555555555555555
5 0.26748511904761907 0.34242724867724866 0.028273809523809524 0.08862433862433862
3 0.6030505952380952 0.37863756613756616 0.08333333333333333 0.07804232804232804
5 0.6552579365079365 0.3482142857142857 0.030009920634920636 0.09027777777777778
5 0.5146329365079365 0.39715608465608465 0.03125 0.09986772486772487
3 0.20461309523809523 0.9571759259259259 0.2876984126984127 0.08564814814814815
2 0.6112351190476191 0.2567791005291005 0.07242063492063493 0.10813492063492064
5 0.46242559523809523 0.3630952380952381 0.027529761904761904 0.09358465608465609
1 0.14719742063492064 0.5972222222222222 0.020833333333333332 0.018518518518518517
3 0.6061507936507936 0.18617724867724866 0.03521825396825397 0.036375661375661374
5 0.21515376984126985 0.30009920634920634 0.024553571428571428 0.07738095238095238
5 0.3220486111111111 0.24735449735449735 0.021081349206349208 0.06117724867724868
3 0.015376984126984126 0.43799603174603174 0.030753968253968252 0.14153439153439154
3 0.8193204365079365 0.18931878306878308 0.031001984126984128 0.04133597883597884
1 0.10342261904761904 0.4750330687830688 0.019345238095238096 0.012896825396825396
5 0.4226190476190476 0.22503306878306878 0.020337301587301588 0.05257936507936508
5 0.7984871031746031 0.2837301587301587 0.029017857142857144 0.06845238095238096
5 0.17770337301587302 0.7442129629629629 0.07316468253968254 0.1908068783068783
0 0.3505704365079365 0.6220238095238095 0.03273809523809524 0.012896825396825396
5 0.34945436507936506 0.2554563492063492 0.0220734126984127 0.05125661375661376
0 0.4940575396825397 0.8198313492063493 0.04908482142857143 0.01576388888888889
1 0.6013144841269841 0.5127314814814815 0.01711309523809524 0.01521164021164021
5 0.1987847222222222 0.3999669312169312 0.026785714285714284 0.07771164021164022
5 0.21750992063492064 0.4080687830687831 0.03869047619047619 0.07374338624338625
5 0.3854166666666667 0.16550925925925927 0.01488095238095238 0.04365079365079365
3 0.24603174603174602 0.25992063492063494 0.07390873015873016 0.08068783068783068
5 0.42745535714285715 0.17493386243386244 0.014384920634920634 0.04298941798941799
5 0.8071676587301587 0.2347883597883598 0.023313492063492064 0.051587301587301584
3 0.5188492063492064 0.1648478835978836 0.03720238095238095 0.041005291005291
5 0.2586805555555556 0.45949074074074076 0.037698412698412696 0.11011904761904762
5 0.4732142857142857 0.15228174603174602 0.013640873015873016 0.03802910052910053
5 0.7960069444444444 0.14566798941798942 0.015128968253968254 0.04365079365079365
5 0.5017361111111112 0.14517195767195767 0.013392857142857142 0.040674603174603176
5 0.5591517857142857 0.12351190476190477 0.012896825396825396 0.03373015873015873