3 0.22767857142857142 0.646494708994709 0.3060515873015873 0.3237433862433862
3 0.3318452380952381 0.3599537037037037 0.14211309523809523 0.1421957671957672
3 0.4443204365079365 0.24156746031746032 0.09399801587301587 0.10152116402116403
3 0.6892361111111112 0.21164021164021163 0.0798611111111111 0.0958994708994709
5 0.673859126984127 0.5891203703703703 0.056299603174603176 0.20304232804232805
3 0.7523561507936508 0.10631613756613757 0.05803571428571429 0.0710978835978836
3 0.23363095238095238 0.23330026455026456 0.12078373015873016 0.12037037037037036
5 0.20188492063492064 0.47685185185185186 0.062003968253968256 0.12003968253968254
2 0.5595238095238095 0.10152116402116403 0.08482142857142858 0.13723544973544974
5 0.8132440476190477 0.48197751322751325 0.049107142857142856 0.164021164021164
3 0.43191964285714285 0.14417989417989419 0.05853174603174603 0.06746031746031746
5 0.8276289682539683 0.31812169312169314 0.03447420634920635 0.11970899470899471
5 0.41617063492063494 0.3931878306878307 0.043154761904761904 0.1488095238095238
5 0.5559275793650794 0.2833994708994709 0.03670634920634921 0.10714285714285714
5 0.5890376984126984 0.1970899470899471 0.025793650793650792 0.08597883597883597
5 0.3263888888888889 0.1832010582010582 0.028521825396825396 0.06415343915343916
5 0.5550595238095238 0.2197420634920635 0.031001984126984128 0.06382275132275132
5 0.4068700396825397 0.20634920634920634 0.02628968253968254 0.0763888888888889
5 0.28720238095238093 0.16947751322751323 0.03571428571428571 0.06547619047619048
5 0.6092509920634921 0.09639550264550265 0.017857142857142856 0.05720899470899471
5 0.6428571428571429 0.15360449735449735 0.0220734126984127 0.06977513227513228
5 0.6832837301587301 0.13442460317460317 0.025297619047619048 0.06382275132275132
5 0.48387896825396826 0.06729497354497355 0.016121031746031748 0.04861111111111111
0 0.3042435515873016 0.4110482804232804 0.02916418650793651 0.009914021164021165
5 0.6588541666666666 0.13210978835978837 0.020833333333333332 0.06580687830687831
0 0.14285714285714285 0.7643849206349206 0.047867063492063495 0.018518518518518517
5 0.4755704365079365 0.1574074074074074 0.020089285714285716 0.07142857142857142
5 0.7034970238095238 0.017526455026455025 0.014632936507936508 0.03505291005291005
5 0.6819196428571429 0.03951719576719577 0.015625 0.045304232804232805
5 0.6195436507936508 0.035383597883597885 0.014136904761904762 0.04133597883597884
5 0.7682291666666666 0.017857142857142856 0.016121031746031748 0.03571428571428571
5 0.6879960317460317 0.09143518518518519 0.020089285714285716 0.0539021164021164
5 0.6493055555555556 0.09176587301587301 0.01984126984126984 0.05257936507936508
5 0.5570436507936508 0.021825396825396824 0.014384920634920634 0.026785714285714284
5 0.6385168650793651 0.062169312169312166 0.014632936507936508 0.0419973544973545
5 0.5968501984126984 0.008101851851851851 0.011904761904761904 0.016203703703703703
0 0.6859821428571429 0.23971560846560847 0.01980406746031746 0.007308201058201059
5 0.6439732142857143 0.03422619047619048 0.01711309523809524 0.03968253968253968
0 0.426547619047619 0.2699834656084656 0.019290674603174605 0.00785383597883598
0 0.20625992063492063 0.26927910052910053 0.020483630952380955 0.007060185185185186