3 0.7201605902777778 0.5269097222222222 0.2530381944444444 0.34693287037037035
3 0.3580729166666667 0.5322627314814815 0.2693142361111111 0.37123842592592593
3 0.7033420138888888 0.26634837962962965 0.20616319444444445 0.26851851851851855
3 0.3415798611111111 0.07855902777777778 0.15342881944444445 0.15711805555555555
3 0.3059895833333333 0.2677951388888889 0.1840277777777778 0.2595486111111111
5 0.08203125 0.5614872685185185 0.08268229166666667 0.27199074074074076
6 0.8282335069444444 0.09852430555555555 0.2306857638888889 0.1970486111111111
1 0.7258029513888888 0.6385995370370371 0.04210069444444445 0.03009259259259259
3 0.9767795138888888 0.3844039351851852 0.046223958333333336 0.2505787037037037
5 0.2475043402777778 0.13671875 0.051215277777777776 0.11805555555555555
0 0.35546875 0.6490162037037037 0.064453125 0.021701388888888888
0 0.310546875 0.32103587962962965 0.03689236111111111 0.016493055555555556
0 0.8666449652777778 0.1584201388888889 0.03407118055555555 0.013310185185185185
1 0.7264539930555556 0.35170717592592593 0.03146701388888889 0.017939814814814815