3 0.7421875 0.09259259259259259 0.1488715277777778 0.16811342592592593
3 0.6080729166666666 0.1657986111111111 0.166015625 0.18287037037037038
3 0.2905815972222222 0.16391782407407407 0.1388888888888889 0.1579861111111111
5 0.3920355902777778 0.4583333333333333 0.07096354166666667 0.2170138888888889
3 0.3253038194444444 0.038628472222222224 0.11219618055555555 0.07725694444444445
5 0.061957465277777776 0.8916377314814815 0.12391493055555555 0.21672453703703703
5 0.1623263888888889 0.37572337962962965 0.059027777777777776 0.203125
5 0.5572916666666666 0.3289930555555556 0.057942708333333336 0.19936342592592593
5 0.043619791666666664 0.40205439814814814 0.06640625 0.21730324074074073
5 0.3428819444444444 0.9236111111111112 0.12044270833333333 0.1527777777777778
5 0.1228298611111111 0.048900462962962965 0.03732638888888889 0.09780092592592593
5 0.044487847222222224 0.2728587962962963 0.05642361111111111 0.13773148148148148
5 0.447265625 0.052662037037037035 0.034722222222222224 0.10532407407407407
5 0.06922743055555555 0.04976851851851852 0.034722222222222224 0.09953703703703703
5 0.010850694444444444 0.21730324074074073 0.021484375 0.1574074074074074
5 0.4742838541666667 0.02416087962962963 0.030164930555555556 0.04832175925925926
0 0.3019835069444444 0.2099537037037037 0.035390625 0.010066550925925925
0 0.6342230902777778 0.21686921296296297 0.03689236111111111 0.011574074074074073
0 0.7687717013888888 0.14033564814814814 0.028862847222222224 0.010416666666666666
0 0.33559895833333336 0.04895833333333333 0.0253125 0.008567708333333333