3 0.5027281746031746 0.42311507936507936 0.15029761904761904 0.210978835978836
5 0.22978670634920634 0.38673941798941797 0.05828373015873016 0.18022486772486773
5 0.7614087301587301 0.48148148148148145 0.057787698412698416 0.21428571428571427
5 0.3523065476190476 0.37549603174603174 0.057539682539682536 0.1779100529100529
5 0.5078125 0.271494708994709 0.046378968253968256 0.10284391534391535
5 0.19791666666666666 0.25744047619047616 0.04513888888888889 0.13326719576719576
5 0.4945436507936508 0.19874338624338625 0.034970238095238096 0.11474867724867725
5 0.4330357142857143 0.09821428571428571 0.030009920634920636 0.09126984126984126
5 0.4836309523809524 0.03786375661375661 0.025297619047619048 0.07275132275132275
5 0.9324156746031746 0.06646825396825397 0.023065476190476192 0.07308201058201058
5 0.29055059523809523 0.06646825396825397 0.028273809523809524 0.0796957671957672
4 0.012028769841269842 0.16385582010582012 0.024057539682539684 0.08564814814814815
0 0.48921130952380953 0.49272486772486773 0.03794642857142857 0.014219576719576719
4 0.10958333333333332 0.08036044973544973 0.0219171626984127 0.052318121693121694