2 0.2619047619047619 0.25578703703703703 0.27653769841269843 0.3578042328042328
5 0.3715277777777778 0.6691468253968254 0.08506944444444445 0.23875661375661375
3 0.5348462301587301 0.14566798941798942 0.07837301587301587 0.09226190476190477
5 0.7419394841269841 0.2867063492063492 0.03869047619047619 0.13095238095238096
3 0.22284226190476192 0.1023478835978836 0.08804563492063493 0.07572751322751323
5 0.6597222222222222 0.1939484126984127 0.029017857142857144 0.09986772486772487
5 0.7054811507936508 0.1099537037037037 0.027281746031746032 0.08035714285714286
3 0.5209573412698413 0.041501322751322754 0.04861111111111111 0.06018518518518518
5 0.4089781746031746 0.0646494708994709 0.02058531746031746 0.06712962962962964
5 0.5782490079365079 0.01207010582010582 0.019097222222222224 0.02414021164021164
5 0.5901537698412699 0.04877645502645503 0.02132936507936508 0.06349206349206349
5 0.8463541666666666 0.07556216931216932 0.022321428571428572 0.0701058201058201
1 0.22544642857142858 0.42046957671957674 0.022569444444444444 0.016203703703703703
5 0.4584573412698413 0.07589285714285714 0.022321428571428572 0.06977513227513228
5 0.4368799603174603 0.03356481481481482 0.019097222222222224 0.057539682539682536
5 0.8431299603174603 0.014219576719576719 0.0220734126984127 0.028439153439153438
5 0.5177331349206349 0.07688492063492064 0.023313492063492064 0.05952380952380952
5 0.4810267857142857 0.06514550264550265 0.021081349206349208 0.06812169312169312
3 0.36123511904761907 0.023644179894179895 0.051835317460317464 0.046957671957671955
4 0.01351686507936508 0.18816137566137567 0.02703373015873016 0.10085978835978836
4 0.05071924603174603 0.14467592592592593 0.024057539682539684 0.08597883597883597
5 0.49851190476190477 0.05489417989417989 0.018601190476190476 0.059854497354497355
5 0.36842757936507936 0.05638227513227513 0.018105158730158732 0.05423280423280423
5 0.3568948412698413 0.060515873015873016 0.021577380952380952 0.04431216931216931
5 0.30952380952380953 0.04563492063492063 0.018849206349206348 0.06415343915343916
5 0.8195684523809523 0.016865079365079364 0.015625 0.03373015873015873