3 0.6257440476190477 0.40575396825396826 0.10466269841269842 0.13425925925925927
5 0.2829861111111111 0.7435515873015873 0.07514880952380952 0.23511904761904762
5 0.09523809523809523 0.3940145502645503 0.09722222222222222 0.1173941798941799
5 0.2743055555555556 0.44328703703703703 0.04538690476190476 0.14814814814814814
5 0.3785962301587302 0.47602513227513227 0.046378968253968256 0.15542328042328044
5 0.1671626984126984 0.5638227513227513 0.05952380952380952 0.17394179894179895
3 0.5643601190476191 0.14914021164021163 0.046378968253968256 0.051587301587301584
5 0.49255952380952384 0.42956349206349204 0.039186507936507936 0.13392857142857142
5 0.16827876984126985 0.45982142857142855 0.051587301587301584 0.11441798941798942
5 0.3821924603174603 0.3209325396825397 0.0339781746031746 0.10052910052910052
5 0.5523313492063492 0.27199074074074076 0.02628968253968254 0.08333333333333333
3 0.6483134920634921 0.05357142857142857 0.025793650793650792 0.026785714285714284
3 0.6171875 0.06812169312169312 0.029265873015873016 0.037698412698412696
5 0.5017361111111112 0.26537698412698413 0.024305555555555556 0.08035714285714286
1 0.6206597222222222 0.44345238095238093 0.019097222222222224 0.012896825396825396
5 0.5105406746031746 0.13293650793650794 0.017857142857142856 0.05654761904761905
5 0.38764880952380953 0.14947089947089948 0.019593253968253968 0.055224867724867725
5 0.4615575396825397 0.19262566137566137 0.021081349206349208 0.06448412698412699
3 0.3635912698412698 0.0689484126984127 0.033234126984126984 0.035383597883597885
3 0.6943204365079365 0.05869708994708995 0.028521825396825396 0.02943121693121693
5 0.48623511904761907 0.21626984126984128 0.022321428571428572 0.06481481481481481
5 0.6264880952380952 0.12218915343915344 0.01636904761904762 0.04662698412698413
3 0.8381696428571429 0.07208994708994709 0.024057539682539684 0.035383597883597885
5 0.4806547619047619 0.10796957671957672 0.014384920634920634 0.041666666666666664
5 0.8338293650793651 0.1412037037037037 0.01711309523809524 0.047619047619047616
5 0.41418650793650796 0.11904761904761904 0.019345238095238096 0.04794973544973545
5 0.5373263888888888 0.12318121693121693 0.01488095238095238 0.04927248677248677
5 0.6682787698412699 0.07556216931216932 0.011656746031746032 0.03373015873015873
5 0.5589037698412699 0.04828042328042328 0.01636904761904762 0.03207671957671958
5 0.5860119047619048 0.0985218253968254 0.013588789682539683 0.03454695767195767
5 0.9916914682539683 0.11044973544973545 0.016121031746031748 0.04431216931216931
5 0.5197172619047619 0.07390873015873016 0.01240079365079365 0.03670634920634921
5 0.5115997023809524 0.101494708994709 0.01607390873015873 0.037658730158730155
5 0.49231150793650796 0.0730191798941799 0.009645337301587302 0.03459656084656085
5 0.5352529761904762 0.10133928571428572 0.01240079365079365 0.03428902116402116
5 0.5828000992063492 0.12642857142857142 0.012524801587301588 0.03936177248677249