3 0.7008928571428571 0.22453703703703703 0.09300595238095238 0.1259920634920635
5 0.24875992063492064 0.6036706349206349 0.07242063492063493 0.23842592592592593
5 0.4226190476190476 0.6294642857142857 0.06572420634920635 0.2457010582010582
5 0.6622023809523809 0.6040013227513228 0.06572420634920635 0.22123015873015872
5 0.47259424603174605 0.37880291005291006 0.04513888888888889 0.1593915343915344
3 0.6979166666666666 0.09937169312169312 0.06994047619047619 0.0916005291005291
5 0.0794890873015873 0.43584656084656087 0.057539682539682536 0.17989417989417988
3 0.5920138888888888 0.08416005291005291 0.06125992063492063 0.0744047619047619
5 0.337921626984127 0.8586309523809523 0.09375 0.28273809523809523
5 0.29712301587301587 0.42046957671957674 0.057539682539682536 0.17923280423280424
5 0.20870535714285715 0.3449074074074074 0.046130952380952384 0.15674603174603174
3 0.5455109126984127 0.0419973544973545 0.053075396825396824 0.06117724867724868
5 0.29389880952380953 0.10697751322751323 0.024553571428571428 0.07936507936507936
5 0.7415674603174603 0.06597222222222222 0.022817460317460316 0.07407407407407407
5 0.5708085317460317 0.1423611111111111 0.026785714285714284 0.08994708994708994
5 0.3451140873015873 0.08068783068783068 0.023809523809523808 0.07539682539682539
5 0.5349702380952381 0.09391534391534391 0.0248015873015873 0.08167989417989419
5 0.474578373015873 0.09226190476190477 0.023561507936507936 0.07407407407407407
5 0.6142113095238095 0.019675925925925927 0.017361111111111112 0.03935185185185185
0 0.7015128968253969 0.25810185185185186 0.023561507936507936 0.009259259259259259
5 0.5984623015873016 0.01521164021164021 0.015625 0.03042328042328042
5 0.5012400793650794 0.028273809523809524 0.019345238095238096 0.055224867724867725
5 0.42571924603174605 0.042328042328042326 0.023065476190476192 0.05787037037037037
5 0.4852430555555556 0.06283068783068783 0.022321428571428572 0.06183862433862434
3 0.6726190476190477 0.010582010582010581 0.04861111111111111 0.021164021164021163
5 0.25744047619047616 0.06332671957671958 0.040674603174603176 0.06812169312169312
5 0.36421130952380953 0.024636243386243387 0.018353174603174604 0.04794973544973545
4 0.2219717261904762 0.09677248677248677 0.015121527777777777 0.0653207671957672
4 0.2349751984126984 0.09878968253968254 0.015121527777777777 0.06774140211640212