5 0.7247178819444444 0.5526620370370371 0.08832465277777778 0.32175925925925924
5 0.4578993055555556 0.7978877314814815 0.11588541666666667 0.40422453703703703
5 0.1083984375 0.4522569444444444 0.09114583333333333 0.2786458333333333
5 0.17252604166666666 0.1974826388888889 0.06510416666666667 0.21846064814814814
5 0.4565972222222222 0.18070023148148148 0.06488715277777778 0.22164351851851852
5 0.5678168402777778 0.13483796296296297 0.06488715277777778 0.20891203703703703
5 0.8661024305555556 0.6888020833333334 0.12391493055555555 0.3660300925925926
5 0.3994140625 0.6001157407407407 0.09700520833333333 0.3342013888888889
5 0.3690321180555556 0.41203703703703703 0.08984375 0.25491898148148145
5 0.7490234375 0.048900462962962965 0.062065972222222224 0.09751157407407407
5 0.1381293402777778 0.031105324074074073 0.04296875 0.061921296296296294
5 0.3901909722222222 0.03587962962962963 0.05164930555555555 0.07146990740740741