3 0.7273220486111112 0.3919270833333333 0.1421440972222222 0.17766203703703703
2 0.3676215277777778 0.4558738425925926 0.2065972222222222 0.3949652777777778
2 0.3479817708333333 0.08405671296296297 0.0900607638888889 0.12094907407407407
5 0.07421875 0.5115740740740741 0.05490451388888889 0.16869212962962962
5 0.8181423611111112 0.3285590277777778 0.08246527777777778 0.10619212962962964
5 0.6655815972222222 0.5759548611111112 0.051215277777777776 0.18373842592592593
3 0.17176649305555555 0.2037037037037037 0.05685763888888889 0.08043981481481481
3 0.9725477430555556 0.7769097222222222 0.054253472222222224 0.2717013888888889
5 0.015516493055555556 0.3472222222222222 0.031032986111111112 0.12152777777777778
5 0.7772352430555556 0.2686631944444444 0.045572916666666664 0.09780092592592593
3 0.4448784722222222 0.32624421296296297 0.10047743055555555 0.15769675925925927
5 0.07660590277777778 0.3230613425925926 0.03428819444444445 0.11574074074074074
5 0.041558159722222224 0.2209201388888889 0.039713541666666664 0.08304398148148148
5 0.4177517361111111 0.21281828703703703 0.026692708333333332 0.07175925925925926
5 0.5834418402777778 0.41435185185185186 0.039496527777777776 0.14293981481481483
5 0.8512369791666666 0.1707175925925926 0.050347222222222224 0.05960648148148148
5 0.5920138888888888 0.27025462962962965 0.033854166666666664 0.08188657407407407
5 0.2672526041666667 0.1456886574074074 0.022135416666666668 0.06539351851851852
5 0.1105685763888889 0.1646412037037037 0.023871527777777776 0.06539351851851852
5 0.591796875 0.3411458333333333 0.04014756944444445 0.11631944444444445
3 0.4951171875 0.025607638888888888 0.07486979166666667 0.04079861111111111
5 0.20887586805555555 0.13020833333333334 0.021050347222222224 0.06626157407407407
1 0.3715277777777778 0.6278935185185185 0.026909722222222224 0.018518518518518517
5 0.1636284722222222 0.12225115740740741 0.020399305555555556 0.06163194444444445
5 0.8948567708333334 0.14814814814814814 0.05251736111111111 0.06163194444444445
3 0.908203125 0.030671296296296297 0.0935329861111111 0.04369212962962963
5 0.1801215277777778 0.0982349537037037 0.019748263888888888 0.053530092592592594
5 0.23600260416666666 0.10011574074074074 0.018446180555555556 0.05613425925925926
3 0.22819010416666666 0.2530381944444444 0.10286458333333333 0.14612268518518517
3 0.8881293402777778 0.14033564814814814 0.12174479166666667 0.06105324074074074
1 0.7462022569444444 0.43431712962962965 0.020616319444444444 0.015914351851851853
5 0.8423394097222222 0.016493055555555556 0.013888888888888888 0.03269675925925926
5 0.8562282986111112 0.011574074074074073 0.013888888888888888 0.023148148148148147
5 0.19596354166666666 0.014322916666666666 0.020182291666666668 0.028645833333333332
5 0.9939236111111112 0.14945023148148148 0.011935763888888888 0.061342592592592594
5 0.2074652777777778 0.08318865740740741 0.018229166666666668 0.04832175925925926
1 0.7937282986111112 0.29007523148148145 0.009765625 0.009837962962962963
0 0.23462456597222225 0.3022019675925926 0.018580729166666667 0.008081597222222223