2 0.36049107142857145 0.302744708994709 0.09052579365079365 0.12863756613756613
5 0.45300099206349204 0.6712962962962963 0.0496031746031746 0.1669973544973545
3 0.8799603174603174 0.29381613756613756 0.05109126984126984 0.05191798941798942
5 0.6187996031746031 0.41187169312169314 0.02703373015873016 0.08366402116402116
6 0.48251488095238093 0.2757936507936508 0.047371031746031744 0.08564814814814815
2 0.4260912698412698 0.18551587301587302 0.047371031746031744 0.05291005291005291
6 0.5574156746031746 0.2508267195767196 0.048859126984126984 0.09755291005291006
2 0.46068948412698413 0.175760582010582 0.03844246031746032 0.045965608465608467
5 0.8675595238095238 0.38508597883597884 0.03298611111111111 0.07572751322751323
5 0.6204117063492064 0.3402777777777778 0.022817460317460316 0.06448412698412699
5 0.581969246031746 0.32953042328042326 0.020833333333333332 0.059854497354497355
5 0.7219742063492064 0.27761243386243384 0.018105158730158732 0.04894179894179894
2 0.5637400793650794 0.1626984126984127 0.025049603174603176 0.036044973544973546
3 0.7115575396825397 0.22007275132275134 0.025297619047619048 0.03207671957671958
5 0.9680059523809523 0.2800925925925926 0.017609126984126984 0.046957671957671955
5 0.43539186507936506 0.24933862433862433 0.01240079365079365 0.04034391534391534
5 0.5621279761904762 0.2994378306878307 0.019345238095238096 0.05191798941798942
2 0.5128968253968254 0.21031746031746032 0.031994047619047616 0.04794973544973545
3 0.699280753968254 0.2518187830687831 0.018849206349206348 0.04133597883597884
4 0.07552083333333333 0.37218915343915343 0.028273809523809524 0.06878306878306878
3 0.7389632936507936 0.2101521164021164 0.021825396825396824 0.027447089947089946
5 0.8597470238095238 0.3384589947089947 0.016121031746031748 0.06580687830687831
5 0.44556051587301587 0.2197420634920635 0.010416666666666666 0.03273809523809524
5 0.015997023809523808 0.42311507936507936 0.031001984126984128 0.07936507936507936
5 0.9016617063492064 0.23875661375661375 0.0220734126984127 0.027447089947089946
5 0.8844246031746031 0.22503306878306878 0.020833333333333332 0.03406084656084656
6 0.4088640873015873 0.2534126984126984 0.046788194444444445 0.07914351851851852
6 0.3570684523809524 0.22317791005291004 0.04218501984126984 0.04354828042328042