3 0.5394965277777778 0.7348090277777778 0.2784288194444444 0.3897569444444444
5 0.6939019097222222 0.4305555555555556 0.07378472222222222 0.2248263888888889
5 0.2449001736111111 0.8991608796296297 0.11241319444444445 0.20167824074074073
5 0.7719184027777778 0.5344328703703703 0.076171875 0.2543402777777778
5 0.7800564236111112 0.36226851851851855 0.06792534722222222 0.19791666666666666
5 0.06032986111111111 0.35344328703703703 0.05750868055555555 0.19270833333333334
5 0.05099826388888889 0.8330439814814815 0.099609375 0.32841435185185186
5 0.4369574652777778 0.1349826388888889 0.0646701388888889 0.1400462962962963
5 0.2713758680555556 0.36299189814814814 0.05750868055555555 0.19618055555555555
5 0.6566840277777778 0.2650462962962963 0.057942708333333336 0.17274305555555555
5 0.0458984375 0.1166087962962963 0.04470486111111111 0.14554398148148148
5 0.4629991319444444 0.2644675925925926 0.05447048611111111 0.17476851851851852
5 0.21549479166666666 0.06539351851851852 0.039713541666666664 0.12384259259259259
5 0.3317057291666667 0.05570023148148148 0.03819444444444445 0.1111111111111111
5 0.2845052083333333 0.03935185185185185 0.03298611111111111 0.0787037037037037
0 0.5462239583333334 0.8697916666666666 0.07183159722222222 0.022858796296296297