3 0.517609126984127 0.9188161375661376 0.21552579365079366 0.16236772486772486
3 0.9371279761904762 0.351521164021164 0.09647817460317461 0.07275132275132275
3 0.5705605158730159 0.3587962962962963 0.060267857142857144 0.083994708994709
5 0.8851686507936508 0.7028769841269841 0.06498015873015874 0.17427248677248677
5 0.1800595238095238 0.6195436507936508 0.044642857142857144 0.1412037037037037
3 0.8949652777777778 0.3017526455026455 0.07291666666666667 0.06746031746031746
5 0.05704365079365079 0.4948743386243386 0.045882936507936505 0.10515873015873016
5 0.34523809523809523 0.4290674603174603 0.030009920634920636 0.08333333333333333
5 0.33382936507936506 0.5340608465608465 0.04439484126984127 0.12202380952380952
5 0.7576884920634921 0.5287698412698413 0.04712301587301587 0.11574074074074074
3 0.4443204365079365 0.25049603174603174 0.03273809523809524 0.03670634920634921
3 0.4827628968253968 0.28174603174603174 0.038938492063492064 0.04398148148148148
5 0.6860119047619048 0.4634589947089947 0.034722222222222224 0.09722222222222222
5 0.6236359126984127 0.39599867724867727 0.026041666666666668 0.07804232804232804
5 0.3644593253968254 0.3688822751322751 0.024057539682539684 0.06878306878306878
3 0.37202380952380953 0.2404100529100529 0.029017857142857144 0.03306878306878307
5 0.8278769841269841 0.31729497354497355 0.02132936507936508 0.054563492063492064
3 0.5512152777777778 0.26537698412698413 0.031746031746031744 0.040013227513227514
3 0.9501488095238095 0.283234126984127 0.06125992063492063 0.04365079365079365
5 0.07428075396825397 0.4310515873015873 0.0679563492063492 0.07275132275132275
5 0.40947420634920634 0.33382936507936506 0.018601190476190476 0.06084656084656084
5 0.7290426587301587 0.48048941798941797 0.035962301587301584 0.105489417989418
2 0.6843998015873016 0.18716931216931218 0.026041666666666668 0.04398148148148148
5 0.39818948412698413 0.29927248677248675 0.015128968253968254 0.046957671957671955
6 0.49367559523809523 0.2392526455026455 0.03149801587301587 0.05588624338624339
5 0.5187251984126984 0.2576058201058201 0.012896825396825396 0.03802910052910053
5 0.4288194444444444 0.3060515873015873 0.016865079365079364 0.0496031746031746
5 0.00818452380952381 0.5494378306878307 0.016121031746031748 0.09457671957671958
5 0.5641121031746031 0.29282407407407407 0.015128968253968254 0.04927248677248677
3 0.5092832341269841 0.20231150793650793 0.01984126984126984 0.021825396825396824
5 0.3993055555555556 0.24173280423280424 0.012648809523809524 0.03373015873015873
5 0.4211309523809524 0.23677248677248677 0.011904761904761904 0.03306878306878307
5 0.4202628968253968 0.2941468253968254 0.014632936507936508 0.04728835978835979
6 0.48281250000000003 0.3944212962962963 0.06515376984126983 0.14270833333333333
0 0.48232142857142857 0.4475297619047619 0.017279265873015873 0.006650132275132275
6 0.4958358134920635 0.3224669312169312 0.04375496031746032 0.08562830687830687
1 0.5720287698412698 0.3847453703703704 0.010677083333333332 0.0077612433862433855
4 0.16553075396825395 0.34371362433862435 0.013050595238095238 0.057576058201058204
4 0.14012400793650795 0.3386177248677249 0.015595238095238096 0.0613723544973545
4 0.32534970238095234 0.2667526455026455 0.008541666666666666 0.03845238095238095
3 0.3882589285714286 0.22403439153439153 0.024288194444444446 0.028082010582010583
5 0.4201314484126984 0.21430555555555553 0.008621031746031746 0.025532407407407406
5 0.43053819444444447 0.23161044973544972 0.0071875 0.030479497354497356
5 0.4473412698412699 0.2151058201058201 0.008504464285714285 0.027126322751322752
5 0.44495039682539683 0.20465939153439153 0.008501984126984127 0.023141534391534394
5 0.4733531746031746 0.21398809523809526 0.008861607142857142 0.0261739417989418
5 0.47502728174603176 0.18839285714285717 0.00814484126984127 0.019950396825396826
5 0.4490749007936508 0.1902281746031746 0.006465773809523809 0.01947420634920635
5 0.5211904761904762 0.21590277777777778 0.009575892857142857 0.028088624338624336
5 0.5359623015873016 0.23687499999999997 0.009459325396825397 0.030165343915343916
5 0.5445734126984126 0.22483465608465608 0.008742559523809524 0.02681216931216931
5 0.5393105158730159 0.1914219576719577 0.006349206349206349 0.020267857142857143
3 0.49918402777777776 0.18105820105820106 0.018187003968253967 0.017076719576719575
2 0.5239409722222222 0.16790013227513229 0.01794890873015873 0.02457010582010582
5 0.5489980158730159 0.18831349206349207 0.007547123015873016 0.021064814814814817
3 0.44213541666666667 0.18087632275132276 0.01765128968253968 0.016140873015873018
3 0.4538690476190476 0.17584325396825398 0.013469742063492064 0.015535714285714285
3 0.6711805555555556 0.23952050264550262 0.02468253968253968 0.04207010582010582
3 0.6736458333333333 0.21466931216931215 0.024134424603174602 0.026716269841269843
3 0.7180481150793651 0.25852513227513224 0.019206349206349206 0.03622685185185185
3 0.7090029761904761 0.18396825396825398 0.019206349206349206 0.020132275132275133
5 0.7120188492063493 0.21302248677248675 0.010982142857142857 0.024890873015873016