3 0.8713107638888888 0.3035300925925926 0.216796875 0.22366898148148148
5 0.283203125 0.8417245370370371 0.13585069444444445 0.31626157407407407
3 0.8760850694444444 0.059027777777777776 0.1538628472222222 0.11429398148148148
5 0.4580078125 0.4396701388888889 0.0859375 0.20543981481481483
3 0.2950303819444444 0.2076099537037037 0.2938368055555556 0.15769675925925927
3 0.09136284722222222 0.5384837962962963 0.18272569444444445 0.2829861111111111
5 0.2511935763888889 0.3563368055555556 0.09722222222222222 0.18229166666666666
5 0.4130859375 0.3386863425925926 0.080078125 0.17997685185185186
5 0.6194661458333334 0.1919849537037037 0.057942708333333336 0.14641203703703703
5 0.7725694444444444 0.2421875 0.05642361111111111 0.15075231481481483
5 0.7477213541666666 0.06004050925925926 0.039713541666666664 0.09172453703703703
5 0.9761284722222222 0.08304398148148148 0.03493923611111111 0.09780092592592593
5 0.9861111111111112 0.17578125 0.027777777777777776 0.12702546296296297
5 0.7889539930555556 0.08333333333333333 0.034722222222222224 0.10734953703703703
5 0.019314236111111112 0.6995081018518519 0.038628472222222224 0.28269675925925924
5 0.7994791666666666 0.18880208333333334 0.040364583333333336 0.12413194444444445
0 0.8135503472222223 0.37784143518518515 0.03846571180555555 0.018249421296296295
5 0.15147569444444445 0.13020833333333334 0.08702256944444445 0.09288194444444445
5 0.3975694444444444 0.10677083333333333 0.0818142361111111 0.1015625
5 0.10499348958333334 0.2463628472222222 0.07451171875000001 0.14852141203703703
4 0.5266037326388889 0.1103269675925926 0.03592447916666666 0.08087962962962962
4 0.548984375 0.076953125 0.019435763888888888 0.04816261574074074
4 0.5700868055555556 0.09527488425925926 0.0231640625 0.057583912037037034
0 0.9279709201388889 0.08706886574074074 0.01805121527777778 0.008075810185185186
4 0.7187131076388888 0.03334780092592592 0.019657118055555554 0.06669270833333334