3 0.45783730158730157 0.5757275132275133 0.18551587301587302 0.28505291005291006
3 0.13578869047619047 0.7400793650793651 0.25818452380952384 0.3472222222222222
3 0.5329861111111112 0.3237433862433862 0.1039186507936508 0.1388888888888889
2 0.49541170634920634 0.14087301587301587 0.09697420634920635 0.16104497354497355
3 0.37115575396825395 0.30224867724867727 0.09350198412698413 0.105489417989418
5 0.12909226190476192 0.5224867724867724 0.06646825396825397 0.13723544973544974
3 0.6491815476190477 0.25462962962962965 0.0835813492063492 0.1087962962962963
5 0.7620287698412699 0.7470238095238095 0.07936507936507936 0.24272486772486773
5 0.2978670634920635 0.4356812169312169 0.05530753968253968 0.14484126984126985
3 0.5729166666666666 0.08465608465608465 0.0441468253968254 0.051587301587301584
3 0.6593501984126984 0.08928571428571429 0.03720238095238095 0.040674603174603176
5 0.6954365079365079 0.32771164021164023 0.034970238095238096 0.11342592592592593
5 0.20126488095238096 0.3826058201058201 0.037698412698412696 0.11838624338624339
5 0.45337301587301587 0.2736441798941799 0.02976190476190476 0.09193121693121693
5 0.23697916666666666 0.41369047619047616 0.040674603174603176 0.14384920634920634
3 0.8563988095238095 0.0517526455026455 0.029513888888888888 0.03306878306878307
5 0.6915922619047619 0.1960978835978836 0.024057539682539684 0.07473544973544974
5 0.2873263888888889 0.2585978835978836 0.027777777777777776 0.0882936507936508
5 0.5964781746031746 0.13855820105820105 0.018105158730158732 0.05787037037037037
1 0.44407242063492064 0.6769179894179894 0.028521825396825396 0.0205026455026455
5 0.1531498015873016 0.37367724867724866 0.04141865079365079 0.11474867724867725
5 0.23772321428571427 0.32771164021164023 0.03422619047619048 0.08101851851851852
5 0.42658730158730157 0.16319444444444445 0.02132936507936508 0.06613756613756613
4 0.09312996031746032 0.30439814814814814 0.028025793650793652 0.10449735449735449
0 0.08544146825396826 0.8718584656084656 0.051587301587301584 0.017857142857142856
5 0.3410218253968254 0.2294973544973545 0.02703373015873016 0.08068783068783068
5 0.23635912698412698 0.25826719576719576 0.027529761904761904 0.08432539682539683
5 0.3869047619047619 0.22073412698412698 0.025793650793650792 0.05787037037037037
5 0.4010416666666667 0.12450396825396826 0.020337301587301588 0.051587301587301584
5 0.3532986111111111 0.2025462962962963 0.023313492063492064 0.06944444444444445
5 0.4156746031746032 0.10267857142857142 0.016121031746031748 0.046957671957671955
5 0.3732638888888889 0.15244708994708994 0.02132936507936508 0.0582010582010582
5 0.6225198412698413 0.04728835978835979 0.012896825396825396 0.03902116402116402
5 0.39806547619047616 0.20419973544973544 0.025297619047619048 0.07407407407407407
5 0.43725198412698413 0.10945767195767196 0.017361111111111112 0.051587301587301584
5 0.589905753968254 0.05291005291005291 0.012896825396825396 0.040013227513227514
5 0.6402529761904762 0.04034391534391534 0.011904761904761904 0.03207671957671958
5 0.6638144841269841 0.04877645502645503 0.014384920634920634 0.036375661375661374
5 0.14446924603174602 0.3331679894179894 0.041914682539682536 0.11177248677248677
3 0.20845982142857142 0.19610780423280422 0.1335689484126984 0.0679431216931217
5 0.23561507936507936 0.21213624338624337 0.031746031746031744 0.06283068783068783
1 0.35788690476190477 0.33019179894179895 0.015128968253968254 0.011243386243386243
1 0.5276016865079365 0.36440145502645505 0.01648809523809524 0.011739417989417989
4 0.25420386904761905 0.12629298941798942 0.01734375 0.05676587301587301
0 0.6522718253968254 0.2852910052910053 0.01968998015873016 0.00656415343915344