3 0.19642857142857142 0.53125 0.11061507936507936 0.1087962962962963
3 0.511780753968254 0.48826058201058203 0.08010912698412699 0.10615079365079365
3 0.36594742063492064 0.4837962962962963 0.09399801587301587 0.10251322751322751
5 0.824156746031746 0.7134589947089947 0.05555555555555555 0.15806878306878308
3 0.9712301587301587 0.42228835978835977 0.057539682539682536 0.07175925925925926
5 0.022941468253968252 0.638558201058201 0.045882936507936505 0.12632275132275134
2 0.45089285714285715 0.3082010582010582 0.047867063492063495 0.09457671957671958
6 0.5287698412698413 0.35300925925925924 0.059027777777777776 0.09358465608465609
3 0.6149553571428571 0.3146494708994709 0.0339781746031746 0.03835978835978836
3 0.4939236111111111 0.30522486772486773 0.03521825396825397 0.037037037037037035
2 0.4929315476190476 0.2490079365079365 0.03422619047619048 0.044642857142857144
5 0.6564980158730159 0.39103835978835977 0.018601190476190476 0.05853174603174603
5 0.6402529761904762 0.41716269841269843 0.02132936507936508 0.06481481481481481
5 0.9506448412698413 0.33779761904761907 0.015625 0.04431216931216931
5 0.4625496031746032 0.45453042328042326 0.028025793650793652 0.07738095238095238
6 0.5689955357142857 0.27135251322751325 0.029171626984126984 0.05352513227513228
5 0.9253472222222222 0.3123346560846561 0.014632936507936508 0.03802910052910053
5 0.01922123015873016 0.4738756613756614 0.03819444444444445 0.06812169312169312
5 0.7829861111111112 0.30654761904761907 0.012896825396825396 0.04034391534391534
5 0.8480902777777778 0.9540343915343915 0.12103174603174603 0.0916005291005291
5 0.3532986111111111 0.35102513227513227 0.02976190476190476 0.041005291005291
3 0.5884176587301587 0.2524801587301587 0.017857142857142856 0.021825396825396824
5 0.7488839285714286 0.34325396825396826 0.01488095238095238 0.04365079365079365
3 0.5336061507936508 0.29662698412698413 0.029017857142857144 0.027777777777777776
3 0.6063293650793651 0.29058531746031746 0.02637152777777778 0.030125661375661375
5 0.771453373015873 0.27728174603174605 0.010912698412698412 0.027777777777777776
5 0.40649801587301587 0.3392857142857143 0.018353174603174604 0.03902116402116402
5 0.6510416666666666 0.3115079365079365 0.015625 0.03902116402116402
0 0.5044642857142857 0.5196560846560847 0.02009920634920635 0.007182539682539682
5 0.09349950396825397 0.5556944444444445 0.04206597222222223 0.09615079365079365
5 0.11152777777777778 0.5144510582010582 0.06681051587301587 0.06174272486772487
0 0.16893353174603173 0.5670701058201058 0.022341269841269842 0.00662037037037037
1 0.34849206349206346 0.5185978835978836 0.012170138888888888 0.009649470899470899
3 0.7904861111111111 0.28540343915343913 0.015855654761904762 0.027959656084656084
3 0.7480332341269842 0.2576686507936508 0.01994791666666667 0.020231481481481482
5 0.7797445436507936 0.25800925925925927 0.006989087301587302 0.020459656084656084
5 0.6188541666666666 0.2749669312169312 0.00884920634920635 0.023908730158730157
3 0.62375 0.2459457671957672 0.01769593253968254 0.01683201058201058
3 0.598561507936508 0.24193452380952382 0.01781498015873016 0.021706349206349205
6 0.5778199404761905 0.22752314814814814 0.022142857142857145 0.0341765873015873
2 0.5621800595238096 0.23929232804232806 0.021068948412698414 0.031474867724867725
5 0.5350992063492064 0.2737070105820106 0.010369543650793652 0.022648809523809522
5 0.5339955357142857 0.24355820105820106 0.006837797619047619 0.01823743386243386