3 0.07242063492063493 0.7022156084656085 0.14484126984126985 0.2853835978835979
3 0.9554811507936508 0.486276455026455 0.08878968253968254 0.11805555555555555
3 0.4496527777777778 0.5132275132275133 0.09995039682539683 0.13095238095238096
3 0.1644345238095238 0.5400132275132276 0.11681547619047619 0.13756613756613756
3 0.1449652777777778 0.39599867724867727 0.11011904761904762 0.10515873015873016
5 0.46875 0.8177910052910053 0.05679563492063492 0.2113095238095238
3 0.5968501984126984 0.3662367724867725 0.07142857142857142 0.09821428571428571
3 0.9159226190476191 0.3315145502645503 0.07316468253968254 0.0701058201058201
3 0.4584573412698413 0.3898809523809524 0.06944444444444445 0.08267195767195767
3 0.4662698412698413 0.3212632275132275 0.061507936507936505 0.0701058201058201
5 0.6779513888888888 0.6397156084656085 0.05009920634920635 0.1593915343915344
5 0.31473214285714285 0.640707671957672 0.047371031746031744 0.15046296296296297
5 0.5226934523809523 0.7379298941798942 0.052083333333333336 0.19113756613756613
5 0.25210813492063494 0.48412698412698413 0.03571428571428571 0.105489417989418
5 0.3758680555555556 0.4679232804232804 0.03149801587301587 0.10747354497354497
3 0.525421626984127 0.23991402116402116 0.03273809523809524 0.037698412698412696
5 0.5469990079365079 0.45287698412698413 0.030257936507936508 0.09953703703703703
5 0.8927331349206349 0.408234126984127 0.025793650793650792 0.08101851851851852
5 0.9609375 0.3956679894179894 0.031746031746031744 0.06911375661375661
5 0.34499007936507936 0.39302248677248675 0.027529761904761904 0.08068783068783068
5 0.9774305555555556 0.32705026455026454 0.022321428571428572 0.062169312169312166
3 0.5946180555555556 0.18898809523809523 0.022569444444444444 0.02546296296296296
5 0.22767857142857142 0.353505291005291 0.022817460317460316 0.06514550264550265
5 0.41530257936507936 0.4322089947089947 0.028521825396825396 0.09391534391534391
5 0.6261160714285714 0.29365079365079366 0.019097222222222224 0.05423280423280423
5 0.4056299603174603 0.3642526455026455 0.02554563492063492 0.07572751322751323
5 0.20461309523809523 0.31712962962962965 0.037698412698412696 0.05654761904761905
5 0.3984375 0.2478505291005291 0.015128968253968254 0.04265873015873016
5 0.5763888888888888 0.3017526455026455 0.018601190476190476 0.05423280423280423
0 0.443328373015873 0.5517526455026455 0.026785714285714284 0.00958994708994709
5 0.9334077380952381 0.24933862433862433 0.015376984126984126 0.041005291005291
5 0.43539186507936506 0.22635582010582012 0.013640873015873016 0.03736772486772487
0 0.12016369047619048 0.42683531746031744 0.018683035714285715 0.006117724867724867
5 0.3026884920634921 0.2935912698412699 0.020617559523809524 0.052367724867724876
5 0.8909970238095238 0.23958333333333334 0.014384920634920634 0.037698412698412696
5 0.4191468253968254 0.2984457671957672 0.018353174603174604 0.052248677248677246
5 0.39893353174603174 0.3230820105820106 0.021825396825396824 0.056878306878306875
5 0.9105902777777778 0.27761243386243384 0.025049603174603176 0.04265873015873016
5 0.3672172619047619 0.24664351851851854 0.015071924603174604 0.03680886243386244
5 0.3540426587301587 0.33482142857142855 0.021825396825396824 0.06018518518518518
5 0.48474702380952384 0.2152777777777778 0.011408730158730158 0.035383597883597885
3 0.33606150793650796 0.19857804232804233 0.030009920634920636 0.031084656084656083
1 0.14446924603174602 0.5856481481481481 0.019097222222222224 0.013558201058201057
5 0.36235119047619047 0.31630291005291006 0.018601190476190476 0.056878306878306875
5 0.5033482142857143 0.2123015873015873 0.012152777777777778 0.03373015873015873
5 0.46403769841269843 0.2673611111111111 0.018353174603174604 0.03902116402116402
5 0.4564732142857143 0.23346560846560846 0.014632936507936508 0.04365079365079365
5 0.529265873015873 0.2046957671957672 0.010416666666666666 0.03042328042328042
5 0.4248065476190476 0.269619708994709 0.015128968253968254 0.046296296296296294
5 0.542906746031746 0.19940476190476192 0.011408730158730158 0.03406084656084656
5 0.4712301587301587 0.19477513227513227 0.011408730158730158 0.03207671957671958
0 0.5981572420634921 0.3883134920634921 0.016822916666666667 0.006263227513227514
0 0.45288194444444446 0.4125628306878307 0.017581845238095237 0.006263227513227514