3 0.46825396825396826 0.4634589947089947 0.15997023809523808 0.23941798941798942
3 0.259796626984127 0.3558201058201058 0.15625 0.18816137566137567
3 0.6246279761904762 0.18353174603174602 0.10193452380952381 0.14054232804232805
3 0.5112847222222222 0.11160714285714286 0.08382936507936507 0.09887566137566138
2 0.3132440476190476 0.0582010582010582 0.11334325396825397 0.11607142857142858
3 0.3479662698412698 0.13756613756613756 0.09226190476190477 0.10846560846560846
5 0.701140873015873 0.32076719576719576 0.044890873015873016 0.15178571428571427
3 0.6294642857142857 0.034722222222222224 0.057539682539682536 0.06878306878306878
5 0.4072420634920635 0.10036375661375661 0.026041666666666668 0.08763227513227513
5 0.4427083333333333 0.07142857142857142 0.02703373015873016 0.08498677248677249
0 0.45969742063492064 0.5408399470899471 0.04092261904761905 0.01455026455026455
0 0.23313492063492064 0.41220238095238093 0.037450396825396824 0.012566137566137565
3 0.42137896825396826 0.020006613756613757 0.06225198412698413 0.040013227513227514
0 0.5056026785714286 0.14131283068783068 0.021612103174603176 0.007605820105820105
0 0.6234722222222222 0.22127645502645502 0.024094742063492065 0.00966931216931217
1 0.33406250000000004 0.1661904761904762 0.015357142857142857 0.012202380952380952