3 0.0954861111111111 0.5866402116402116 0.1902281746031746 0.13756613756613756
6 0.2449156746031746 0.35830026455026454 0.14682539682539683 0.2328042328042328
3 0.9520089285714286 0.5054563492063492 0.09598214285714286 0.16038359788359788
5 0.4045138888888889 0.8938492063492064 0.11334325396825397 0.2123015873015873
5 0.23834325396825398 0.5547288359788359 0.08804563492063493 0.10912698412698413
5 0.5569196428571429 0.7114748677248677 0.07614087301587301 0.17857142857142858
3 0.08841765873015874 0.44345238095238093 0.08754960317460317 0.1173941798941799
5 0.7764136904761905 0.5367063492063492 0.03869047619047619 0.11772486772486772
3 0.6467013888888888 0.4036044973544973 0.07341269841269842 0.1130952380952381
5 0.6773313492063492 0.8154761904761905 0.061507936507936505 0.21329365079365079
3 0.8742559523809523 0.24818121693121692 0.04811507936507937 0.05125661375661376
3 0.9730902777777778 0.27414021164021163 0.05381944444444445 0.06712962962962964
5 0.84375 0.46130952380952384 0.029265873015873016 0.09722222222222222
5 0.7568204365079365 0.39169973544973546 0.023809523809523808 0.07738095238095238
5 0.9680059523809523 0.3611111111111111 0.023561507936507936 0.0701058201058201
5 0.9115823412698413 0.42212301587301587 0.03149801587301587 0.08961640211640212
5 0.7056051587301587 0.4254298941798942 0.028025793650793652 0.08796296296296297
3 0.6581101190476191 0.3406084656084656 0.05530753968253968 0.06646825396825397
5 0.7638888888888888 0.29398148148148145 0.02058531746031746 0.05423280423280423
5 0.8732638888888888 0.3716931216931217 0.02703373015873016 0.07175925925925926
5 0.8430059523809523 0.27959656084656087 0.018849206349206348 0.04828042328042328
2 0.941344246031746 0.18386243386243387 0.05654761904761905 0.059854497354497355
5 0.8149801587301587 0.23544973544973544 0.015376984126984126 0.040013227513227514
5 0.8900049603174603 0.32787698412698413 0.02058531746031746 0.06018518518518518
5 0.7905505952380952 0.24404761904761904 0.014384920634920634 0.041005291005291
5 0.9185267857142857 0.30340608465608465 0.019345238095238096 0.05423280423280423
2 0.2126736111111111 0.08002645502645503 0.06125992063492063 0.02546296296296296
5 0.9084821428571429 0.35466269841269843 0.023561507936507936 0.06547619047619048
3 0.628844246031746 0.21908068783068782 0.053323412698412696 0.05853174603174603
3 0.894469246031746 0.19212962962962962 0.03844246031746032 0.03306878306878307
5 0.1263640873015873 0.37466931216931215 0.025049603174603176 0.07705026455026455
5 0.8999255952380952 0.23412698412698413 0.014632936507936508 0.03968253968253968
1 0.09138640873015874 0.48412698412698413 0.016282242063492065 0.011673280423280422
5 0.9387400793650794 0.22552910052910052 0.013392857142857142 0.03670634920634921
0 0.9533258928571429 0.5534755291005291 0.025932539682539682 0.011428571428571429
1 0.6452157738095239 0.4391203703703704 0.012641369047619047 0.010317460317460317
1 0.27125248015873016 0.4329728835978836 0.01375248015873016 0.010641534391534391
3 0.5873958333333333 0.2080456349206349 0.033172123015873016 0.0307473544973545