3 0.2883184523809524 0.8680555555555556 0.31299603174603174 0.2638888888888889
6 0.6939484126984127 0.4176587301587302 0.1865079365079365 0.37367724867724866
5 0.5190972222222222 0.5889550264550265 0.06274801587301587 0.20436507936507936
3 0.5859375 0.2361111111111111 0.08308531746031746 0.10317460317460317
5 0.3812003968253968 0.4409722222222222 0.0496031746031746 0.15145502645502645
3 0.7028769841269841 0.1734457671957672 0.05803571428571429 0.06779100529100529
3 0.5687003968253969 0.11226851851851852 0.04513888888888889 0.050595238095238096
2 0.1212797619047619 0.6613756613756614 0.24156746031746032 0.6712962962962963
5 0.37475198412698413 0.2647156084656085 0.031994047619047616 0.0916005291005291
3 0.2845982142857143 0.16865079365079366 0.11210317460317461 0.06481481481481481
3 0.6573660714285714 0.07572751322751323 0.03670634920634921 0.0419973544973545
3 0.5952380952380952 0.06828703703703703 0.033482142857142856 0.040013227513227514
5 0.7919146825396826 0.375 0.036210317460317464 0.12136243386243387
3 0.6939484126984127 0.0441468253968254 0.03298611111111111 0.03571428571428571
5 0.5287698412698413 0.21114417989417988 0.024553571428571428 0.07671957671957672
5 0.6955605158730159 0.10052910052910052 0.014632936507936508 0.04828042328042328
1 0.6869047619047619 0.5620039682539683 0.025535714285714283 0.019427910052910054
5 0.6805555555555556 0.21048280423280424 0.027777777777777776 0.04794973544973545
5 0.4513888888888889 0.19361772486772486 0.0248015873015873 0.07506613756613757
5 0.23635912698412698 0.19593253968253968 0.03819444444444445 0.06084656084656084
5 0.6387648809523809 0.15079365079365079 0.020833333333333332 0.06084656084656084
5 0.6251240079365079 0.09672619047619048 0.01636904761904762 0.04828042328042328
3 0.7404513888888888 0.011574074074074073 0.024305555555555556 0.023148148148148147
5 0.6166914682539683 0.18915343915343916 0.024057539682539684 0.0625
5 0.4816468253968254 0.1669973544973545 0.023561507936507936 0.06878306878306878
3 0.4182787698412698 0.03521825396825397 0.03273809523809524 0.03505291005291005
5 0.5169890873015873 0.11871693121693122 0.018353174603174604 0.05654761904761905
5 0.7348710317460317 0.08085317460317461 0.013640873015873016 0.04265873015873016
5 0.5472470238095238 0.09871031746031746 0.015128968253968254 0.045304232804232805
4 0.05642361111111111 0.20866402116402116 0.023313492063492064 0.06944444444444445
5 0.4711061507936508 0.1185515873015873 0.018353174603174604 0.042328042328042326
5 0.5755208333333334 0.17195767195767195 0.020833333333333332 0.03736772486772487
5 0.5690724206349206 0.07242063492063493 0.013640873015873016 0.03406084656084656
5 0.0248015873015873 0.21296296296296297 0.0496031746031746 0.05357142857142857
5 0.7289186507936508 0.05539021164021164 0.013888888888888888 0.036044973544973546
5 0.46837797619047616 0.15641534391534392 0.018601190476190476 0.061507936507936505