3 0.5035962301587301 0.35168650793650796 0.12698412698412698 0.16832010582010581
5 0.7498759920634921 0.6906415343915344 0.07539682539682539 0.24966931216931218
3 0.2371031746031746 0.1076388888888889 0.0845734126984127 0.08267195767195767
5 0.7920386904761905 0.37351190476190477 0.05084325396825397 0.1574074074074074
5 0.23970734126984128 0.2690145502645503 0.04092261904761905 0.12367724867724868
5 0.4253472222222222 0.23842592592592593 0.03521825396825397 0.11342592592592593
5 0.5310019841269841 0.18931878306878308 0.03546626984126984 0.10449735449735449
5 0.3844246031746032 0.14401455026455026 0.027777777777777776 0.09193121693121693
5 0.3168402777777778 0.15343915343915343 0.03521825396825397 0.1001984126984127
5 0.5766369047619048 0.08366402116402116 0.029265873015873016 0.07506613756613757
5 0.6299603174603174 0.056216931216931214 0.02058531746031746 0.06878306878306878
5 0.33023313492063494 0.11689814814814815 0.02554563492063492 0.07605820105820106
5 0.4126984126984127 0.10433201058201058 0.02628968253968254 0.07671957671957672
5 0.451140873015873 0.1164021164021164 0.026785714285714284 0.082010582010582
5 0.27455357142857145 0.13310185185185186 0.026537698412698412 0.0882936507936508
5 0.6791914682539683 0.03587962962962963 0.020337301587301588 0.06514550264550265
5 0.392609126984127 0.08349867724867725 0.024553571428571428 0.06977513227513228
5 0.49714781746031744 0.10896164021164022 0.024305555555555556 0.07771164021164022
3 0.48313492063492064 0.07853835978835978 0.05952380952380952 0.06845238095238096
4 0.051587301587301584 0.1388888888888889 0.024057539682539684 0.08564814814814815
5 0.4150545634920635 0.06365740740740741 0.022569444444444444 0.05026455026455026
0 0.49875992063492064 0.4037698412698413 0.03447420634920635 0.010912698412698412
5 0.14608134920634921 0.09027777777777778 0.03993055555555555 0.0582010582010582
5 0.8224206349206349 0.045965608465608467 0.018849206349206348 0.0582010582010582
5 0.6706349206349206 0.016203703703703703 0.015625 0.03207671957671958
5 0.8468501984126984 0.038525132275132275 0.019345238095238096 0.0582010582010582
4 0.015240575396825398 0.18562169312169313 0.029853670634920636 0.10642857142857141
5 0.31044890873015873 0.041259920634920635 0.018467261904761903 0.057232142857142856