5 0.07663690476190477 0.7141203703703703 0.07762896825396826 0.23511904761904762
3 0.7322668650793651 0.2392526455026455 0.09250992063492064 0.13293650793650794
3 0.23350694444444445 0.23082010582010581 0.12028769841269842 0.11871693121693122
5 0.46044146825396826 0.7787698412698413 0.07787698412698413 0.273478835978836
5 0.24553571428571427 0.8692129629629629 0.08506944444444445 0.26157407407407407
5 0.14397321428571427 0.5026455026455027 0.05828373015873016 0.1841931216931217
5 0.19754464285714285 0.34540343915343913 0.03993055555555555 0.12433862433862433
3 0.7286706349206349 0.06878306878306878 0.04985119047619048 0.06316137566137567
5 0.3603670634920635 0.34375 0.044642857142857144 0.12665343915343916
5 0.3384176587301587 0.22668650793650794 0.03571428571428571 0.09556878306878307
5 0.4650297619047619 0.44560185185185186 0.046875 0.16302910052910052
5 0.47160218253968256 0.21957671957671956 0.028521825396825396 0.09226190476190477
5 0.5301339285714286 0.21296296296296297 0.029513888888888888 0.08531746031746032
5 0.5933779761904762 0.15889550264550265 0.024057539682539684 0.07705026455026455
5 0.43092757936507936 0.2728174603174603 0.033234126984126984 0.10482804232804233
5 0.6949404761904762 0.13740079365079366 0.021081349206349208 0.06746031746031746
5 0.3922371031746032 0.1970899470899471 0.026785714285714284 0.0787037037037037
5 0.5963541666666666 0.08994708994708994 0.017361111111111112 0.055224867724867725
3 0.6929563492063492 0.018849206349206348 0.03447420634920635 0.037698412698412696
5 0.5431547619047619 0.06382275132275132 0.015625 0.04894179894179894
5 0.5445188492063492 0.16335978835978837 0.022569444444444444 0.06712962962962964
5 0.5591517857142857 0.11888227513227513 0.021081349206349208 0.06117724867724868
5 0.6581101190476191 0.016203703703703703 0.014136904761904762 0.032407407407407406
5 0.48623511904761907 0.06878306878306878 0.01636904761904762 0.05555555555555555
5 0.4195188492063492 0.22387566137566137 0.028521825396825396 0.0873015873015873
5 0.7595486111111112 0.042162698412698416 0.015873015873015872 0.04332010582010582
5 0.25967261904761907 0.14351851851851852 0.03720238095238095 0.05919312169312169
5 0.049727182539682536 0.1884920634920635 0.05927579365079365 0.0625
4 0.09275793650793651 0.20535714285714285 0.021825396825396824 0.07473544973544974
5 0.6938244047619048 0.037533068783068786 0.01314484126984127 0.045304232804232805
5 0.558655753968254 0.011904761904761904 0.01711309523809524 0.023809523809523808
5 0.5752728174603174 0.037533068783068786 0.013888888888888888 0.04497354497354497
5 0.5670882936507936 0.028935185185185185 0.014384920634920634 0.04265873015873016
0 0.7307936507936508 0.2680654761904762 0.022537202380952383 0.00875