3 0.3619791666666667 0.4879298941798942 0.12624007936507936 0.18154761904761904
3 0.6076388888888888 0.41517857142857145 0.09672619047619048 0.12962962962962962
3 0.0798611111111111 0.33630952380952384 0.12351190476190477 0.11838624338624339
5 0.2818700396825397 0.8206018518518519 0.07787698412698413 0.24305555555555555
5 0.40773809523809523 0.767526455026455 0.06274801587301587 0.22486772486772486
5 0.6200396825396826 0.6668320105820106 0.05530753968253968 0.19576719576719576
3 0.4820188492063492 0.27116402116402116 0.06299603174603174 0.07374338624338625
3 0.9621775793650794 0.1618716931216931 0.044890873015873016 0.04034391534391534
2 0.44754464285714285 0.09226190476190477 0.047867063492063495 0.05952380952380952
5 0.9288194444444444 0.28918650793650796 0.028025793650793652 0.08002645502645503
5 0.3792162698412698 0.3525132275132275 0.03447420634920635 0.09556878306878307
5 0.6137152777777778 0.24189814814814814 0.020833333333333332 0.06613756613756613
5 0.43439980158730157 0.18253968253968253 0.017361111111111112 0.05026455026455026
5 0.171875 0.2919973544973545 0.025049603174603176 0.07506613756613757
5 0.5513392857142857 0.23363095238095238 0.020089285714285716 0.060515873015873016
5 0.39099702380952384 0.21048280423280424 0.018849206349206348 0.05654761904761905
5 0.49975198412698413 0.17096560846560846 0.016121031746031748 0.04828042328042328
5 0.37202380952380953 0.18303571428571427 0.014632936507936508 0.046957671957671955
5 0.028149801587301588 0.9566798941798942 0.056299603174603176 0.08630952380952381
5 0.12983630952380953 0.2724867724867725 0.04439484126984127 0.0625
5 0.5327405753968254 0.12365740740740741 0.011165674603174604 0.03509589947089947
3 0.29228670634920634 0.11507936507936507 0.03249007936507937 0.03373015873015873
5 0.38392857142857145 0.16749338624338625 0.016617063492063492 0.046957671957671955
0 0.6097718253968254 0.4536541005291005 0.025146329365079365 0.00882936507936508
2 0.2659747023809524 0.3085185185185185 0.11691716269841271 0.16160383597883599
1 0.24925595238095238 0.3611111111111111 0.014632936507936508 0.00992063492063492
5 0.6099950396825397 0.11193783068783068 0.011904761904761904 0.032407407407407406
0 0.3596081349206349 0.5300694444444445 0.029546130952380952 0.009970238095238095
5 0.48474702380952384 0.11392195767195767 0.01066468253968254 0.0333994708994709
5 0.7535962301587301 0.16203703703703703 0.015128968253968254 0.050595238095238096
5 0.5866815476190477 0.1194973544973545 0.012152777777777778 0.03415674603174603
0 0.05225694444444444 0.37114748677248677 0.02060763888888889 0.007202380952380953
1 0.9347767857142857 0.3043783068783069 0.008182043650793652 0.00759589947089947