3 0.3932291666666667 0.09110449735449735 0.07936507936507936 0.11507936507936507
5 0.19332837301587302 0.5150462962962963 0.0625 0.21296296296296297
5 0.5887896825396826 0.49437830687830686 0.057539682539682536 0.20072751322751323
5 0.4444444444444444 0.7086640211640212 0.07291666666666667 0.2681878306878307
5 0.38591269841269843 0.6001984126984127 0.06225198412698413 0.226521164021164
5 0.32527281746031744 0.3012566137566138 0.038938492063492064 0.14351851851851852
5 0.6226438492063492 0.24173280423280424 0.03447420634920635 0.12731481481481483
5 0.15997023809523808 0.20105820105820105 0.034722222222222224 0.11375661375661375
5 0.20262896825396826 0.2251984126984127 0.03794642857142857 0.11871693121693122
5 0.8271329365079365 0.37797619047619047 0.054563492063492064 0.15476190476190477
5 0.2960069444444444 0.23462301587301587 0.03695436507936508 0.12136243386243387
3 0.5310019841269841 0.024305555555555556 0.05381944444444445 0.04861111111111111
5 0.6572420634920635 0.05340608465608466 0.02058531746031746 0.06812169312169312
5 0.2109375 0.1099537037037037 0.027777777777777776 0.08366402116402116
5 0.8277529761904762 0.061507936507936505 0.021825396825396824 0.06812169312169312
5 0.3263888888888889 0.028439153439153438 0.021825396825396824 0.056878306878306875
5 0.5807291666666666 0.013062169312169311 0.01984126984126984 0.026124338624338623
3 0.8628472222222222 0.057374338624338626 0.027281746031746032 0.06812169312169312
5 0.5288938492063492 0.12020502645502645 0.026041666666666668 0.0882936507936508
5 0.43439980158730157 0.0291005291005291 0.020337301587301588 0.05787037037037037
5 0.5168650793650794 0.09639550264550265 0.023313492063492064 0.07605820105820106
5 0.4525049603174603 0.013888888888888888 0.018105158730158732 0.027777777777777776
5 0.2961309523809524 0.017361111111111112 0.017857142857142856 0.034722222222222224
1 0.8257341269841271 0.4152876984126984 0.015109126984126985 0.015496031746031745