3 0.7455357142857143 0.4429563492063492 0.14360119047619047 0.20932539682539683
3 0.7182539682539683 0.2058531746031746 0.09871031746031746 0.13525132275132276
3 0.47767857142857145 0.1423611111111111 0.07713293650793651 0.09424603174603174
3 0.5617559523809523 0.20337301587301587 0.08953373015873016 0.11375661375661375
3 0.5241815476190477 0.03455687830687831 0.057787698412698416 0.0667989417989418
5 0.33903769841269843 0.29976851851851855 0.040674603174603176 0.1359126984126984
5 0.5288938492063492 0.3470568783068783 0.04117063492063492 0.14715608465608465
3 0.6752232142857143 0.06332671957671958 0.06225198412698413 0.08862433862433862
5 0.3723958333333333 0.2035383597883598 0.03273809523809524 0.10416666666666667
5 0.48400297619047616 0.24619708994708994 0.03571428571428571 0.12533068783068782
5 0.7863343253968254 0.17923280423280424 0.031746031746031744 0.10482804232804233
5 0.42931547619047616 0.11359126984126984 0.024305555555555556 0.07903439153439154
5 0.5567956349206349 0.0882936507936508 0.023809523809523808 0.07572751322751323
5 0.7399553571428571 0.023809523809523808 0.020089285714285716 0.047619047619047616
5 0.2269345238095238 0.14996693121693122 0.028769841269841268 0.09126984126984126
4 0.020337301587301588 0.23528439153439154 0.03050595238095238 0.10449735449735449
5 0.32415674603174605 0.09986772486772487 0.027777777777777776 0.08002645502645503
5 0.6310763888888888 0.03058862433862434 0.01984126984126984 0.05853174603174603
5 0.46986607142857145 0.017691798941798943 0.01636904761904762 0.035383597883597885
5 0.9372519841269841 0.06812169312169312 0.016865079365079364 0.06547619047619048
0 0.7491319444444444 0.5110780423280423 0.037450396825396824 0.012896825396825396
0 0.7198660714285714 0.24404761904761904 0.023313492063492064 0.008928571428571428
5 0.5868055555555556 0.060515873015873016 0.02132936507936508 0.06448412698412699
5 0.7030009920634921 0.025793650793650792 0.02058531746031746 0.051587301587301584
5 0.6015625 0.04794973544973545 0.018353174603174604 0.06580687830687831
5 0.3323412698412698 0.06001984126984127 0.043154761904761904 0.06018518518518518
5 0.5972222222222222 0.013227513227513227 0.019097222222222224 0.026455026455026454
4 0.3074156746031746 0.9623015873015873 0.11011904761904762 0.07539682539682539
4 0.2911780753968254 0.03696097883597883 0.014590773809523809 0.05613756613756613
1 0.5575421626984127 0.23383928571428572 0.01589781746031746 0.011775793650793651