3 0.1179470486111111 0.57421875 0.2152777777777778 0.25983796296296297
3 0.3720703125 0.8637152777777778 0.2513020833333333 0.2725694444444444
3 0.498046875 0.3175636574074074 0.12239583333333333 0.13657407407407407
3 0.5142144097222222 0.1802662037037037 0.10286458333333333 0.1166087962962963
2 0.8383246527777778 0.1371527777777778 0.1150173611111111 0.1953125
3 0.3702256944444444 0.23032407407407407 0.11241319444444445 0.11516203703703703
3 0.9737413194444444 0.296875 0.05251736111111111 0.12268518518518519
5 0.8694661458333334 0.5355902777777778 0.06032986111111111 0.19328703703703703
5 0.9680989583333334 0.5403645833333334 0.05381944444444445 0.18171296296296297
5 0.6316189236111112 0.37991898148148145 0.045572916666666664 0.15046296296296297
5 0.5322265625 0.45066550925925924 0.054253472222222224 0.171875
5 0.6820746527777778 0.19241898148148148 0.033854166666666664 0.10445601851851852
5 0.12315538194444445 0.3699363425925926 0.049262152777777776 0.15219907407407407
5 0.3668619791666667 0.42549189814814814 0.050130208333333336 0.1640625
5 0.7252604166666666 0.47844328703703703 0.05447048611111111 0.17505787037037038
5 0.19325086805555555 0.2890625 0.041449652777777776 0.13859953703703703
5 0.3302951388888889 0.30439814814814814 0.04210069444444445 0.13570601851851852
5 0.8111979166666666 0.39988425925925924 0.05056423611111111 0.1568287037037037
5 0.7096354166666666 0.3763020833333333 0.048394097222222224 0.13917824074074073
5 0.3688151041666667 0.09852430555555555 0.025824652777777776 0.0865162037037037
5 0.2182074652777778 0.24189814814814814 0.03993055555555555 0.13425925925925927
5 0.5776909722222222 0.12890625 0.029513888888888888 0.08940972222222222
1 0.8664279513888888 0.5677083333333334 0.018446180555555556 0.01707175925925926
1 0.4909939236111111 0.35619212962962965 0.021701388888888888 0.015625
5 0.8328993055555556 0.48061342592592593 0.05360243055555555 0.1880787037037037
5 0.6759982638888888 0.10416666666666667 0.025607638888888888 0.07957175925925926
1 0.09928385416666667 0.5823206018518519 0.03493923611111111 0.02459490740740741
5 0.6148003472222222 0.09809027777777778 0.026692708333333332 0.07783564814814815
5 0.7398003472222222 0.08969907407407407 0.026909722222222224 0.07696759259259259
1 0.8312717013888888 0.5208333333333334 0.016493055555555556 0.01678240740740741
5 0.8335503472222222 0.02097800925925926 0.021701388888888888 0.04195601851851852
5 0.5399305555555556 0.028935185185185185 0.024088541666666668 0.05787037037037037
5 0.7263454861111112 0.027054398148148147 0.021918402777777776 0.054108796296296294
1 0.7190559895833333 0.5221961805555556 0.015227864583333334 0.01636863425925926
1 0.3646918402777778 0.9690393518518519 0.044921875 0.03153935185185185
5 0.7890625 0.025752314814814815 0.0234375 0.05150462962962963
5 0.6795789930555556 0.017795138888888888 0.020182291666666668 0.035590277777777776
5 0.6183810763888888 0.034577546296296294 0.024522569444444444 0.06481481481481481
1 0.5098741319444444 0.1763599537037037 0.017361111111111112 0.01244212962962963
5 0.6340060763888888 0.01678240740740741 0.019748263888888888 0.03356481481481482
5 0.5699869791666666 0.06756365740740741 0.025173611111111112 0.07407407407407407
5 0.6570095486111112 0.023148148148148147 0.016927083333333332 0.046296296296296294
5 0.029839409722222224 0.015046296296296295 0.023003472222222224 0.03009259259259259
5 0.4300130208333333 0.09375 0.027777777777777776 0.08275462962962964
1 0.3257595486111111 0.3277459490740741 0.013196614583333334 0.012332175925925925
1 0.5281966145833333 0.4810677083333333 0.016555989583333333 0.015998263888888888
5 0.7733289930555556 0.009982638888888888 0.01953125 0.019965277777777776
1 0.8375651041666666 0.20457175925925927 0.015190972222222222 0.011863425925925927
5 0.5706380208333334 0.016493055555555556 0.020182291666666668 0.03298611111111111
3 0.9079861111111112 0.04050925925925926 0.0703125 0.07928240740740741
1 0.11616319444444444 0.40792245370370367 0.015993923611111113 0.011082175925925926
1 0.6810850694444445 0.20696469907407408 0.009548611111111112 0.009259259259259259
1 0.3613107638888889 0.45440682870370375 0.016000434027777777 0.014383680555555556
1 0.18784071180555556 0.31969328703703703 0.013237847222222222 0.01244212962962963
1 0.7107769097222223 0.40546296296296297 0.014913194444444444 0.01318287037037037
5 0.5866970486111112 0.013744212962962963 0.020182291666666668 0.027488425925925927
5 0.4189453125 0.07118055555555555 0.024522569444444444 0.07436342592592593
1 0.36516927083333334 0.23502025462962964 0.017144097222222224 0.014467592592592593
1 0.9735351562500001 0.5665827546296296 0.017673611111111112 0.01678240740740741
1 0.42877170138888887 0.10717013888888889 0.008389756944444444 0.007945601851851851
1 0.6291297743055556 0.41662037037037036 0.014199218750000001 0.013640046296296296