3 0.15476190476190477 0.6061507936507936 0.24156746031746032 0.30224867724867727
3 0.33544146825396826 0.14087301587301587 0.11780753968253968 0.144510582010582
5 0.7750496031746031 0.5259589947089947 0.062003968253968256 0.21593915343915343
5 0.021453373015873016 0.4365079365079365 0.04290674603174603 0.19510582010582012
5 0.17199900793650794 0.4021164021164021 0.05952380952380952 0.16071428571428573
5 0.7219742063492064 0.31216931216931215 0.046378968253968256 0.15542328042328044
5 0.7859623015873016 0.08019179894179894 0.027777777777777776 0.08630952380952381
1 0.10875496031746032 0.7106481481481481 0.03546626984126984 0.02414021164021164
4 0.019965277777777776 0.1519510582010582 0.0248015873015873 0.08167989417989419
5 0.2191220238095238 0.023809523809523808 0.043402777777777776 0.04728835978835979
0 0.3190674603174603 0.18348544973544975 0.02247767857142857 0.009150132275132276