3 0.6708829365079365 0.3771494708994709 0.14285714285714285 0.22354497354497355
6 0.33779761904761907 0.4408068783068783 0.1661706349206349 0.2857142857142857
3 0.38244047619047616 0.16418650793650794 0.09300595238095238 0.10052910052910052
3 0.4976438492063492 0.18518518518518517 0.09077380952380952 0.1087962962962963
3 0.6489335317460317 0.15625 0.07837301587301587 0.0992063492063492
5 0.1827876984126984 0.7686838624338624 0.09424603174603174 0.29365079365079366
5 0.8841765873015873 0.5081018518518519 0.07068452380952381 0.2013888888888889
5 0.1675347222222222 0.5291005291005291 0.060267857142857144 0.20006613756613756
6 0.550719246031746 0.061507936507936505 0.06522817460317461 0.12268518518518519
6 0.49206349206349204 0.6078042328042328 0.19345238095238096 0.4666005291005291
5 0.19283234126984128 0.4244378306878307 0.05505952380952381 0.16038359788359788
5 0.5187251984126984 0.2640542328042328 0.04117063492063492 0.12632275132275134
5 0.5698164682539683 0.31531084656084657 0.041666666666666664 0.13558201058201058
5 0.21899801587301587 0.1693121693121693 0.032242063492063495 0.09292328042328042
5 0.9151785714285714 0.3855820105820106 0.062003968253968256 0.16335978835978837
5 0.8156001984126984 0.2953042328042328 0.044642857142857144 0.13161375661375663
5 0.5732886904761905 0.20866402116402116 0.035962301587301584 0.10152116402116403
1 0.6700148809523809 0.45618386243386244 0.024305555555555556 0.017195767195767195
5 0.8738839285714286 0.32076719576719576 0.04811507936507937 0.15145502645502645
5 0.41902281746031744 0.05539021164021164 0.023313492063492064 0.0667989417989418
5 0.20721726190476192 0.3371362433862434 0.05505952380952381 0.12169312169312169
5 0.7017609126984127 0.1130952380952381 0.026537698412698412 0.07771164021164022
5 0.4437003968253968 0.02662037037037037 0.016617063492063492 0.05026455026455026
5 0.609375 0.027777777777777776 0.01984126984126984 0.05555555555555555
5 0.6581101190476191 0.052744708994709 0.021825396825396824 0.06845238095238096
0 0.4820188492063492 0.8204365079365079 0.051835317460317464 0.017857142857142856
5 0.3733878968253968 0.02132936507936508 0.017609126984126984 0.04265873015873016
0 0.31398809523809523 0.5499338624338624 0.03695436507936508 0.012566137566137565
5 0.4723462301587302 0.03670634920634921 0.019593253968253968 0.057539682539682536
5 0.3647073412698413 0.09871031746031746 0.023313492063492064 0.05125661375661376
5 0.3529265873015873 0.02099867724867725 0.015376984126984126 0.0419973544973545
5 0.017857142857142856 0.2369378306878307 0.03546626984126984 0.10648148148148148
5 0.3722718253968254 0.07407407407407407 0.025049603174603176 0.06415343915343916
5 0.6500496031746031 0.01669973544973545 0.018849206349206348 0.03273809523809524
0 0.36774801587301587 0.19216269841269842 0.019962797619047616 0.007671957671957672
5 0.46899801587301587 0.012896825396825396 0.017361111111111112 0.02513227513227513
0 0.4898214285714286 0.22025793650793649 0.021810515873015874 0.008303571428571428
1 0.6514856150793651 0.18223544973544975 0.014489087301587301 0.010238095238095239
4 0.0765922619047619 0.11877314814814816 0.019263392857142857 0.08647156084656085
4 0.1711185515873016 0.1140707671957672 0.027140376984126986 0.05898478835978836