3 0.7410714285714286 0.3525132275132275 0.11383928571428571 0.1531084656084656
5 0.1980406746031746 0.6157407407407407 0.06770833333333333 0.21428571428571427
6 0.44642857142857145 0.061342592592592594 0.08234126984126984 0.1207010582010582
3 0.7074652777777778 0.21362433862433863 0.07936507936507936 0.09986772486772487
3 0.3427579365079365 0.1109457671957672 0.09424603174603174 0.06481481481481481
3 0.6143353174603174 0.14484126984126985 0.07018849206349206 0.09821428571428571
5 0.18551587301587302 0.3220899470899471 0.038938492063492064 0.1335978835978836
5 0.44419642857142855 0.4976851851851852 0.05381944444444445 0.17063492063492064
5 0.6222718253968254 0.2845568783068783 0.031746031746031744 0.11408730158730158
5 0.546875 0.3394510582010582 0.038938492063492064 0.1359126984126984
5 0.5126488095238095 0.26521164021164023 0.03149801587301587 0.11078042328042328
5 0.4964037698412698 0.0894510582010582 0.02058531746031746 0.061507936507936505
5 0.48747519841269843 0.22255291005291006 0.02976190476190476 0.09821428571428571
5 0.5607638888888888 0.09209656084656084 0.02058531746031746 0.060515873015873016
5 0.2681051587301587 0.17906746031746032 0.027529761904761904 0.08531746031746032
5 0.527281746031746 0.14203042328042328 0.025297619047619048 0.07705026455026455
5 0.24479166666666666 0.11078042328042328 0.05233134920634921 0.0667989417989418
5 0.5740327380952381 0.17410714285714285 0.026041666666666668 0.08498677248677249
5 0.48387896825396826 0.15112433862433863 0.024057539682539684 0.07308201058201058
5 0.6811755952380952 0.02199074074074074 0.014632936507936508 0.04365079365079365
5 0.5541914682539683 0.026785714285714284 0.015376984126984126 0.04497354497354497
5 0.8854166666666666 0.05423280423280423 0.018353174603174604 0.05191798941798942
5 0.8583829365079365 0.036210317460317464 0.016121031746031748 0.04728835978835979
5 0.8630952380952381 0.08217592592592593 0.018105158730158732 0.05720899470899471
5 0.3892609126984127 0.07705026455026455 0.020337301587301588 0.05886243386243386
5 0.900421626984127 0.03009259259259259 0.015625 0.04563492063492063
0 0.7098040674603174 0.24024470899470898 0.020691964285714286 0.007275132275132275
1 0.7442956349206349 0.39914021164021163 0.020833333333333332 0.01488095238095238