5 0.11619543650793651 0.6162367724867724 0.08110119047619048 0.21825396825396826
5 0.8087797619047619 0.5861441798941799 0.06349206349206349 0.2113095238095238
5 0.7922867063492064 0.33895502645502645 0.03869047619047619 0.12896825396825398
5 0.2435515873015873 0.42509920634920634 0.049107142857142856 0.16633597883597884
5 0.3707837301587302 0.4619708994708995 0.056299603174603176 0.18154761904761904
2 0.40587797619047616 0.04348544973544974 0.0974702380952381 0.08664021164021164
5 0.49193948412698413 0.2759589947089947 0.036210317460317464 0.11375661375661375
5 0.3236607142857143 0.10796957671957672 0.044642857142857144 0.062169312169312166
5 0.5306299603174603 0.14401455026455026 0.0248015873015873 0.07671957671957672
5 0.5616319444444444 0.15873015873015872 0.022817460317460316 0.08234126984126984
3 0.6135912698412699 0.025793650793650792 0.041914682539682536 0.047619047619047616
5 0.6515376984126984 0.07457010582010581 0.017857142857142856 0.06018518518518518
5 0.3722718253968254 0.18799603174603174 0.028521825396825396 0.08994708994708994
5 0.8602430555555556 0.047784391534391533 0.018105158730158732 0.05291005291005291
5 0.4574652777777778 0.1324404761904762 0.026041666666666668 0.07738095238095238
5 0.5918898809523809 0.040674603174603176 0.016865079365079364 0.05423280423280423
5 0.5104166666666666 0.08564814814814815 0.021825396825396824 0.06448412698412699
5 0.5354662698412699 0.0441468253968254 0.021577380952380952 0.0539021164021164
3 0.8642113095238095 0.013888888888888888 0.03298611111111111 0.027777777777777776
5 0.6915922619047619 0.028935185185185185 0.016121031746031748 0.04563492063492063
5 0.6746031746031746 0.04083994708994709 0.016121031746031748 0.05191798941798942
5 0.35379464285714285 0.07523148148148148 0.031746031746031744 0.059854497354497355
5 0.4976438492063492 0.05423280423280423 0.018353174603174604 0.052248677248677246
5 0.3810763888888889 0.14484126984126985 0.029513888888888888 0.07671957671957672
4 0.2421875 0.10648148148148148 0.025297619047619048 0.06712962962962964
5 0.5815972222222222 0.007936507936507936 0.011656746031746032 0.015542328042328041
5 0.49603174603174605 0.017857142857142856 0.014632936507936508 0.03571428571428571
5 0.4595486111111111 0.05951719576719577 0.017557043650793653 0.04297619047619048
5 0.5442708333333334 0.02066798941798942 0.015625 0.04133597883597884
5 0.46234871031746033 0.09522486772486771 0.02066468253968254 0.04993716931216931