3 0.3045789930555556 0.2980324074074074 0.2510850694444444 0.2534722222222222
5 0.8741319444444444 0.35228587962962965 0.0915798611111111 0.20862268518518517
5 0.4794921875 0.20949074074074073 0.0661892361111111 0.1574074074074074
5 0.529296875 0.2523148148148148 0.068359375 0.1857638888888889
5 0.5812717013888888 0.29398148148148145 0.09288194444444445 0.17274305555555555
5 0.5857204861111112 0.10358796296296297 0.05447048611111111 0.1501736111111111
5 0.1413845486111111 0.12905092592592593 0.06358506944444445 0.15393518518518517
1 0.9072265625 0.3875868055555556 0.01953125 0.019965277777777776
5 0.92578125 0.9441550925925926 0.1480034722222222 0.11140046296296297
1 0.15852864583333334 0.16087962962962962 0.015407986111111112 0.014467592592592593
5 0.2277560763888889 0.018663194444444444 0.04014756944444445 0.03732638888888889
1 0.3734809027777778 0.3194444444444444 0.028428819444444444 0.02488425925925926
5 0.2603081597222222 0.13686342592592593 0.0763888888888889 0.0931712962962963
1 0.1318359375 0.045572916666666664 0.021267361111111112 0.014756944444444444
6 0.7554253472222222 0.6022858796296297 0.4891493055555556 0.5688657407407407
1 0.6008420138888888 0.13409722222222223 0.01423828125 0.013258101851851853