3 0.1827876984126984 0.6466600529100529 0.13616071428571427 0.18452380952380953
3 0.06473214285714286 0.8713624338624338 0.12946428571428573 0.25727513227513227
3 0.16319444444444445 0.47007275132275134 0.14211309523809523 0.17195767195767195
3 0.32043650793650796 0.5266203703703703 0.12251984126984126 0.13756613756613756
2 0.5484871031746031 0.4699074074074074 0.1636904761904762 0.28075396825396826
5 0.4701140873015873 0.9204695767195767 0.07911706349206349 0.15873015873015872
3 0.6221478174603174 0.3290343915343915 0.06845238095238096 0.07506613756613757
5 0.8752480158730159 0.9302248677248677 0.06721230158730158 0.13921957671957672
3 0.8402777777777778 0.2941468253968254 0.06547619047619048 0.07076719576719577
5 0.7916666666666666 0.6499669312169312 0.050595238095238096 0.16765873015873015
3 0.46081349206349204 0.2404100529100529 0.05084325396825397 0.05555555555555555
3 0.5063244047619048 0.3230820105820106 0.06374007936507936 0.07473544973544974
3 0.5328621031746031 0.16650132275132276 0.035962301587301584 0.03736772486772487
3 0.5753968253968254 0.1714616402116402 0.03422619047619048 0.041005291005291
5 0.10664682539682539 0.3601190476190476 0.048859126984126984 0.07804232804232804
5 0.3960813492063492 0.2663690476190476 0.01984126984126984 0.057539682539682536
5 0.44221230158730157 0.43022486772486773 0.028025793650793652 0.09556878306878307
5 0.2544642857142857 0.31415343915343913 0.02554563492063492 0.06613756613756613
5 0.5653521825396826 0.30456349206349204 0.025793650793650792 0.0539021164021164
1 0.1775793650793651 0.703042328042328 0.025049603174603176 0.016865079365079364
3 0.8823164682539683 0.2131283068783069 0.024305555555555556 0.042328042328042326
5 0.521453373015873 0.251984126984127 0.017609126984126984 0.057539682539682536
5 0.6099950396825397 0.2681878306878307 0.021825396825396824 0.05291005291005291
5 0.5896577380952381 0.21494708994708994 0.016865079365079364 0.04794973544973545
3 0.5949900793650794 0.1474867724867725 0.027529761904761904 0.028108465608465607
5 0.4211309523809524 0.38409391534391535 0.031746031746031744 0.08994708994708994
5 0.6197916666666666 0.2078373015873016 0.01488095238095238 0.04563492063492063
0 0.14000496031746032 0.5147156084656085 0.028273809523809524 0.00992063492063492
5 0.43861607142857145 0.17509920634920634 0.013888888888888888 0.03802910052910053
5 0.49950396825396826 0.18931878306878308 0.013392857142857142 0.037698412698412696
5 0.412078373015873 0.3501984126984127 0.027777777777777776 0.0744047619047619
5 0.8876488095238095 0.25496031746031744 0.010912698412698412 0.05257936507936508
1 0.5479910714285714 0.5810185185185185 0.02132936507936508 0.01455026455026455
5 0.4150545634920635 0.16947751322751323 0.011904761904761904 0.036044973544973546
5 0.3542906746031746 0.18452380952380953 0.024553571428571428 0.03273809523809524
0 0.3034970238095238 0.5673875661375661 0.03099454365079365 0.008611111111111111