6 0.5064484126984127 0.5522486772486772 0.11284722222222222 0.25562169312169314
3 0.7643849206349206 0.42592592592592593 0.07291666666666667 0.05588624338624339
2 0.9015376984126984 0.41104497354497355 0.10143849206349206 0.0916005291005291
5 0.41517857142857145 0.6240079365079365 0.035962301587301584 0.12235449735449735
3 0.4078621031746032 0.3688822751322751 0.03993055555555555 0.046957671957671955
5 0.6536458333333334 0.5659722222222222 0.03373015873015873 0.10416666666666667
3 0.32328869047619047 0.3951719576719577 0.061507936507936505 0.03505291005291005
2 0.4572172619047619 0.2976190476190476 0.043154761904761904 0.06382275132275132
2 0.19208829365079366 0.7017195767195767 0.3841765873015873 0.5965608465608465
5 0.7776537698412699 0.35648148148148145 0.01488095238095238 0.037698412698412696
5 0.5818452380952381 0.4050925925925926 0.018601190476190476 0.05257936507936508
5 0.5993303571428571 0.44560185185185186 0.023809523809523808 0.06514550264550265
5 0.5146329365079365 0.37880291005291006 0.015128968253968254 0.04828042328042328
1 0.08841765873015874 0.9813161375661376 0.029513888888888888 0.018187830687830687
5 0.5535714285714286 0.34441137566137564 0.01488095238095238 0.03935185185185185
5 0.3766121031746032 0.3501984126984127 0.015873015873015872 0.04133597883597884
3 0.5196378968253967 0.287119708994709 0.018938492063492064 0.020006613756613757
5 0.5700644841269841 0.3556547619047619 0.014136904761904762 0.045304232804232805
5 0.3870287698412698 0.4021164021164021 0.01711309523809524 0.055224867724867725
5 0.43452380952380953 0.3306878306878307 0.014136904761904762 0.037037037037037035
3 0.7312748015873016 0.3176256613756614 0.03521825396825397 0.03207671957671958
3 0.9820188492063492 0.5244708994708994 0.03546626984126984 0.0796957671957672
5 0.2408234126984127 0.4070767195767196 0.02058531746031746 0.04398148148148148
1 0.5031001984126984 0.6618716931216931 0.016865079365079364 0.010912698412698412
5 0.43253968253968256 0.38210978835978837 0.015625 0.04662698412698413
5 0.7631448412698413 0.31845238095238093 0.011656746031746032 0.030753968253968252
5 0.47879464285714285 0.33265873015873015 0.011656746031746032 0.017552910052910053
5 0.16629464285714285 0.41798941798941797 0.04538690476190476 0.05026455026455026
5 0.42804315476190474 0.2996362433862434 0.009985119047619046 0.02506283068783069
5 0.9316889880952381 0.3638392857142857 0.025084325396825397 0.022982804232804233
1 0.7815500992063492 0.4325165343915344 0.008871527777777779 0.006431878306878307
4 0.9669122023809524 0.38389550264550265 0.013824404761904762 0.041775793650793654
4 0.9787599206349207 0.36765873015873013 0.01224454365079365 0.03879298941798942
4 0.8976636904761905 0.3508068783068783 0.01224454365079365 0.03352843915343915
4 0.9026661706349207 0.35923280423280424 0.011716269841269842 0.0166765873015873
5 0.7477157738095238 0.30142857142857143 0.009243551587301588 0.025138888888888888
5 0.7208209325396825 0.2963756613756614 0.010535714285714285 0.020949074074074075
5 0.7106522817460317 0.30463293650793655 0.008318452380952381 0.028591269841269838
3 0.5259573412698413 0.2775363756613757 0.014794146825396825 0.016263227513227514
5 0.41706101190476186 0.29090939153439155 0.00990327380952381 0.02258267195767196
2 0.4681423611111111 0.3840906084656085 0.05735367063492063 0.08805555555555554
1 0.462078373015873 0.41803571428571434 0.008154761904761906 0.005952380952380952