2 0.31125992063492064 0.257771164021164 0.1875 0.2404100529100529
5 0.3046875 0.595734126984127 0.06324404761904762 0.20535714285714285
5 0.486359126984127 0.4558531746031746 0.043402777777777776 0.15112433862433863
3 0.5724206349206349 0.08002645502645503 0.04265873015873016 0.05092592592592592
5 0.455109126984127 0.320271164021164 0.03546626984126984 0.10978835978835978
5 0.6834077380952381 0.1574074074074074 0.019593253968253968 0.06911375661375661
5 0.4993799603174603 0.27959656084656087 0.030009920634920636 0.10251322751322751
6 0.4869791666666667 0.12863756613756613 0.061755952380952384 0.08961640211640212
3 0.5531994047619048 0.06382275132275132 0.03298611111111111 0.03902116402116402
5 0.5463789682539683 0.1259920634920635 0.018105158730158732 0.05919312169312169
5 0.6556299603174603 0.061507936507936505 0.013392857142857142 0.04298941798941799
3 0.37549603174603174 0.028108465608465607 0.03298611111111111 0.036375661375661374
5 0.5708085317460317 0.023478835978835978 0.011904761904761904 0.03571428571428571
3 0.8447420634920635 0.009424603174603174 0.021577380952380952 0.018849206349206348
5 0.8346974206349206 0.11970899470899471 0.02058531746031746 0.06117724867724868
5 0.6205357142857143 0.011904761904761904 0.01314484126984127 0.023809523809523808
5 0.5541914682539683 0.013888888888888888 0.011160714285714286 0.027777777777777776
5 0.6015625 0.021494708994708994 0.011904761904761904 0.03802910052910053
5 0.5845734126984127 0.014054232804232803 0.010168650793650794 0.028108465608465607
5 0.5355902777777778 0.021164021164021163 0.011656746031746032 0.03935185185185185
5 0.9945436507936508 0.1787367724867725 0.010912698412698412 0.07208994708994709
5 0.5073164682539683 0.05076058201058201 0.013888888888888888 0.041666666666666664
5 0.8464781746031746 0.03356481481481482 0.011904761904761904 0.03273809523809524
5 0.4820188492063492 0.07308201058201058 0.01240079365079365 0.03571428571428571
5 0.4694940476190476 0.07060185185185185 0.014136904761904762 0.03902116402116402
4 0.31946180555555553 0.12273809523809524 0.015364583333333334 0.03464285714285714
1 0.28916914682539685 0.36877314814814816 0.01662698412698413 0.011825396825396824