5 0.3555772569444444 0.5651041666666666 0.0681423611111111 0.16724537037037038
5 0.6494140625 0.2277199074074074 0.060112847222222224 0.07581018518518519
5 0.07942708333333333 0.2899305555555556 0.04275173611111111 0.10300925925925926
5 0.2587890625 0.2938368055555556 0.03537326388888889 0.10445601851851852
5 0.2279730902777778 0.23929398148148148 0.027994791666666668 0.08854166666666667
5 0.0734592013888889 0.21006944444444445 0.025390625 0.07957175925925926
5 0.3889973958333333 0.1847511574074074 0.022569444444444444 0.0708912037037037
5 0.2446831597222222 0.1372974537037037 0.025824652777777776 0.06539351851851852
5 0.8561197916666666 0.3307291666666667 0.0625 0.09085648148148148
3 0.9737413194444444 0.2630208333333333 0.05251736111111111 0.07667824074074074
5 0.8806423611111112 0.26576967592592593 0.0625 0.07696759259259259
5 0.3220486111111111 0.1925636574074074 0.023871527777777776 0.07552083333333333
5 0.3032769097222222 0.1791087962962963 0.021701388888888888 0.07262731481481481
3 0.9452039930555556 0.1138599537037037 0.09244791666666667 0.03935185185185185
1 0.3332118055555556 0.6178877314814815 0.01625 0.01817997685185185
1 0.8313997395833334 0.3472019675925926 0.008784722222222222 0.010708912037037036
3 0.9123111979166667 0.09002893518518518 0.05618272569444444 0.043984375
5 0.8965907118055555 0.09861979166666666 0.014947916666666665 0.03642361111111111
5 0.8781640625 0.08521701388888889 0.016751302083333332 0.03848668981481481
5 0.942849392361111 0.05978877314814815 0.018812934027777777 0.030237268518518517
5 0.5007942708333333 0.07623553240740742 0.032421875 0.040309606481481484
5 0.39783203125 0.117421875 0.021907552083333334 0.05140914351851852
5 0.37110460069444445 0.10427662037037037 0.028917100694444444 0.05082465277777778
5 0.31129991319444444 0.11975983796296295 0.034613715277777776 0.06542824074074075
3 0.07820746527777778 0.042644675925925926 0.09945746527777778 0.05024016203703704