3 0.7026289682539683 0.5008267195767195 0.1396329365079365 0.17824074074074073
3 0.3401537698412698 0.43584656084656087 0.13764880952380953 0.1746031746031746
3 0.5935019841269841 0.3427579365079365 0.10143849206349206 0.11904761904761904
6 0.18663194444444445 0.625 0.28521825396825395 0.4044312169312169
2 0.3556547619047619 0.195271164021164 0.0974702380952381 0.18353174603174602
3 0.505828373015873 0.2337962962962963 0.06870039682539683 0.07837301587301587
3 0.42237103174603174 0.175760582010582 0.05654761904761905 0.06911375661375661
6 0.5700644841269841 0.14814814814814814 0.06770833333333333 0.12665343915343916
2 0.43725198412698413 0.06398809523809523 0.05654761904761905 0.07705026455026455
3 0.8942212301587301 0.12119708994708994 0.050595238095238096 0.05291005291005291
3 0.9501488095238095 0.24801587301587302 0.043402777777777776 0.10119047619047619
5 0.43874007936507936 0.29580026455026454 0.03249007936507937 0.09556878306878307
3 0.9515128968253969 0.14599867724867724 0.046130952380952384 0.05720899470899471
3 0.6535218253968254 0.10582010582010581 0.040426587301587304 0.04431216931216931
3 0.8922371031746031 0.06944444444444445 0.034722222222222224 0.035383597883597885
1 0.14087301587301587 0.7912665343915344 0.031994047619047616 0.023945105820105818
5 0.30592757936507936 0.3472222222222222 0.032242063492063495 0.06911375661375661
2 0.5179811507936508 0.08597883597883597 0.04811507936507937 0.07837301587301587
3 0.9429563492063492 0.10846560846560846 0.04712301587301587 0.045965608465608467
5 0.6892361111111112 0.179728835978836 0.020337301587301588 0.07175925925925926
6 0.5405505952380952 0.04877645502645503 0.051835317460317464 0.07539682539682539
5 0.7182539682539683 0.17096560846560846 0.025793650793650792 0.06580687830687831
3 0.6169394841269841 0.05109126984126984 0.025793650793650792 0.031746031746031744
5 0.6587301587301587 0.16865079365079366 0.023809523809523808 0.06712962962962964
5 0.21279761904761904 0.2369378306878307 0.05530753968253968 0.07341269841269842
5 0.28100198412698413 0.2243716931216931 0.036458333333333336 0.06779100529100529
0 0.7034970238095238 0.5590277777777778 0.0339781746031746 0.012896825396825396
3 0.5886656746031746 0.03951719576719577 0.033482142857142856 0.036044973544973546
5 0.47805059523809523 0.08085317460317461 0.014136904761904762 0.03902116402116402
4 0.15910218253968253 0.2435515873015873 0.02628968253968254 0.06944444444444445
4 0.2404513888888889 0.21841931216931218 0.022321428571428572 0.07076719576719577
5 0.48821924603174605 0.1765873015873016 0.025049603174603176 0.062169312169312166
5 0.9104662698412699 0.03902116402116402 0.011904761904761904 0.031746031746031744
4 0.3689608134920635 0.3265145502645503 0.037003968253968254 0.046438492063492064
3 0.5851364087301587 0.0755026455026455 0.03476934523809524 0.04106150793650794
3 0.6004117063492064 0.06424272486772487 0.024588293650793652 0.03377645502645503
2 0.655796130952381 0.045201719576719576 0.040979662698412696 0.06059854497354497