5 0.5281032986111112 0.42766203703703703 0.07313368055555555 0.2204861111111111
5 0.443359375 0.7494212962962963 0.09895833333333333 0.3052662037037037
5 0.7943793402777778 0.7403067129629629 0.08854166666666667 0.2902199074074074
5 0.3987630208333333 0.46860532407407407 0.06597222222222222 0.2254050925925926
5 0.28515625 0.3841145833333333 0.07313368055555555 0.19936342592592593
5 0.04513888888888889 0.3587962962962963 0.0818142361111111 0.19791666666666666
5 0.8619791666666666 0.5763888888888888 0.08875868055555555 0.2589699074074074
5 0.1392144097222222 0.17201967592592593 0.051432291666666664 0.15625
5 0.8108723958333334 0.3975694444444444 0.078125 0.1953125
2 0.4048394097222222 0.04788773148148148 0.2899305555555556 0.0954861111111111
1 0.49036892361111106 0.06612847222222222 0.017517361111111112 0.014013310185185186