3 0.5856894841269841 0.4080687830687831 0.1396329365079365 0.1908068783068783
3 0.18799603174603174 0.32258597883597884 0.17733134920634921 0.20899470899470898
3 0.2996031746031746 0.2152777777777778 0.12003968253968254 0.14682539682539683
3 0.6313244047619048 0.28505291005291006 0.11086309523809523 0.14417989417989419
5 0.25322420634920634 0.5833333333333334 0.06572420634920635 0.24107142857142858
5 0.20895337301587302 0.8888888888888888 0.10664682539682539 0.2218915343915344
3 0.5157490079365079 0.09358465608465609 0.07564484126984126 0.09722222222222222
5 0.8062996031746031 0.4176587301587302 0.05109126984126984 0.16765873015873015
5 0.34263392857142855 0.5206679894179894 0.05505952380952381 0.20601851851851852
3 0.31398809523809523 0.12086640211640212 0.0835813492063492 0.0796957671957672
5 0.4444444444444444 0.4914021164021164 0.05853174603174603 0.1984126984126984
5 0.566468253968254 0.18121693121693122 0.031746031746031744 0.10152116402116403
5 0.38330853174603174 0.41418650793650796 0.053075396825396824 0.17195767195767195
5 0.34660218253968256 0.34341931216931215 0.04662698412698413 0.14351851851851852
5 0.20858134920634921 0.17642195767195767 0.0339781746031746 0.09722222222222222
5 0.392609126984127 0.22800925925925927 0.038938492063492064 0.1173941798941799
5 0.44828869047619047 0.3503637566137566 0.04563492063492063 0.13227513227513227
5 0.6996527777777778 0.1423611111111111 0.026041666666666668 0.08796296296296297
5 0.5314980158730159 0.23115079365079366 0.034722222222222224 0.11375661375661375
5 0.49243551587301587 0.1982473544973545 0.03149801587301587 0.10515873015873016
5 0.40054563492063494 0.14947089947089948 0.030753968253968252 0.08267195767195767
5 0.44816468253968256 0.2610780423280423 0.03869047619047619 0.10251322751322751
5 0.5912698412698413 0.032407407407407406 0.020089285714285716 0.05952380952380952
5 0.45349702380952384 0.17625661375661375 0.030753968253968252 0.09093915343915344
5 0.40414186507936506 0.024966931216931217 0.020833333333333332 0.049933862433862435
5 0.19952876984126985 0.09408068783068783 0.034970238095238096 0.0763888888888889
5 0.6666666666666666 0.03406084656084656 0.019345238095238096 0.06415343915343916
1 0.5838293650793651 0.4773478835978836 0.0248015873015873 0.016865079365079364
1 0.15240575396825398 0.37927579365079367 0.023313492063492064 0.01681547619047619
4 0.052455357142857144 0.1337632275132275 0.0248015873015873 0.0873015873015873
2 0.4930555555555556 0.043154761904761904 0.08432539682539683 0.08630952380952381
5 0.4625496031746032 0.13624338624338625 0.02628968253968254 0.07142857142857142
4 0.014384920634920634 0.17807539682539683 0.028521825396825396 0.103505291005291
5 0.3800843253968254 0.023313492063492064 0.017609126984126984 0.046296296296296294
5 0.31039186507936506 0.03422619047619048 0.017857142857142856 0.06547619047619048