6 0.3957093253968254 0.47354497354497355 0.20808531746031747 0.3680555555555556
6 0.20684523809523808 0.3898809523809524 0.31026785714285715 0.4031084656084656
5 0.5673363095238095 0.8673941798941799 0.0882936507936508 0.2648809523809524
3 0.6387648809523809 0.13343253968253968 0.0716765873015873 0.083994708994709
5 0.9061259920634921 0.5821759259259259 0.06522817460317461 0.21362433862433863
5 0.6520337301587301 0.38855820105820105 0.04092261904761905 0.14781746031746032
3 0.5380704365079365 0.12433862433862433 0.06646825396825397 0.06580687830687831
5 0.7611607142857143 0.35631613756613756 0.040674603174603176 0.1388888888888889
5 0.8420138888888888 0.36078042328042326 0.03943452380952381 0.1345899470899471
3 0.7220982142857143 0.032242063492063495 0.039186507936507936 0.041666666666666664
5 0.7026289682539683 0.2294973544973545 0.029017857142857144 0.09391534391534391
3 0.6130952380952381 0.0603505291005291 0.041914682539682536 0.049933862433862435
5 0.6635664682539683 0.21395502645502645 0.027281746031746032 0.08763227513227513
5 0.7805059523809523 0.27728174603174605 0.03670634920634921 0.1111111111111111
1 0.1427331349206349 0.5575396825396826 0.024305555555555556 0.017195767195767195
5 0.5169890873015873 0.1853505291005291 0.027777777777777776 0.08630952380952381
3 0.4564732142857143 0.08763227513227513 0.042162698412698416 0.05555555555555555
5 0.7274305555555556 0.08746693121693122 0.018353174603174604 0.05886243386243386
5 0.4255952380952381 0.16782407407407407 0.024057539682539684 0.07903439153439154
1 0.36222718253968256 0.6186574074074074 0.027529761904761904 0.01939153439153439
5 0.7738095238095238 0.11557539682539683 0.021825396825396824 0.06812169312169312
5 0.7739335317460317 0.06233465608465608 0.016121031746031748 0.047619047619047616
5 0.501984126984127 0.08664021164021164 0.020337301587301588 0.056878306878306875
2 0.5749007936507936 0.03009259259259259 0.054563492063492064 0.06018518518518518
5 0.46912202380952384 0.13310185185185186 0.020833333333333332 0.0625
5 0.6329365079365079 0.015542328042328041 0.012152777777777778 0.031084656084656083
5 0.6039186507936508 0.10168650793650794 0.018601190476190476 0.057539682539682536
5 0.6515376984126984 0.04365079365079365 0.01636904761904762 0.046296296296296294
5 0.41195436507936506 0.0894510582010582 0.018105158730158732 0.05291005291005291
5 0.6954365079365079 0.02132936507936508 0.012152777777777778 0.03968253968253968
5 0.6641865079365079 0.053736772486772486 0.014384920634920634 0.05489417989417989
5 0.4789186507936508 0.11276455026455026 0.017609126984126984 0.05952380952380952
5 0.6827876984126984 0.020337301587301588 0.01314484126984127 0.040013227513227514
5 0.5520833333333334 0.0667989417989418 0.017361111111111112 0.05257936507936508
5 0.5425347222222222 0.06646825396825397 0.016865079365079364 0.052248677248677246
5 0.6526537698412699 0.016534391534391533 0.01240079365079365 0.027777777777777776