3 0.5102926587301587 0.5476190476190477 0.17038690476190477 0.2414021164021164
3 0.7126736111111112 0.23363095238095238 0.10887896825396826 0.15707671957671956
3 0.39533730158730157 0.3148148148148148 0.11607142857142858 0.15773809523809523
3 0.5846974206349206 0.10201719576719577 0.061755952380952384 0.07506613756613757
5 0.07415674603174603 0.33349867724867727 0.060267857142857144 0.1402116402116402
3 0.43563988095238093 0.06977513227513228 0.0689484126984127 0.08630952380952381
5 0.7657490079365079 0.4439484126984127 0.051587301587301584 0.17526455026455026
5 0.7058531746031746 0.3680555555555556 0.05009920634920635 0.1541005291005291
5 0.6670386904761905 0.4470899470899471 0.045882936507936505 0.17294973544973544
5 0.32775297619047616 0.2779431216931217 0.03819444444444445 0.13095238095238096
5 0.5715525793650794 0.257771164021164 0.037450396825396824 0.11805555555555555
3 0.8385416666666666 0.029265873015873016 0.052083333333333336 0.057539682539682536
5 0.6187996031746031 0.2706679894179894 0.034722222222222224 0.1164021164021164
5 0.5319940476190477 0.3232473544973545 0.03968253968253968 0.13822751322751323
5 0.49404761904761907 0.2810846560846561 0.03844246031746032 0.12896825396825398
5 0.30183531746031744 0.24636243386243387 0.03670634920634921 0.12103174603174603
3 0.5974702380952381 0.02166005291005291 0.04538690476190476 0.04332010582010582
5 0.2535962301587302 0.16137566137566137 0.03050595238095238 0.09424603174603174
5 0.18898809523809523 0.30687830687830686 0.046130952380952384 0.13558201058201058
5 0.4868551587301587 0.17906746031746032 0.030753968253968252 0.09358465608465609
5 0.6185515873015873 0.18171296296296297 0.03422619047619048 0.08664021164021164
3 0.36086309523809523 0.0269510582010582 0.052083333333333336 0.0539021164021164
1 0.49813988095238093 0.6292989417989417 0.02976190476190476 0.021164021164021163
5 0.2353670634920635 0.429728835978836 0.05109126984126984 0.17956349206349206
5 0.6760912698412699 0.10152116402116403 0.029513888888888888 0.07572751322751323
5 0.5358382936507936 0.18237433862433863 0.027777777777777776 0.09523809523809523
5 0.20250496031746032 0.19427910052910052 0.03149801587301587 0.08862433862433862
3 0.47953869047619047 0.03571428571428571 0.04811507936507937 0.06812169312169312
5 0.2552083333333333 0.31101190476190477 0.053075396825396824 0.11673280423280423
5 0.39632936507936506 0.1714616402116402 0.04389880952380952 0.09027777777777778
1 0.3819444444444444 0.3627645502645503 0.020833333333333332 0.01455026455026455
5 0.29117063492063494 0.11871693121693122 0.02703373015873016 0.07771164021164022
5 0.3420138888888889 0.15443121693121692 0.02976190476190476 0.09325396825396826
5 0.5090525793650794 0.08779761904761904 0.022321428571428572 0.06944444444444445
5 0.22296626984126985 0.24404761904761904 0.04017857142857143 0.11078042328042328
5 0.3236607142857143 0.13740079365079366 0.024305555555555556 0.08498677248677249
5 0.5472470238095238 0.042162698412698416 0.018105158730158732 0.05555555555555555
5 0.53125 0.07208994708994709 0.021577380952380952 0.0667989417989418
4 0.05133928571428571 0.148478835978836 0.025297619047619048 0.08961640211640212
5 0.21416170634920634 0.38095238095238093 0.04389880952380952 0.15608465608465608
5 0.30952380952380953 0.05076058201058201 0.018601190476190476 0.06283068783068783
1 0.7174751984126985 0.2846825396825397 0.016547619047619047 0.015132275132275132
4 0.014012896825396826 0.19295634920634921 0.027777777777777776 0.10449735449735449
5 0.5164930555555556 0.018353174603174604 0.01711309523809524 0.03670634920634921
5 0.5360863095238095 0.02017195767195767 0.015376984126984126 0.040013227513227514
4 0.22309275793650793 0.03763888888888889 0.01719990079365079 0.05638888888888889