3 0.5259331597222222 0.2377025462962963 0.12174479166666667 0.12413194444444445
2 0.21202256944444445 0.7333622685185185 0.4229600694444444 0.5332754629629629
5 0.7170138888888888 0.7779224537037037 0.08159722222222222 0.2682291666666667
3 0.21082899305555555 0.15653935185185186 0.09613715277777778 0.10416666666666667
5 0.21126302083333334 0.3883101851851852 0.05295138888888889 0.16550925925925927
5 0.6648220486111112 0.2404513888888889 0.04405381944444445 0.1339699074074074
5 0.3359375 0.2994791666666667 0.044487847222222224 0.14322916666666666
5 0.4666883680555556 0.4390914351851852 0.059895833333333336 0.17100694444444445
5 0.17957899305555555 0.27358217592592593 0.04123263888888889 0.13368055555555555
5 0.7463107638888888 0.2427662037037037 0.04405381944444445 0.1328125
5 0.4965277777777778 0.0943287037037037 0.033203125 0.10011574074074074
5 0.4587673611111111 0.2907986111111111 0.043402777777777776 0.14033564814814814
5 0.016818576388888888 0.42896412037037035 0.033637152777777776 0.17505787037037038
5 0.3778211805555556 0.17737268518518517 0.03493923611111111 0.11226851851851852
5 0.3189019097222222 0.10633680555555555 0.03125 0.09259259259259259