6 0.5078125 0.4575066137566138 0.1331845238095238 0.25826719576719576
3 0.689484126984127 0.4469246031746032 0.08258928571428571 0.11044973544973545
3 0.3603670634920635 0.3878968253968254 0.0818452380952381 0.09755291005291006
5 0.25124007936507936 0.8432539682539683 0.07018849206349206 0.22486772486772486
2 0.49615575396825395 0.19576719576719576 0.05927579365079365 0.08167989417989419
3 0.6042906746031746 0.19890873015873015 0.030257936507936508 0.03802910052910053
5 0.37313988095238093 0.4575066137566138 0.033482142857142856 0.10648148148148148
5 0.22842261904761904 0.427744708994709 0.029513888888888888 0.09391534391534391
3 0.9444444444444444 0.2286706349206349 0.04538690476190476 0.03835978835978836
5 0.6031746031746031 0.2718253968253968 0.018353174603174604 0.051587301587301584
5 0.49342757936507936 0.3098544973544973 0.021081349206349208 0.044642857142857144
5 0.6452132936507936 0.2619047619047619 0.01488095238095238 0.04861111111111111
5 0.5479910714285714 0.3116732804232804 0.021825396825396824 0.03802910052910053
5 0.521453373015873 0.2534722222222222 0.016121031746031748 0.04497354497354497
3 0.9816468253968254 0.3189484126984127 0.036458333333333336 0.0701058201058201
5 0.9484126984126984 0.2791005291005291 0.019097222222222224 0.051587301587301584
5 0.9410962301587301 0.353505291005291 0.02703373015873016 0.06779100529100529
5 0.4636656746031746 0.3566468253968254 0.024305555555555556 0.06878306878306878
5 0.6750992063492064 0.24156746031746032 0.01488095238095238 0.04431216931216931
3 0.6235119047619048 0.18882275132275134 0.025049603174603176 0.031084656084656083
5 0.9087301587301587 0.2751322751322751 0.01240079365079365 0.05191798941798942
0 0.6908680555555555 0.48389550264550263 0.023273809523809523 0.008346560846560847
5 0.5481150793650794 0.2199074074074074 0.01240079365079365 0.03835978835978836
3 0.6177306547619048 0.13452050264550267 0.015446428571428571 0.015572089947089949
5 0.9339037698412699 0.32589285714285715 0.028521825396825396 0.060515873015873016
5 0.5610565476190476 0.18505621693121693 0.009020337301587302 0.02605489417989418
5 0.09536210317460317 0.34308862433862436 0.04439484126984127 0.04398148148148148
5 0.015625 0.3429232804232804 0.031001984126984128 0.03935185185185185
5 0.5438988095238095 0.19725529100529102 0.012152777777777778 0.028439153439153438
1 0.5034722222222222 0.5682870370370371 0.018849206349206348 0.014219576719576719
4 0.37832589285714285 0.22991732804232803 0.009935515873015874 0.03768187830687831
4 0.3902480158730159 0.23050595238095237 0.010376984126984129 0.040625
4 0.4316468253968254 0.2403670634920635 0.011039186507936508 0.037976190476190476
4 0.42160218253968257 0.236984126984127 0.01081845238095238 0.03709325396825397
4 0.26653521825396825 0.27813822751322753 0.014734623015873015 0.04237433862433862
6 0.6655605158730159 0.17324735449735448 0.022787698412698412 0.04388888888888889
1 0.34858382936507937 0.41360449735449734 0.012177579365079365 0.008988095238095238
3 0.6294742063492064 0.16954034391534392 0.02229910714285714 0.02703042328042328
5 0.6446775793650794 0.16406084656084657 0.006307043650793651 0.02177579365079365
5 0.6102132936507937 0.158505291005291 0.007658730158730158 0.020873015873015873
5 0.5850421626984127 0.16706349206349205 0.007996031746031746 0.023277116402116403
3 0.5662723214285714 0.14982142857142858 0.01989583333333333 0.017886904761904764
3 0.5799107142857143 0.1441931216931217 0.015223214285714286 0.015876322751322752
5 0.5467931547619048 0.162635582010582 0.007693452380952381 0.02136243386243386
3 0.6452876984126985 0.14536044973544973 0.016550099206349207 0.017099867724867726
3 0.6843179563492063 0.1494973544973545 0.016550099206349207 0.016917989417989415
3 0.7878025793650794 0.17530092592592594 0.02154017857142857 0.02136574074074074