3 0.5763888888888888 0.4298941798941799 0.16046626984126985 0.24735449735449735
3 0.6116071428571429 0.17476851851851852 0.10540674603174603 0.12731481481481483
3 0.4453125 0.047784391534391533 0.07688492063492064 0.09060846560846561
5 0.30580357142857145 0.4669312169312169 0.06522817460317461 0.20105820105820105
5 0.24627976190476192 0.6339285714285714 0.07713293650793651 0.26785714285714285
5 0.034970238095238096 0.5309193121693122 0.06994047619047619 0.22056878306878308
5 0.16344246031746032 0.4487433862433862 0.06994047619047619 0.21461640211640212
5 0.1806795634920635 0.23015873015873015 0.04290674603174603 0.13425925925925927
5 0.3177083333333333 0.04927248677248677 0.027529761904761904 0.08498677248677249
5 0.7340029761904762 0.028935185185185185 0.023313492063492064 0.05787037037037037
5 0.6742311507936508 0.09358465608465609 0.026537698412698412 0.08697089947089948
5 0.28000992063492064 0.016203703703703703 0.048859126984126984 0.03207671957671958
5 0.6235119047619048 0.023644179894179895 0.019097222222222224 0.04728835978835979
1 0.5969742063492064 0.20734126984126985 0.016617063492063492 0.012566137566137565
5 0.919154265873016 0.041190476190476194 0.023794642857142858 0.0750297619047619
0 0.5696924603174603 0.5071097883597884 0.04513888888888889 0.01521164021164021