3 0.5892857142857143 0.7377645502645502 0.16815476190476192 0.2447089947089947
2 0.39880952380952384 0.47040343915343913 0.14360119047619047 0.2509920634920635
3 0.6728670634920635 0.3857473544973545 0.08705357142857142 0.0992063492063492
5 0.2230902777777778 0.8296957671957672 0.06820436507936507 0.22321428571428573
3 0.5255456349206349 0.32043650793650796 0.05803571428571429 0.06448412698412699
3 0.5267857142857143 0.398478835978836 0.07118055555555555 0.08068783068783068
5 0.777281746031746 0.5476190476190477 0.03844246031746032 0.11673280423280423
3 0.1593501984126984 0.4115410052910053 0.0726686507936508 0.105489417989418
3 0.12648809523809523 0.23544973544973544 0.05803571428571429 0.0539021164021164
3 0.16629464285714285 0.3503637566137566 0.056299603174603176 0.06646825396825397
5 0.7171378968253969 0.4675925925925926 0.0339781746031746 0.09722222222222222
5 0.5079365079365079 0.2222222222222222 0.023065476190476192 0.02976190476190476
3 0.20188492063492064 0.21246693121693122 0.047867063492063495 0.027777777777777776
5 0.4283085317460318 0.23541666666666666 0.024027777777777776 0.03180886243386243
5 0.33990575396825395 0.3244047619047619 0.01984126984126984 0.052248677248677246
5 0.27151785714285714 0.22268518518518518 0.019471726190476192 0.028832671957671956
5 0.6760912698412699 0.22668650793650794 0.023809523809523808 0.03042328042328042
6 0.6866319444444444 0.08994708994708994 0.06473214285714286 0.034722222222222224
3 0.08209325396825397 0.22337962962962962 0.032242063492063495 0.03141534391534392
5 0.5487351190476191 0.2220568783068783 0.022321428571428572 0.026785714285714284
5 0.3787202380952381 0.21941137566137567 0.02058531746031746 0.03306878306878307
2 0.32824900793650796 0.08895502645502645 0.07738095238095238 0.028439153439153438
0 0.6101190476190477 0.8416005291005291 0.03720238095238095 0.012896825396825396
5 0.35190476190476194 0.22304563492063492 0.022259424603174604 0.027781084656084656
1 0.40848214285714285 0.5787037037037037 0.01636904761904762 0.011904761904761904
5 0.3089037698412698 0.2058531746031746 0.01984126984126984 0.027447089947089946
1 0.6915922619047619 0.41617063492063494 0.012648809523809524 0.008597883597883597
5 0.32316468253968256 0.20502645502645503 0.017609126984126984 0.02546296296296296
0 0.1619543650793651 0.44742063492063494 0.017857142857142856 0.008928571428571428
6 0.19858382936507937 0.1911904761904762 0.07177083333333333 0.04449404761904762
6 0.25444692460317464 0.08799933862433863 0.06868551587301587 0.035347222222222224
2 0.06989583333333334 0.17986772486772484 0.12014880952380952 0.055909391534391534
5 0.2789905753968254 0.22029431216931217 0.015520833333333333 0.028769841269841268
5 0.35803075396825396 0.21412037037037038 0.016123511904761904 0.027159391534391533
5 0.3633680555555555 0.20606150793650793 0.016728670634920634 0.02662037037037037
5 0.39035466269841274 0.208614417989418 0.019952876984126986 0.026888227513227513
5 0.43405257936507935 0.22862103174603177 0.01632936507936508 0.03038359788359788
3 0.45227926587301587 0.21734126984126984 0.05117063492063492 0.028769841269841268
5 0.45509920634920636 0.22297949735449735 0.024186507936507937 0.029308862433862434
6 0.4256125992063492 0.19349867724867725 0.03768849206349206 0.03878637566137566
3 0.6536979166666667 0.17925925925925928 0.026440972222222223 0.010254629629629631
3 0.6829265873015873 0.176875 0.03290178571428572 0.01269510582010582
3 0.7271602182539683 0.1799570105820106 0.02365079365079365 0.01560515873015873
3 0.7604910714285714 0.1838558201058201 0.03359871031746032 0.016888227513227515