2 0.13758680555555555 0.5125868055555556 0.2721354166666667 0.2769097222222222
5 0.9518229166666666 0.5805844907407407 0.07703993055555555 0.18431712962962962
6 0.4650607638888889 0.35083912037037035 0.1343315972222222 0.16001157407407407
5 0.5889756944444444 0.4291087962962963 0.06510416666666667 0.14207175925925927
5 0.3582899305555556 0.40827546296296297 0.053168402777777776 0.1328125
5 0.7075737847222222 0.5186631944444444 0.0646701388888889 0.15914351851851852
5 0.7669270833333334 0.47164351851851855 0.062065972222222224 0.15162037037037038
5 0.2546657986111111 0.3450520833333333 0.046223958333333336 0.1177662037037037
2 0.058159722222222224 0.31785300925925924 0.11631944444444445 0.19444444444444445
5 0.19856770833333334 0.2630208333333333 0.03993055555555555 0.09837962962962964
3 0.4794921875 0.9369212962962963 0.46875 0.12586805555555555
1 0.7291666666666666 0.5619212962962963 0.015625 0.01765046296296296
1 0.9764539930555556 0.6102430555555556 0.018446180555555556 0.017939814814814815
1 0.1693793402777778 0.5606192129629629 0.02734375 0.019965277777777776
5 0.5402560763888888 0.3410011574074074 0.03797743055555555 0.11313657407407407
3 0.3407118055555556 0.08579282407407407 0.07530381944444445 0.05005787037037037
3 0.1906467013888889 0.07190393518518519 0.0896267361111111 0.06626157407407407
1 0.03954644097222222 0.3495167824074074 0.0164453125 0.016530671296296297