3 0.3838045634920635 0.37433862433862436 0.14905753968253968 0.2414021164021164
3 0.07465277777777778 0.43468915343915343 0.14930555555555555 0.2261904761904762
2 0.7800099206349206 0.7878637566137566 0.4399801587301587 0.42394179894179895
3 0.27294146825396826 0.23230820105820105 0.10590277777777778 0.12665343915343916
5 0.2230902777777778 0.37351190476190477 0.050347222222222224 0.17427248677248677
5 0.302703373015873 0.6117724867724867 0.1029265873015873 0.24338624338624337
1 0.40218253968253964 0.46286044973544976 0.025344742063492062 0.01892526455026455
1 0.07414434523809524 0.5101752645502645 0.027750496031746032 0.020320767195767198
4 0.9888392857142857 0.02132936507936508 0.021081349206349208 0.042328042328042326
5 0.29699900793650796 0.11210317460317461 0.02628968253968254 0.07275132275132275
4 0.8926686507936508 0.6377116402116403 0.06428819444444443 0.15800925925925927
4 0.9310094246031746 0.652172619047619 0.04337549603174603 0.16833664021164021