3 0.5487351190476191 0.5317460317460317 0.17385912698412698 0.25297619047619047
2 0.45882936507936506 0.11210317460317461 0.10044642857142858 0.1527777777777778
5 0.1814236111111111 0.367228835978836 0.05431547619047619 0.14781746031746032
5 0.027901785714285716 0.4923941798941799 0.05580357142857143 0.17195767195767195
3 0.878968253968254 0.11722883597883597 0.05803571428571429 0.06283068783068783
5 0.4554811507936508 0.3864087301587302 0.043402777777777776 0.14781746031746032
3 0.5766369047619048 0.08779761904761904 0.05431547619047619 0.06944444444444445
3 0.6062748015873016 0.029596560846560847 0.03993055555555555 0.044642857142857144
5 0.7243303571428571 0.20767195767195767 0.025297619047619048 0.0882936507936508
5 0.3697916666666667 0.09556878306878307 0.024553571428571428 0.061507936507936505
5 0.550843253968254 0.028108465608465607 0.015873015873015872 0.04398148148148148
5 0.5241815476190477 0.033234126984126984 0.014384920634920634 0.04431216931216931
0 0.5327728174603175 0.6269312169312169 0.04241071428571429 0.01792989417989418
5 0.8473462301587301 0.07142857142857142 0.016617063492063492 0.05092592592592592
3 0.6540178571428571 0.014715608465608465 0.03149801587301587 0.0291005291005291
5 0.4052579365079365 0.07953042328042328 0.014632936507936508 0.060515873015873016
5 0.43191964285714285 0.04017857142857143 0.015625 0.03439153439153439
5 0.8649553571428571 0.018518518518518517 0.01066468253968254 0.0333994708994709
4 0.055505952380952385 0.23487433862433862 0.029913194444444444 0.10281415343915344