3 0.4189453125 0.4743923611111111 0.17903645833333334 0.23842592592592593
3 0.6069878472222222 0.7099247685185185 0.2649739583333333 0.3654513888888889
6 0.7849392361111112 0.10807291666666667 0.1644965277777778 0.21585648148148148
5 0.047309027777777776 0.5257523148148148 0.07161458333333333 0.23177083333333334
3 0.4713541666666667 0.05164930555555555 0.10091145833333333 0.1032986111111111
5 0.06987847222222222 0.328125 0.05685763888888889 0.1753472222222222
3 0.5896267361111112 0.032552083333333336 0.10047743055555555 0.06510416666666667
5 0.18174913194444445 0.2628761574074074 0.05186631944444445 0.16984953703703703
5 0.3368055555555556 0.3194444444444444 0.05186631944444445 0.1779513888888889
5 0.8779296875 0.30179398148148145 0.050347222222222224 0.17505787037037038
5 0.5100911458333334 0.1495949074074074 0.038628472222222224 0.12876157407407407
5 0.1482204861111111 0.04470486111111111 0.031684027777777776 0.08940972222222222
1 0.5835503472222222 0.8356481481481481 0.044487847222222224 0.03125
2 0.3104318576388889 0.1263454861111111 0.1457834201388889 0.22982349537037036
1 0.32213107638888894 0.20552951388888888 0.021184895833333335 0.014823495370370369
1 0.47879557291666663 0.07710069444444444 0.016059027777777776 0.011863425925925927
1 0.8145616319444444 0.17288773148148148 0.020182291666666668 0.013599537037037037
0 0.4083116319444444 0.5493344907407407 0.046440972222222224 0.016493055555555556
0 0.6051497395833334 0.035355902777777774 0.02350043402777778 0.006773726851851852