3 0.7757161458333334 0.18735532407407407 0.146484375 0.13859953703703703
3 0.5598958333333334 0.22164351851851852 0.16536458333333334 0.17158564814814814
5 0.4321831597222222 0.7536168981481481 0.09613715277777778 0.296875
3 0.8606770833333334 0.05396412037037037 0.11783854166666667 0.10792824074074074
5 0.2935112847222222 0.1478587962962963 0.035807291666666664 0.12586805555555555
5 0.4338107638888889 0.03747106481481482 0.031684027777777776 0.07494212962962964
5 0.7953559027777778 0.40089699074074076 0.056206597222222224 0.11400462962962964
5 0.7667100694444444 0.3548900462962963 0.0646701388888889 0.16608796296296297
1 0.1806640625 0.6618923611111112 0.035590277777777776 0.024305555555555556
2 0.1657986111111111 0.5020254629629629 0.2593315972222222 0.4244791666666667
2 0.7687695312499999 0.7216521990740742 0.3373068576388889 0.5566956018518519
1 0.7676866319444444 0.9641203703703703 0.0546875 0.03153935185185185
5 0.5702039930555556 0.10749421296296297 0.03797743055555555 0.06221064814814815
0 0.8836805555555556 0.07897280092592593 0.021712239583333334 0.008156828703703704
0 0.8026171875 0.23017939814814814 0.029251302083333333 0.010228587962962964
1 0.5867317708333333 0.26590567129629633 0.02181857638888889 0.016377314814814817