3 0.8206380208333334 0.40914351851851855 0.2250434027777778 0.24363425925925927
5 0.046223958333333336 0.8894675925925926 0.09244791666666667 0.22106481481481483
2 0.4114583333333333 0.2092013888888889 0.4181857638888889 0.4184027777777778
5 0.9521484375 0.7633101851851852 0.095703125 0.3353587962962963
5 0.7965494791666666 0.12572337962962962 0.05295138888888889 0.1501736111111111
5 0.8910590277777778 0.13874421296296297 0.053385416666666664 0.15248842592592593
1 0.8624131944444444 0.4888599537037037 0.03537326388888889 0.024305555555555556
5 0.8745659722222222 0.9373553240740741 0.11436631944444445 0.12528935185185186
2 0.3107638888888889 0.4759837962962963 0.3420138888888889 0.6137152777777778
0 0.3237847222222222 0.7371238425925926 0.05381944444444445 0.022569444444444444
1 0.4949001736111111 0.39482060185185186 0.029296875 0.019675925925925927
5 0.5275607638888888 0.02531828703703704 0.047309027777777776 0.05063657407407408