3 0.7234623015873016 0.4591600529100529 0.1453373015873016 0.21593915343915343
3 0.4415922619047619 0.5256283068783069 0.1470734126984127 0.18981481481481483
3 0.43601190476190477 0.31960978835978837 0.11706349206349206 0.13525132275132276
3 0.1552579365079365 0.2843915343915344 0.1314484126984127 0.12764550264550265
5 0.3012152777777778 0.857308201058201 0.08754960317460317 0.2853835978835979
5 0.3333333333333333 0.6559193121693122 0.06324404761904762 0.21064814814814814
3 0.5827132936507936 0.14831349206349206 0.05233134920634921 0.06084656084656084
5 0.2261904761904762 0.4965277777777778 0.05679563492063492 0.16832010582010581
5 0.31101190476190477 0.5173611111111112 0.05828373015873016 0.1736111111111111
5 0.7584325396825397 0.2933201058201058 0.032242063492063495 0.10218253968253968
5 0.6283482142857143 0.33630952380952384 0.03546626984126984 0.1130952380952381
5 0.31138392857142855 0.2908399470899471 0.035962301587301584 0.09755291005291006
5 0.28149801587301587 0.396494708994709 0.051587301587301584 0.12797619047619047
5 0.5303819444444444 0.2595899470899471 0.030257936507936508 0.09490740740740741
3 0.6937003968253969 0.06514550264550265 0.034722222222222224 0.03968253968253968
5 0.22470238095238096 0.33564814814814814 0.0339781746031746 0.11044973544973545
3 0.8927331349206349 0.15244708994708994 0.027777777777777776 0.08134920634920635
3 0.8870287698412699 0.11408730158730158 0.040674603174603176 0.05026455026455026
5 0.3776041666666667 0.1595568783068783 0.0248015873015873 0.062169312169312166
3 0.6803075396825397 0.03191137566137566 0.02703373015873016 0.03373015873015873
5 0.5091765873015873 0.0744047619047619 0.01636904761904762 0.04497354497354497
3 0.3855406746031746 0.043816137566137565 0.03546626984126984 0.03802910052910053
5 0.462921626984127 0.12400793650793651 0.020089285714285716 0.05489417989417989
5 0.34486607142857145 0.1583994708994709 0.025793650793650792 0.06382275132275132
5 0.6310763888888888 0.05935846560846561 0.015128968253968254 0.04332010582010582
5 0.5283978174603174 0.10367063492063493 0.018353174603174604 0.060515873015873016
3 0.8916170634920635 0.04017857142857143 0.036458333333333336 0.03902116402116402
5 0.5705605158730159 0.055224867724867725 0.014136904761904762 0.03968253968253968
5 0.49441964285714285 0.1463293650793651 0.021577380952380952 0.062169312169312166
5 0.4226190476190476 0.0992063492063492 0.018601190476190476 0.052248677248677246
0 0.724578373015873 0.517526455026455 0.03298611111111111 0.012896825396825396
5 0.2564484126984127 0.2691798941798942 0.03149801587301587 0.08862433862433862
5 0.5844494047619048 0.09771825396825397 0.015376984126984126 0.041666666666666664
5 0.6004464285714286 0.08349867724867725 0.01711309523809524 0.05125661375661376
0 0.42646329365079366 0.5851521164021164 0.03521825396825397 0.013888888888888888
0 0.41803075396825395 0.36226851851851855 0.023561507936507936 0.00992063492063492
5 0.25768849206349204 0.3541666666666667 0.033482142857142856 0.11871693121693122
5 0.5466269841269841 0.06233465608465608 0.013888888888888888 0.04298941798941799
5 0.5550595238095238 0.1109457671957672 0.018105158730158732 0.06117724867724868
3 0.6989087301587301 0.01455026455026455 0.02554563492063492 0.028439153439153438
5 0.2571924603174603 0.21643518518518517 0.023561507936507936 0.06084656084656084
5 0.4575892857142857 0.2230489417989418 0.029265873015873016 0.0667989417989418
5 0.7375992063492064 0.043816137566137565 0.012648809523809524 0.03835978835978836
5 0.613343253968254 0.045965608465608467 0.012648809523809524 0.03968253968253968
5 0.6295882936507936 0.025297619047619048 0.014632936507936508 0.03273809523809524
5 0.44060019841269843 0.19659391534391535 0.027777777777777776 0.07506613756613757
0 0.1267361111111111 0.32142857142857145 0.021825396825396824 0.008928571428571428
5 0.7090773809523809 0.03902116402116402 0.011904761904761904 0.03306878306878307
5 0.6484375 0.01703042328042328 0.010912698412698412 0.03207671957671958
5 0.4270833333333333 0.23726851851851852 0.028521825396825396 0.04133597883597884
5 0.8874007936507936 0.06564153439153439 0.014136904761904762 0.040013227513227514
5 0.49813988095238093 0.12103174603174603 0.021081349206349208 0.05291005291005291