6 0.5646081349206349 0.5124007936507936 0.2601686507936508 0.6087962962962963
3 0.4000496031746032 0.2873677248677249 0.07911706349206349 0.11276455026455026
3 0.8221726190476191 0.19212962962962962 0.08680555555555555 0.06911375661375661
3 0.3732638888888889 0.16220238095238096 0.04935515873015873 0.06183862433862434
3 0.44742063492063494 0.1648478835978836 0.05257936507936508 0.07142857142857142
3 0.2914186507936508 0.16435185185185186 0.05580357142857143 0.06911375661375661
5 0.023065476190476192 0.33134920634920634 0.046130952380952384 0.10945767195767196
3 0.806671626984127 0.09408068783068783 0.04836309523809524 0.036375661375661374
5 0.1896081349206349 0.26256613756613756 0.027529761904761904 0.08134920634920635
5 0.8363095238095238 0.2524801587301587 0.04017857142857143 0.08796296296296297
5 0.3332093253968254 0.2013888888888889 0.023065476190476192 0.0710978835978836
5 0.5293898809523809 0.15079365079365079 0.017857142857142856 0.056216931216931214
5 0.7321428571428571 0.1259920634920635 0.016617063492063492 0.04265873015873016
1 0.5615079365079365 0.763558201058201 0.029265873015873016 0.01951058201058201
5 0.23673115079365079 0.1488095238095238 0.03125 0.050595238095238096
3 0.6032986111111112 0.0496031746031746 0.026537698412698412 0.025793650793650792
5 0.9391121031746031 0.21362433862433863 0.033234126984126984 0.06911375661375661
5 0.49689980158730157 0.07903439153439154 0.012896825396825396 0.04034391534391534
5 0.3005952380952381 0.19642857142857142 0.023313492063492064 0.06580687830687831
5 0.9894146825396826 0.23046957671957674 0.02116815476190476 0.055922619047619054
5 0.43799603174603174 0.08994708994708994 0.014136904761904762 0.04034391534391534
5 0.3489583333333333 0.07258597883597884 0.012896825396825396 0.03505291005291005
2 0.36495535714285715 0.018187830687830687 0.028025793650793652 0.036044973544973546
5 0.6098710317460317 0.09821428571428571 0.013392857142857142 0.041666666666666664
5 0.7496279761904762 0.09176587301587301 0.013640873015873016 0.03835978835978836
5 0.47606646825396826 0.0873015873015873 0.012896825396825396 0.04133597883597884
5 0.7230902777777778 0.07390873015873016 0.014136904761904762 0.03505291005291005
5 0.8456547619047619 0.14916997354497355 0.019188988095238096 0.03135251322751323
5 0.6299603174603174 0.07771164021164022 0.011160714285714286 0.03736772486772487
5 0.30654761904761907 0.07275132275132275 0.014384920634920634 0.03571428571428571
6 0.4307911706349207 0.03568121693121693 0.023784722222222224 0.0457010582010582
1 0.39605406746031746 0.3233763227513227 0.013199404761904761 0.009811507936507938
5 0.5856894841269841 0.07390873015873016 0.014632936507936508 0.03670634920634921
5 0.6042906746031746 0.08002645502645503 0.01240079365079365 0.034722222222222224
5 0.08680555555555555 0.22123015873015872 0.06125992063492063 0.06547619047619048
5 0.9065252976190477 0.11404100529100529 0.025002480158730158 0.029947089947089948
4 0.8912723214285715 0.10457010582010583 0.010101686507936507 0.03916666666666667
4 0.8765848214285714 0.11138227513227512 0.011145833333333332 0.021828703703703704
4 0.8563839285714285 0.08963293650793651 0.011378968253968254 0.039322089947089946
5 0.8530704365079365 0.13395502645502644 0.009508928571428573 0.032959656084656085
3 0.5904389880952381 0.027410714285714285 0.017189980158730158 0.01964616402116402
5 0.6030505952380952 0.011752645502645502 0.005252976190476191 0.015823412698412698
5 0.6219469246031746 0.019384920634920633 0.006356646825396825 0.018584656084656086
5 0.6307043650793651 0.026005291005291007 0.007323908730158731 0.020423280423280423
0 0.4485218253968254 0.1889583333333333 0.012547123015873017 0.004272486772486772
1 0.37021081349206353 0.17953042328042326 0.008757440476190476 0.006742724867724868