3 0.576171875 0.7420428240740741 0.1877170138888889 0.20717592592592593
3 0.23697916666666666 0.5826099537037037 0.11436631944444445 0.1339699074074074
2 0.4962022569444444 0.3285590277777778 0.1189236111111111 0.16608796296296297
3 0.4089626736111111 0.4308449074074074 0.0881076388888889 0.0920138888888889
3 0.2541232638888889 0.43648726851851855 0.09114583333333333 0.1189236111111111
5 0.6570095486111112 0.5568576388888888 0.03993055555555555 0.11834490740740741
5 0.5426432291666666 0.5053530092592593 0.037109375 0.11805555555555555
3 0.3590494791666667 0.28891782407407407 0.04904513888888889 0.0625
3 0.4106987847222222 0.2387152777777778 0.03732638888888889 0.04224537037037037
3 0.3143446180555556 0.33174189814814814 0.05490451388888889 0.0642361111111111
5 0.4241536458333333 0.49710648148148145 0.031684027777777776 0.10792824074074074
3 0.2774522569444444 0.37905092592592593 0.061848958333333336 0.07783564814814815
3 0.5220269097222222 0.2199074074074074 0.030598958333333332 0.03443287037037037
1 0.6018880208333334 0.7601273148148148 0.029079861111111112 0.02141203703703704
5 0.4175347222222222 0.3237847222222222 0.01953125 0.0630787037037037
5 0.4014756944444444 0.26548032407407407 0.016276041666666668 0.050347222222222224
3 0.4443359375 0.18127893518518517 0.027126736111111112 0.02806712962962963
5 0.4299045138888889 0.29542824074074076 0.01953125 0.058159722222222224
5 0.9621310763888888 0.37094907407407407 0.061848958333333336 0.08072916666666667
5 0.9557291666666666 0.9762731481481481 0.08854166666666667 0.047453703703703706