2 0.2958829365079365 0.46312830687830686 0.32316468253968256 0.40575396825396826
5 0.8781001984126984 0.6942791005291006 0.08234126984126984 0.2275132275132275
5 0.6989087301587301 0.19444444444444445 0.062003968253968256 0.08597883597883597
5 0.7428075396825397 0.4599867724867725 0.047867063492063495 0.15476190476190477
3 0.22197420634920634 0.267526455026455 0.09250992063492064 0.1359126984126984
5 0.4930555555555556 0.19229497354497355 0.02628968253968254 0.08267195767195767
5 0.33444940476190477 0.20122354497354497 0.026041666666666668 0.08630952380952381
3 0.24193948412698413 0.18700396825396826 0.07043650793650794 0.08366402116402116
3 0.15873015873015872 0.02066798941798942 0.04241071428571429 0.03968253968253968
5 0.6149553571428571 0.027447089947089946 0.024553571428571428 0.04794973544973545
5 0.7126736111111112 0.05042989417989418 0.016121031746031748 0.051587301587301584
3 0.21217757936507936 0.036044973544973546 0.06845238095238096 0.07175925925925926
5 0.5251736111111112 0.029927248677248677 0.01636904761904762 0.055224867724867725
5 0.5874255952380952 0.0744047619047619 0.018601190476190476 0.06812169312169312
5 0.5766369047619048 0.028935185185185185 0.015625 0.0496031746031746
1 0.24156746031746032 0.6486441798941799 0.02554563492063492 0.01951058201058201