3 0.8552517361111112 0.6568287037037037 0.2593315972222222 0.3177083333333333
5 0.5091145833333334 0.7248263888888888 0.09526909722222222 0.28703703703703703
3 0.8420138888888888 0.18880208333333334 0.09830729166666667 0.11574074074074074
5 0.5260416666666666 0.4466145833333333 0.0842013888888889 0.19618055555555555
5 0.8067491319444444 0.4163773148148148 0.061197916666666664 0.18373842592592593
5 0.04014756944444445 0.37254050925925924 0.0802951388888889 0.17505787037037038
5 0.03993055555555555 0.8650173611111112 0.0798611111111111 0.2699652777777778
5 0.6624348958333334 0.2113715277777778 0.04014756944444445 0.11921296296296297
5 0.4839409722222222 0.37745949074074076 0.06553819444444445 0.17158564814814814
5 0.08064887152777778 0.21841724537037038 0.08837890625 0.08428530092592593
5 0.9172092013888888 0.13758680555555555 0.035590277777777776 0.09895833333333333
5 0.7439236111111112 0.1574074074074074 0.03233506944444445 0.09953703703703703
1 0.8031684027777778 0.7523148148148148 0.035590277777777776 0.028356481481481483
1 0.8346354166666666 0.21961805555555555 0.016927083333333332 0.013020833333333334
5 0.7515776909722223 0.11250868055555555 0.05806640625 0.0808275462962963
5 0.22988281249999998 0.20712384259259262 0.06297092013888889 0.08244502314814815
4 0.2790082465277778 0.23468750000000002 0.04134765625 0.10520543981481481
4 0.45028211805555557 0.18714409722222222 0.04628038194444444 0.08598379629629631
4 0.4783550347222223 0.15199074074074073 0.022760416666666665 0.047039930555555554
4 0.5007356770833333 0.16994791666666667 0.02427734375 0.06474247685185185
4 0.5599131944444444 0.16463541666666667 0.038693576388888894 0.058165509259259264