3 0.5343501984126984 0.5198412698412699 0.16245039682539683 0.2371031746031746
3 0.8387896825396826 0.8042328042328042 0.21899801587301587 0.34325396825396826
5 0.20300099206349206 0.5753968253968254 0.07514880952380952 0.22354497354497355
3 0.3767361111111111 0.11044973544973545 0.09598214285714286 0.08035714285714286
5 0.3488343253968254 0.5667989417989417 0.05505952380952381 0.19477513227513227
5 0.4515128968253968 0.382771164021164 0.048859126984126984 0.13657407407407407
5 0.6893601190476191 0.37450396825396826 0.03720238095238095 0.13326719576719576
5 0.2275545634920635 0.3773148148148148 0.04662698412698413 0.1345899470899471
3 0.8902529761904762 0.050595238095238096 0.04365079365079365 0.04365079365079365
3 0.4334077380952381 0.041005291005291 0.042162698412698416 0.04431216931216931
5 0.7537202380952381 0.3619378306878307 0.037450396825396824 0.13095238095238096
5 0.7797619047619048 0.28951719576719576 0.03521825396825397 0.11078042328042328
5 0.5173611111111112 0.20899470899470898 0.026785714285714284 0.09027777777777778
1 0.35853174603174603 0.614186507936508 0.018653273809523807 0.017724867724867727
5 0.33978174603174605 0.19957010582010581 0.029265873015873016 0.09126984126984126
5 0.6536458333333334 0.082010582010582 0.017361111111111112 0.05555555555555555
1 0.8454861111111112 0.9351851851851852 0.04117063492063492 0.028108465608465607
5 0.5796130952380952 0.050595238095238096 0.018601190476190476 0.056216931216931214
5 0.5949900793650794 0.013227513227513227 0.019593253968253968 0.026455026455026454
5 0.6319444444444444 0.01207010582010582 0.012896825396825396 0.02414021164021164
5 0.8948412698412699 0.013723544973544973 0.011904761904761904 0.027447089947089946
5 0.558531746031746 0.03819444444444445 0.014136904761904762 0.045965608465608467
0 0.5295138888888888 0.6043320105820106 0.040426587301587304 0.012896825396825396
4 0.04873511904761905 0.24421296296296297 0.02703373015873016 0.10218253968253968
4 0.007068452380952381 0.23991402116402116 0.014136904761904762 0.06944444444444445
5 0.46391369047619047 0.01521164021164021 0.012648809523809524 0.03042328042328042
5 0.5674603174603174 0.015046296296296295 0.014632936507936508 0.03009259259259259
4 0.15139632936507935 0.17503306878306876 0.01836309523809524 0.05834325396825397
4 0.26928323412698413 0.09589285714285715 0.014273313492063492 0.05124007936507936
4 0.2882242063492063 0.10760251322751323 0.016470734126984125 0.057827380952380956