3 0.6721230158730159 0.3187830687830688 0.10143849206349206 0.12698412698412698
5 0.13802083333333334 0.8920304232804233 0.11036706349206349 0.2156084656084656
5 0.3678075396825397 0.5952380952380952 0.057291666666666664 0.21031746031746032
3 0.5146329365079365 0.2728174603174603 0.08556547619047619 0.11078042328042328
3 0.5147569444444444 0.1712962962962963 0.0689484126984127 0.07539682539682539
3 0.6183035714285714 0.17840608465608465 0.07142857142857142 0.09060846560846561
5 0.2798859126984127 0.44923941798941797 0.044890873015873016 0.15773809523809523
5 0.36693948412698413 0.26703042328042326 0.03149801587301587 0.0992063492063492
2 0.4046378968253968 0.06613756613756613 0.09598214285714286 0.13227513227513227
5 0.6908482142857143 0.2197420634920635 0.026537698412698412 0.07705026455026455
5 0.4069940476190476 0.16947751322751323 0.025793650793650792 0.07605820105820106
5 0.4663938492063492 0.14930555555555555 0.02132936507936508 0.06712962962962964
5 0.574156746031746 0.2113095238095238 0.025049603174603176 0.08333333333333333
5 0.5808531746031746 0.08250661375661375 0.017857142857142856 0.05092592592592592
5 0.6778273809523809 0.1390542328042328 0.020833333333333332 0.06547619047619048
5 0.49776785714285715 0.11259920634920635 0.020089285714285716 0.0539021164021164
5 0.5471230158730159 0.0798611111111111 0.016617063492063492 0.05092592592592592
5 0.6656746031746031 0.09722222222222222 0.018601190476190476 0.05555555555555555
5 0.7033730158730159 0.1669973544973545 0.022569444444444444 0.07275132275132275
5 0.5780009920634921 0.1531084656084656 0.02132936507936508 0.0625
5 0.5228174603174603 0.1078042328042328 0.016865079365079364 0.05125661375661376
0 0.6696428571428571 0.35813492063492064 0.025793650793650792 0.009259259259259259
5 0.5565476190476191 0.1345899470899471 0.018105158730158732 0.057539682539682536
5 0.5221974206349206 0.05472883597883598 0.014384920634920634 0.044642857142857144
5 0.6799355158730159 0.04282407407407408 0.014632936507936508 0.03968253968253968
5 0.5076884920634921 0.031580687830687834 0.01240079365079365 0.03869047619047619
5 0.5629960317460317 0.10102513227513228 0.018105158730158732 0.05125661375661376
4 0.8268849206349206 0.9515542328042328 0.0920138888888889 0.09623015873015874
5 0.6070188492063492 0.037533068783068786 0.013392857142857142 0.04133597883597884
5 0.7121775793650794 0.13012566137566137 0.017857142857142856 0.0582010582010582
1 0.5135168650793651 0.3029100529100529 0.015625 0.012566137566137565
5 0.5013640873015873 0.07721560846560846 0.020089285714285716 0.04861111111111111
5 0.5270337301587301 0.02066798941798942 0.013640873015873016 0.035383597883597885
5 0.5627480158730159 0.016203703703703703 0.013888888888888888 0.032407407407407406
5 0.6338045634920635 0.12880291005291006 0.023065476190476192 0.03571428571428571
5 0.5493551587301587 0.039186507936507936 0.013640873015873016 0.03968253968253968
4 0.33716765873015875 0.12627645502645504 0.015848214285714285 0.06509920634920635
5 0.40384920634920635 0.11220568783068784 0.04079365079365079 0.056808862433862434
4 0.3755952380952381 0.1087797619047619 0.015711805555555555 0.05962632275132275