3 0.11780753968253968 0.6570767195767195 0.17237103174603174 0.23544973544973544
3 0.4020337301587302 0.40575396825396826 0.08506944444444445 0.105489417989418
3 0.886656746031746 0.23859126984126985 0.06076388888888889 0.06746031746031746
5 0.6493055555555556 0.5411706349206349 0.042162698412698416 0.14252645502645503
3 0.9437003968253969 0.2748015873015873 0.060267857142857144 0.06415343915343916
5 0.8580109126984127 0.5143849206349206 0.043154761904761904 0.13657407407407407
6 0.6501736111111112 0.18683862433862433 0.06225198412698413 0.1173941798941799
2 0.5806051587301587 0.1111111111111111 0.048859126984126984 0.050595238095238096
5 0.7690972222222222 0.3629298941798942 0.030009920634920636 0.09358465608465609
5 0.3890128968253968 0.3072089947089947 0.022817460317460316 0.06911375661375661
3 0.5473710317460317 0.1841931216931217 0.03273809523809524 0.037698412698412696
5 0.5647321428571429 0.3237433862433862 0.023809523809523808 0.083994708994709
5 0.6016865079365079 0.3148148148148148 0.02628968253968254 0.07572751322751323
3 0.9151785714285714 0.17939814814814814 0.03422619047619048 0.036044973544973546
5 0.6812996031746031 0.2614087301587302 0.018353174603174604 0.06349206349206349
5 0.6419890873015873 0.3039021164021164 0.021081349206349208 0.07275132275132275
3 0.5080605158730159 0.13310185185185186 0.028273809523809524 0.028439153439153438
3 0.9389880952380952 0.21626984126984128 0.057787698412698416 0.05720899470899471
5 0.4765625 0.2099867724867725 0.015376984126984126 0.04794973544973545
5 0.2867063492063492 0.3716931216931217 0.03125 0.08465608465608465
5 0.6546378968253969 0.26322751322751325 0.019593253968253968 0.0625
5 0.4554811507936508 0.21081349206349206 0.016121031746031748 0.04662698412698413
5 0.39967757936507936 0.22387566137566137 0.016617063492063492 0.05125661375661376
3 0.5437748015873016 0.25462962962962965 0.037450396825396824 0.07671957671957672
0 0.08668154761904762 0.7374338624338624 0.03869047619047619 0.013227513227513227
5 0.44208829365079366 0.1984126984126984 0.014136904761904762 0.04398148148148148
3 0.6059027777777778 0.18039021164021163 0.033482142857142856 0.045304232804232805
3 0.9286954365079365 0.13723544973544974 0.031001984126984128 0.031746031746031744
4 0.33122519841269843 0.26703042328042326 0.016865079365079364 0.06779100529100529
5 0.5389384920634921 0.20089285714285715 0.019345238095238096 0.034722222222222224
4 0.285047123015873 0.2538392857142857 0.014154265873015872 0.05537698412698413