3 0.5514322916666666 0.13049768518518517 0.1362847222222222 0.1545138888888889
3 0.3049045138888889 0.12384259259259259 0.12456597222222222 0.15769675925925927
6 0.509765625 0.6853298611111112 0.3841145833333333 0.6273148148148148
5 0.8031684027777778 0.5199652777777778 0.0818142361111111 0.25636574074074076
5 0.07769097222222222 0.39525462962962965 0.0627170138888889 0.21614583333333334
5 0.3573133680555556 0.32798032407407407 0.0627170138888889 0.2037037037037037
5 0.9739583333333334 0.2699652777777778 0.05186631944444445 0.1970486111111111
5 0.7253689236111112 0.12152777777777778 0.050347222222222224 0.15711805555555555
5 0.5606553819444444 0.2136863425925926 0.047526041666666664 0.16927083333333334
5 0.6993272569444444 0.054253472222222224 0.04665798611111111 0.10850694444444445
5 0.3636067708333333 0.024450231481481483 0.03146701388888889 0.048900462962962965
1 0.3111979166666667 0.17288773148148148 0.022135416666666668 0.014178240740740741
4 0.3245746527777778 0.031953125 0.03731553819444444 0.05447048611111111