3 0.45200892857142855 0.791005291005291 0.12698412698412698 0.24305555555555555
6 0.3695436507936508 0.48131613756613756 0.19642857142857142 0.24636243386243387
2 0.8478422619047619 0.4298941798941799 0.09399801587301587 0.09226190476190477
3 0.6201636904761905 0.5486111111111112 0.05803571428571429 0.08697089947089948
6 0.5287698412698413 0.4021164021164021 0.03670634920634921 0.06977513227513228
5 0.8844246031746031 0.5405092592592593 0.027281746031746032 0.06481481481481481
3 0.5822172619047619 0.39732142857142855 0.022321428571428572 0.027777777777777776
5 0.23276289682539683 0.5163690476190477 0.035962301587301584 0.06712962962962964
3 0.9592013888888888 0.5482804232804233 0.08159722222222222 0.08101851851851852
5 0.7693452380952381 0.4894179894179894 0.019593253968253968 0.045304232804232805
5 0.9600694444444444 0.5795304232804233 0.04563492063492063 0.0701058201058201
3 0.7797619047619048 0.4039351851851852 0.037450396825396824 0.03141534391534392
5 0.8363095238095238 0.513558201058201 0.023809523809523808 0.06084656084656084
6 0.7186259920634921 0.4088955026455027 0.02976190476190476 0.06646825396825397
5 0.7316468253968254 0.45287698412698413 0.01488095238095238 0.04365079365079365
5 0.9386160714285714 0.48478835978835977 0.019345238095238096 0.04563492063492063
5 0.9203869047619048 0.4677579365079365 0.01984126984126984 0.042328042328042326
5 0.49589285714285714 0.3975992063492063 0.01025049603174603 0.02953042328042328
5 0.48921130952380953 0.4351851851851852 0.014632936507936508 0.04365079365079365
5 0.9636656746031746 0.45171957671957674 0.034722222222222224 0.03406084656084656
1 0.3102405753968254 0.5947222222222223 0.011845238095238094 0.00980489417989418
5 0.4836309523809524 0.4150132275132275 0.011904761904761904 0.03141534391534392
1 0.43539186507936506 0.8882275132275133 0.023313492063492064 0.015542328042328041
2 0.49988095238095237 0.3455026455026455 0.03009424603174603 0.039755291005291
5 0.49924603174603177 0.3814814814814815 0.007958829365079367 0.021574074074074072
3 0.558938492063492 0.33988425925925925 0.01282986111111111 0.015737433862433862
3 0.5689980158730158 0.3366005291005291 0.009955357142857143 0.012728174603174604