3 0.14484126984126985 0.4054232804232804 0.12227182539682539 0.11904761904761904
3 0.04575892857142857 0.8521825396825397 0.09151785714285714 0.29464285714285715
6 0.482390873015873 0.3955026455026455 0.11706349206349206 0.19973544973544974
2 0.41220238095238093 0.31283068783068785 0.12921626984126985 0.17824074074074073
6 0.5708085317460317 0.3002645502645503 0.06870039682539683 0.12235449735449735
5 0.24094742063492064 0.398478835978836 0.029265873015873016 0.08928571428571429
3 0.030753968253968252 0.5196759259259259 0.061507936507936505 0.144510582010582
3 0.8247767857142857 0.27033730158730157 0.03794642857142857 0.05919312169312169
5 0.9868551587301587 0.45072751322751325 0.02628968253968254 0.10747354497354497
5 0.31200396825396826 0.34755291005291006 0.02554563492063492 0.07539682539682539
5 0.6734871031746031 0.31283068783068785 0.023313492063492064 0.06779100529100529
3 0.6736111111111112 0.16782407407407407 0.02628968253968254 0.03042328042328042
2 0.6460813492063492 0.25479497354497355 0.05555555555555555 0.08564814814814815
5 0.5416666666666666 0.21114417989417988 0.014136904761904762 0.03968253968253968
5 0.5178571428571429 0.18683862433862433 0.012896825396825396 0.03902116402116402
3 0.6408730158730159 0.14054232804232805 0.02132936507936508 0.022486772486772486
5 0.5184771825396826 0.2294973544973545 0.014384920634920634 0.042328042328042326
5 0.5700644841269841 0.20304232804232805 0.013640873015873016 0.03968253968253968
3 0.5935019841269841 0.2371031746031746 0.036458333333333336 0.04728835978835979
5 0.5854414682539683 0.19229497354497355 0.011408730158730158 0.03835978835978836
5 0.5271577380952381 0.25 0.015625 0.04828042328042328
5 0.4817708333333333 0.279265873015873 0.02132936507936508 0.04034391534391534
0 0.11780753968253968 0.44031084656084657 0.02058531746031746 0.008267195767195767
5 0.9899553571428571 0.2425595238095238 0.01636904761904762 0.046957671957671955
5 0.5288938492063492 0.17625661375661375 0.01314484126984127 0.035383597883597885
3 0.35974702380952384 0.18154761904761904 0.03273809523809524 0.03571428571428571
3 0.5754563492063491 0.1619973544973545 0.026163194444444444 0.02662367724867725
1 0.4632936507936508 0.4712301587301587 0.015376984126984126 0.011574074074074073
5 0.6324404761904762 0.18336640211640212 0.010416666666666666 0.0333994708994709
5 0.5536954365079365 0.22900132275132276 0.014632936507936508 0.02546296296296296
3 0.6608382936507936 0.15327380952380953 0.0248015873015873 0.028769841269841268
5 0.6183035714285714 0.17427248677248677 0.010168650793650794 0.031084656084656083
5 0.32800099206349204 0.28505291005291006 0.022321428571428572 0.05853174603174603
5 0.5462549603174603 0.18336640211640212 0.010912698412698412 0.030753968253968252
5 0.5002480158730159 0.20238095238095238 0.012896825396825396 0.03869047619047619
5 0.6072668650793651 0.17294973544973544 0.010168650793650794 0.031084656084656083
5 0.5631969246031746 0.19196759259259258 0.011455853174603174 0.03433862433862434
4 0.2649826388888889 0.25655092592592593 0.01623015873015873 0.05259259259259259