6 0.16567460317460317 0.39037698412698413 0.25967261904761907 0.36474867724867727
3 0.08209325396825397 0.7885251322751323 0.16418650793650794 0.42162698412698413
5 0.6107390873015873 0.29894179894179895 0.034722222222222224 0.12268518518518519
5 0.6834077380952381 0.5634920634920635 0.058779761904761904 0.19444444444444445
5 0.3800843253968254 0.7038690476190477 0.07316468253968254 0.24239417989417988
5 0.3629712301587302 0.8979828042328042 0.10540674603174603 0.20403439153439154
5 0.6825396825396826 0.781084656084656 0.0726686507936508 0.267526455026455
3 0.7223462301587301 0.10896164021164022 0.05853174603174603 0.0744047619047619
5 0.44853670634920634 0.5691137566137566 0.061755952380952384 0.20965608465608465
5 0.4425843253968254 0.4366732804232804 0.049107142857142856 0.1412037037037037
5 0.9025297619047619 0.45205026455026454 0.053075396825396824 0.16104497354497355
3 0.7033730158730159 0.05241402116402116 0.040426587301587304 0.05191798941798942
3 0.5745287698412699 0.05539021164021164 0.0441468253968254 0.0496031746031746
5 0.5137648809523809 0.22701719576719576 0.030753968253968252 0.103505291005291
5 0.5313740079365079 0.15889550264550265 0.02554563492063492 0.07837301587301587
5 0.7593005952380952 0.18138227513227514 0.0248015873015873 0.08465608465608465
3 0.6163194444444444 0.02166005291005291 0.035962301587301584 0.042328042328042326
5 0.4288194444444444 0.14715608465608465 0.0248015873015873 0.07572751322751323
5 0.3959573412698413 0.2318121693121693 0.033234126984126984 0.09953703703703703
5 0.6586061507936508 0.15575396825396826 0.025297619047619048 0.07473544973544974
4 0.036210317460317464 0.2673611111111111 0.02554563492063492 0.08300264550264551
5 0.6104910714285714 0.11937830687830688 0.02132936507936508 0.06977513227513228
2 0.5235615079365079 0.028273809523809524 0.057539682539682536 0.056216931216931214
5 0.6457093253968254 0.05638227513227513 0.016865079365079364 0.05257936507936508
5 0.9363839285714286 0.03654100529100529 0.018353174603174604 0.046957671957671955
5 0.5928819444444444 0.09391534391534391 0.02058531746031746 0.061507936507936505
5 0.3396577380952381 0.17113095238095238 0.029017857142857144 0.07771164021164022
5 0.9247271825396826 0.01455026455026455 0.014136904761904762 0.0291005291005291
0 0.10900297619047619 0.542989417989418 0.03521825396825397 0.013558201058201057
3 0.34325396825396826 0.30456349206349204 0.10615079365079365 0.16732804232804233
5 0.30282738095238093 0.11970899470899471 0.040674603174603176 0.060515873015873016
5 0.580109126984127 0.01636904761904762 0.022817460317460316 0.03273809523809524
0 0.30776289682539687 0.3606216931216931 0.027180059523809523 0.009718915343915344
5 0.6369047619047619 0.036044973544973546 0.015376984126984126 0.04828042328042328