3 0.5391865079365079 0.6901455026455027 0.15178571428571427 0.19345238095238096
3 0.14831349206349206 0.8673941798941799 0.2757936507936508 0.26521164021164023
3 0.5213293650793651 0.9019510582010583 0.20461309523809523 0.1960978835978836
3 0.3462301587301587 0.6150793650793651 0.13988095238095238 0.19940476190476192
3 0.09647817460317461 0.5763888888888888 0.15625 0.17195767195767195
3 0.3838045634920635 0.48561507936507936 0.10441468253968254 0.1283068783068783
6 0.44134424603174605 0.3263888888888889 0.08209325396825397 0.15211640211640212
3 0.5514632936507936 0.265707671957672 0.038938492063492064 0.04497354497354497
5 0.08494543650793651 0.7392526455026455 0.05828373015873016 0.18353174603174602
5 0.5657242063492064 0.5052910052910053 0.03571428571428571 0.11607142857142858
5 0.1739831349206349 0.4642857142857143 0.03125 0.10052910052910052
5 0.24503968253968253 0.44576719576719576 0.029017857142857144 0.09854497354497355
5 0.018725198412698412 0.42294973544973546 0.037450396825396824 0.08234126984126984
5 0.28137400793650796 0.3525132275132275 0.022569444444444444 0.07142857142857142
3 0.39186507936507936 0.32076719576719576 0.02554563492063492 0.06018518518518518
3 0.6232638888888888 0.21081349206349206 0.031746031746031744 0.034722222222222224
5 0.08779761904761904 0.45171957671957674 0.03670634920634921 0.08432539682539683
5 0.5202132936507936 0.34854497354497355 0.022321428571428572 0.0701058201058201
5 0.33556547619047616 0.3492063492063492 0.020833333333333332 0.06613756613756613
5 0.3722718253968254 0.2976190476190476 0.018105158730158732 0.0539021164021164
5 0.7862103174603174 0.31712962962962965 0.019593253968253968 0.06613756613756613
5 0.3226686507936508 0.31646825396825395 0.018353174603174604 0.05588624338624339
0 0.5315376984126984 0.7594775132275132 0.039357638888888886 0.013303571428571427
0 0.06820436507936507 0.6233796296296296 0.03273809523809524 0.009778439153439154
5 0.33903769841269843 0.2974537037037037 0.020337301587301588 0.055224867724867725
3 0.01103670634920635 0.49950396825396826 0.0220734126984127 0.1412037037037037
0 0.3312847222222222 0.6808498677248677 0.03318452380952381 0.011749338624338624
3 0.5626240079365079 0.1841931216931217 0.028025793650793652 0.026455026455026454
5 0.6153273809523809 0.238260582010582 0.015376984126984126 0.046296296296296294
5 0.36867559523809523 0.2665343915343915 0.01636904761904762 0.04365079365079365
5 0.8113839285714286 0.3664021164021164 0.019593253968253968 0.08068783068783068
3 0.23722718253968253 0.32837301587301587 0.07242063492063493 0.08333333333333333
5 0.4573412698412698 0.21031746031746032 0.012648809523809524 0.037037037037037035
5 0.5711805555555556 0.207010582010582 0.011408730158730158 0.036044973544973546
5 0.5421626984126984 0.2218915343915344 0.01314484126984127 0.042328042328042326
5 0.49888392857142855 0.20238095238095238 0.012896825396825396 0.040674603174603176
5 0.41021825396825395 0.2465277777777778 0.014384920634920634 0.03571428571428571