5 0.7699652777777778 0.4007523148148148 0.06640625 0.17418981481481483
5 0.6480034722222222 0.7614293981481481 0.1384548611111111 0.26938657407407407
5 0.517578125 0.47583912037037035 0.08875868055555555 0.1863425925925926
5 0.9099392361111112 0.48148148148148145 0.083984375 0.19820601851851852
5 0.1667751736111111 0.47410300925925924 0.08702256944444445 0.18721064814814814
5 0.3371310763888889 0.30873842592592593 0.05946180555555555 0.1484375
5 0.6888020833333334 0.11921296296296297 0.0818142361111111 0.10185185185185185
5 0.2509765625 0.33000578703703703 0.06163194444444445 0.15480324074074073
5 0.6141493055555556 0.16304976851851852 0.035590277777777776 0.11921296296296297
5 0.4288194444444444 0.22265625 0.06293402777777778 0.125
5 0.4498697916666667 0.04050925925925926 0.06749131944444445 0.07696759259259259
5 0.2973090277777778 0.20949074074074073 0.04513888888888889 0.12471064814814815
5 0.15614149305555555 0.21672453703703703 0.055338541666666664 0.12239583333333333
5 0.6996527777777778 0.1753472222222222 0.03233506944444445 0.10532407407407407
5 0.0984157986111111 0.2488425925925926 0.04600694444444445 0.13541666666666666
5 0.3802083333333333 0.18098958333333334 0.048177083333333336 0.11516203703703703
5 0.2915581597222222 0.6399016203703703 0.1560329861111111 0.2349537037037037
5 0.5083550347222222 0.18663194444444445 0.03537326388888889 0.11574074074074074
5 0.015842013888888888 0.2494212962962963 0.03146701388888889 0.1400462962962963
1 0.7897113715277777 0.4515335648148148 0.016056857638888887 0.01765335648148148
1 0.5485373263888889 0.5045949074074074 0.01808159722222222 0.01650462962962963
5 0.052191840277777776 0.21629050925925927 0.049479166666666664 0.11284722222222222
5 0.12163628472222222 0.1763599537037037 0.036458333333333336 0.109375
1 0.9377170138888888 0.5180844907407407 0.020401475694444445 0.017939814814814815
1 0.021484375 0.2777777777777778 0.013020833333333334 0.01273148148148148
5 0.5269097222222222 0.14453125 0.057291666666666664 0.10908564814814815
1 0.6994357638888888 0.8111979166666666 0.025390625 0.027199074074074073
5 0.2511935763888889 0.23017939814814814 0.04578993055555555 0.11631944444444445
5 0.3264973958333333 0.16608796296296297 0.040581597222222224 0.10677083333333333
1 0.1032986111111111 0.27734375 0.013671875 0.013310185185185185
1 0.19889322916666666 0.5086805555555556 0.017578125 0.01880787037037037
5 0.2299262152777778 0.20081018518518517 0.038628472222222224 0.12297453703703703
1 0.3553949652777778 0.35114872685185183 0.014279513888888888 0.014241898148148148
5 0.21516927083333334 0.1529224537037037 0.038628472222222224 0.10821759259259259
5 0.1831597222222222 0.20341435185185186 0.04275173611111111 0.12876157407407407
5 0.4360894097222222 0.15248842592592593 0.04709201388888889 0.0853587962962963
5 0.4715711805555556 0.1589988425925926 0.046875 0.10243055555555555
1 0.7024544270833333 0.19165509259259259 0.01171875 0.011284722222222222
5 0.341796875 0.14988425925925927 0.035807291666666664 0.11342592592592593
1 0.4529947916666667 0.24571180555555555 0.012762586805555556 0.012543402777777778
5 0.3677300347222222 0.1467013888888889 0.03819444444444445 0.11140046296296297
1 0.27154513888888887 0.36507812500000003 0.01423828125 0.01410300925925926
1 0.3405056423611111 0.18300925925925926 0.012430555555555556 0.012144097222222221
1 0.3049001736111111 0.23033564814814814 0.012927517361111111 0.01148726851851852
5 0.09526909722222222 0.16160300925925927 0.028862847222222224 0.06886574074074074
1 0.4596137152777778 0.1873871527777778 0.011243489583333334 0.011640625
1 0.35407118055555553 0.17448784722222221 0.011080729166666668 0.010653935185185185
1 0.19561414930555554 0.2306568287037037 0.013409288194444445 0.012873263888888889
1 0.17706380208333333 0.24872974537037038 0.012554253472222223 0.012161458333333333
1 0.19613715277777777 0.18957465277777777 0.010859375 0.011400462962962963
1 0.02369140625 0.23854166666666665 0.009370659722222223 0.012141203703703704