3 0.4289434523809524 0.6253306878306878 0.13392857142857142 0.19345238095238096
3 0.2509920634920635 0.5535714285714286 0.12748015873015872 0.15542328042328044
6 0.3923611111111111 0.34854497354497355 0.09325396825396826 0.1541005291005291
5 0.37958829365079366 0.8878968253968254 0.06919642857142858 0.22321428571428573
5 0.08469742063492064 0.886739417989418 0.08258928571428571 0.22453703703703703
3 0.5081845238095238 0.36078042328042326 0.05803571428571429 0.08101851851851852
5 0.14868551587301587 0.7046957671957672 0.05530753968253968 0.16633597883597884
3 0.6003224206349206 0.36673280423280424 0.056051587301587304 0.0625
5 0.8364335317460317 0.7309854497354498 0.07291666666666667 0.17559523809523808
5 0.558655753968254 0.5099206349206349 0.031001984126984128 0.1078042328042328
3 0.7620287698412699 0.3113425925925926 0.05282738095238095 0.05886243386243386
5 0.6215277777777778 0.4591600529100529 0.029017857142857144 0.09358465608465609
5 0.8425099206349206 0.9246031746031746 0.07862103174603174 0.15079365079365079
3 0.9429563492063492 0.3247354497354497 0.04290674603174603 0.061507936507936505
3 0.4807787698412698 0.28918650793650796 0.036210317460317464 0.044642857142857144
5 0.6820436507936508 0.5261243386243386 0.03546626984126984 0.11673280423280423
5 0.16964285714285715 0.4798280423280423 0.034722222222222224 0.09755291005291006
2 0.9608134920634921 0.28587962962962965 0.06349206349206349 0.06580687830687831
5 0.6568700396825397 0.39732142857142855 0.025793650793650792 0.0710978835978836
3 0.5713045634920635 0.2802579365079365 0.03249007936507937 0.03902116402116402
5 0.27219742063492064 0.4234457671957672 0.026537698412698412 0.07771164021164022
3 0.5419146825396826 0.2286706349206349 0.02628968253968254 0.026785714285714284
5 0.7802579365079365 0.6342592592592593 0.05009920634920635 0.1402116402116402
1 0.22854662698412698 0.6044973544973545 0.018601190476190476 0.012896825396825396
3 0.5275297619047619 0.21147486772486773 0.022817460317460316 0.025793650793650792
3 0.7829861111111112 0.2786044973544973 0.03695436507936508 0.03571428571428571
3 0.5866815476190477 0.2371031746031746 0.03125 0.035383597883597885
5 0.3365575396825397 0.3462301587301587 0.018601190476190476 0.05423280423280423
3 0.9346478174603174 0.37797619047619047 0.030009920634920636 0.0744047619047619
0 0.4212549603174603 0.6926256613756614 0.031001984126984128 0.011243386243386243
3 0.7630208333333334 0.24834656084656084 0.028769841269841268 0.031746031746031744
4 0.0665922619047619 0.42046957671957674 0.022321428571428572 0.07605820105820106
5 0.7578125 0.5906084656084656 0.03695436507936508 0.11441798941798942
3 0.5608878968253969 0.21726190476190477 0.023065476190476192 0.023148148148148147
5 0.5559275793650794 0.3237433862433862 0.019097222222222224 0.05125661375661376
5 0.5028918650793651 0.22719576719576717 0.00875 0.027820767195767194