3 0.2622767857142857 0.7749669312169312 0.1884920634920635 0.20601851851851852
3 0.17423115079365079 0.6266534391534392 0.16021825396825398 0.1636904761904762
3 0.38876488095238093 0.5927579365079365 0.1259920634920635 0.15906084656084657
3 0.4644097222222222 0.4436177248677249 0.0689484126984127 0.07804232804232804
3 0.6026785714285714 0.46395502645502645 0.07390873015873016 0.08432539682539683
6 0.32242063492063494 0.47238756613756616 0.14732142857142858 0.16038359788359788
3 0.050347222222222224 0.5385251322751323 0.10069444444444445 0.1359126984126984
5 0.6615823412698413 0.5329034391534392 0.0339781746031746 0.10284391534391535
5 0.5517113095238095 0.5423280423280423 0.03422619047619048 0.10317460317460317
3 0.40612599206349204 0.396494708994709 0.05580357142857143 0.06415343915343916
3 0.6194196428571429 0.30076058201058203 0.034970238095238096 0.044642857142857144
5 0.10106646825396826 0.5714285714285714 0.04265873015873016 0.11937830687830688
5 0.5319940476190477 0.4427910052910053 0.022569444444444444 0.07804232804232804
5 0.30084325396825395 0.5446428571428571 0.033482142857142856 0.1078042328042328
5 0.17571924603174602 0.45866402116402116 0.05853174603174603 0.07936507936507936
5 0.2191220238095238 0.45535714285714285 0.046875 0.08333333333333333
5 0.5398065476190477 0.3318452380952381 0.016121031746031748 0.047619047619047616
3 0.6398809523809523 0.24603174603174602 0.025049603174603176 0.028769841269841268
5 0.1111111111111111 0.47685185185185186 0.049107142857142856 0.08134920634920635
5 0.6295882936507936 0.40162037037037035 0.021825396825396824 0.06878306878306878
5 0.01103670634920635 0.6292989417989417 0.0220734126984127 0.14384920634920634
1 0.21999007936507936 0.8389550264550265 0.026041666666666668 0.01984126984126984
3 0.48660714285714285 0.2804232804232804 0.04290674603174603 0.04497354497354497
5 0.3648313492063492 0.3230820105820106 0.015376984126984126 0.045965608465608467
5 0.5582837301587301 0.3103505291005291 0.013640873015873016 0.044642857142857144
3 0.5978422619047619 0.2296626984126984 0.0248015873015873 0.022817460317460316
0 0.36940972222222224 0.6440674603174603 0.02737847222222222 0.01
3 0.39856150793650796 0.34507275132275134 0.041914682539682536 0.04497354497354497
5 0.5277777777777778 0.2781084656084656 0.011904761904761904 0.03869047619047619
3 0.2759176587301587 0.28621031746031744 0.03720238095238095 0.03935185185185185
5 0.4642857142857143 0.29927248677248675 0.014384920634920634 0.04034391534391534
5 0.4859871031746032 0.30869708994708994 0.013392857142857142 0.03835978835978836
1 0.14050099206349206 0.6833664021164021 0.020337301587301588 0.012566137566137565
5 0.6303323412698413 0.36491402116402116 0.018105158730158732 0.03968253968253968
5 0.6470734126984127 0.28621031746031744 0.012648809523809524 0.035383597883597885
5 0.38157242063492064 0.36160714285714285 0.018353174603174604 0.05257936507936508
5 0.5658482142857143 0.265542328042328 0.012648809523809524 0.03439153439153439
5 0.4525049603174603 0.30952380952380953 0.011160714285714286 0.04265873015873016
5 0.5874255952380952 0.2533068783068783 0.009424603174603174 0.031084656084656083
5 0.5496031746031746 0.2736441798941799 0.012648809523809524 0.03802910052910053
3 0.4968948412698413 0.37701058201058196 0.058722718253968256 0.06689814814814815