6 0.14310515873015872 0.529431216931217 0.19890873015873015 0.2996031746031746
6 0.5796130952380952 0.5462962962962963 0.13640873015873015 0.29894179894179895
5 0.7886904761904762 0.7981150793650794 0.06349206349206349 0.21461640211640212
2 0.3087797619047619 0.7152777777777778 0.3082837301587302 0.5694444444444444
3 0.46664186507936506 0.3455687830687831 0.05952380952380952 0.07572751322751323
5 0.730406746031746 0.6802248677248677 0.05828373015873016 0.17857142857142858
2 0.3943452380952381 0.23660714285714285 0.07093253968253968 0.10813492063492064
3 0.4592013888888889 0.2984457671957672 0.05109126984126984 0.056216931216931214
3 0.5548115079365079 0.26025132275132273 0.04662698412698413 0.05125661375661376
5 0.28311011904761907 0.44758597883597884 0.031994047619047616 0.10482804232804233
3 0.49516369047619047 0.24074074074074073 0.0339781746031746 0.040674603174603176
6 0.8752480158730159 0.273478835978836 0.06448412698412699 0.11838624338624339
2 0.4149305555555556 0.1658399470899471 0.03993055555555555 0.055224867724867725
3 0.5487351190476191 0.2078373015873016 0.029017857142857144 0.03406084656084656
3 0.4830109126984127 0.21941137566137567 0.031994047619047616 0.036375661375661374
1 0.2962549603174603 0.9920634920634921 0.03819444444444445 0.015542328042328041
1 0.5811011904761905 0.6570767195767195 0.022569444444444444 0.01521164021164021
5 0.9862351190476191 0.2693452380952381 0.018105158730158732 0.05291005291005291
6 0.49342757936507936 0.17542989417989419 0.04092261904761905 0.07572751322751323
1 0.10900297619047619 0.6643518518518519 0.023313492063492064 0.01488095238095238
4 0.1505456349206349 0.31200396825396826 0.018353174603174604 0.06646825396825397
5 0.4184027777777778 0.416005291005291 0.029513888888888888 0.04133597883597884
5 0.010416666666666666 0.40244708994708994 0.02058531746031746 0.07936507936507936