3 0.36507936507936506 0.42493386243386244 0.18328373015873015 0.21726190476190477
5 0.04923115079365079 0.4168320105820106 0.06746031746031746 0.16170634920634921
5 0.125 0.5577050264550265 0.06448412698412699 0.20965608465608465
5 0.4748263888888889 0.3416005291005291 0.03993055555555555 0.13558201058201058
5 0.5060763888888888 0.455026455026455 0.046875 0.16832010582010581
5 0.7162698412698413 0.16997354497354497 0.028521825396825396 0.08796296296296297
5 0.3556547619047619 0.18981481481481483 0.03373015873015873 0.09523809523809523
5 0.08878968253968254 0.24404761904761904 0.043154761904761904 0.10747354497354497
5 0.2248263888888889 0.226521164021164 0.03422619047619048 0.11144179894179894
2 0.45969742063492064 0.041501322751322754 0.10168650793650794 0.08267195767195767
5 0.46068948412698413 0.21726190476190477 0.027529761904761904 0.09788359788359788
5 0.3056795634920635 0.13723544973544974 0.032242063492063495 0.06613756613756613
5 0.5411706349206349 0.10383597883597884 0.022321428571428572 0.0710978835978836
5 0.49776785714285715 0.08085317460317461 0.020089285714285716 0.06349206349206349
5 0.5348462301587301 0.05076058201058201 0.019345238095238096 0.05092592592592592
5 0.5912698412698413 0.09060846560846561 0.020089285714285716 0.06646825396825397
3 0.9032738095238095 0.029596560846560847 0.04538690476190476 0.05919312169312169
5 0.6036706349206349 0.04811507936507937 0.01984126984126984 0.07076719576719577
0 0.32967757936507935 0.4987103174603174 0.034521329365079366 0.016577380952380955