3 0.22743055555555555 0.6448412698412699 0.15004960317460317 0.2208994708994709
3 0.48896329365079366 0.8110119047619048 0.19866071428571427 0.30357142857142855
6 0.5243055555555556 0.46875 0.15600198412698413 0.2810846560846561
3 0.7140376984126984 0.4661044973544973 0.13665674603174602 0.14814814814814814
3 0.18055555555555555 0.8938492063492064 0.24776785714285715 0.2123015873015873
3 0.4165426587301587 0.2286706349206349 0.0679563492063492 0.06382275132275132
3 0.2619047619047619 0.3568121693121693 0.08754960317460317 0.12698412698412698
5 0.032862103174603176 0.6724537037037037 0.06473214285714286 0.19378306878306878
3 0.3304811507936508 0.2630621693121693 0.06597222222222222 0.07771164021164022
5 0.9408482142857143 0.6833664021164021 0.06349206349206349 0.19212962962962962
3 0.4123263888888889 0.38326719576719576 0.0873015873015873 0.11574074074074074
5 0.7077132936507936 0.2781084656084656 0.05952380952380952 0.07374338624338625
3 0.2769097222222222 0.20767195767195767 0.061507936507936505 0.07043650793650794
3 0.4739583333333333 0.13326719576719576 0.0763888888888889 0.04398148148148148
3 0.6584821428571429 0.1455026455026455 0.07787698412698413 0.044642857142857144
5 0.020709325396825396 0.861276455026455 0.04141865079365079 0.2552910052910053
5 0.20436507936507936 0.30092592592592593 0.029513888888888888 0.08564814814814815
5 0.10466269841269842 0.3759920634920635 0.03149801587301587 0.10152116402116403
5 0.1697668650793651 0.34011243386243384 0.029017857142857144 0.08895502645502645
2 0.22036210317460317 0.09970238095238096 0.05505952380952381 0.07771164021164022
3 0.22643849206349206 0.14269179894179895 0.03993055555555555 0.040013227513227514
5 0.4914434523809524 0.20601851851851852 0.020337301587301588 0.05787037037037037
5 0.0665922619047619 0.3784722222222222 0.033234126984126984 0.09887566137566138
1 0.22718253968253968 0.7151124338624338 0.027281746031746032 0.018518518518518517
1 0.5153769841269841 0.9236111111111112 0.03447420634920635 0.023148148148148147
5 0.1630704365079365 0.2698412698412698 0.02554563492063492 0.07506613756613757
5 0.12078373015873016 0.294973544973545 0.02554563492063492 0.07936507936507936
1 0.2674156746031746 0.3928902116402116 0.016011904761904762 0.011309523809523811
5 0.1902281746031746 0.1744378306878307 0.017361111111111112 0.05125661375661376
3 0.31547619047619047 0.12466931216931217 0.043154761904761904 0.03902116402116402
5 0.12648809523809523 0.24074074074074073 0.024305555555555556 0.059854497354497355
3 0.753844246031746 0.14368386243386244 0.07589285714285714 0.03902116402116402
5 0.06634424603174603 0.32771164021164023 0.029265873015873016 0.06613756613756613
0 0.7418154761904762 0.5148809523809523 0.028769841269841268 0.010582010582010581
5 0.12549603174603174 0.17642195767195767 0.01636904761904762 0.05026455026455026
5 0.15848214285714285 0.15426587301587302 0.013888888888888888 0.04563492063492063
1 0.5343501984126984 0.582010582010582 0.02132936507936508 0.014219576719576719
3 0.27628968253968256 0.16947751322751323 0.051587301587301584 0.04133597883597884
5 0.14682539682539683 0.12698412698412698 0.013640873015873016 0.04265873015873016
5 0.7697172619047619 0.15178571428571427 0.03993055555555555 0.047619047619047616
5 0.326140873015873 0.1402116402116402 0.01488095238095238 0.04034391534391534
5 0.13120039682539683 0.12301587301587301 0.01488095238095238 0.041666666666666664
5 0.3029513888888889 0.06861772486772487 0.020833333333333332 0.027777777777777776
1 0.4378546626984127 0.420109126984127 0.015595238095238096 0.012513227513227514
6 0.6529365079365079 0.06316137566137567 0.0692906746031746 0.04317460317460318
5 0.2899950396825397 0.14519179894179896 0.013449900793650793 0.03427910052910053
5 0.10439484126984128 0.10737103174603174 0.02816468253968254 0.03519510582010582