3 0.3634672619047619 0.5347189153439154 0.15228174603174602 0.1875
3 0.6233878968253969 0.500165343915344 0.1232638888888889 0.17493386243386244
3 0.07390873015873016 0.8597883597883598 0.14781746031746032 0.2800925925925926
3 0.6097470238095238 0.8159722222222222 0.22271825396825398 0.36706349206349204
6 0.4835069444444444 0.333994708994709 0.09375 0.18915343915343916
3 0.5226934523809523 0.20949074074074073 0.05406746031746032 0.059854497354497355
5 0.8504464285714286 0.5061177248677249 0.06225198412698413 0.15145502645502645
5 0.6891121031746031 0.3869047619047619 0.03571428571428571 0.11210317460317461
5 0.025049603174603176 0.5026455026455027 0.04935515873015873 0.1412037037037037
5 0.28000992063492064 0.8855820105820106 0.10416666666666667 0.22883597883597884
5 0.6552579365079365 0.27992724867724866 0.027281746031746032 0.0796957671957672
5 0.10887896825396826 0.5024801587301587 0.05009920634920635 0.1412037037037037
5 0.7230902777777778 0.4636243386243386 0.04389880952380952 0.1345899470899471
5 0.25396825396825395 0.4439484126984127 0.03968253968253968 0.125
3 0.7759176587301587 0.08978174603174603 0.03373015873015873 0.0419973544973545
5 0.6168154761904762 0.21197089947089948 0.023065476190476192 0.06944444444444445
5 0.37276785714285715 0.351521164021164 0.03447420634920635 0.09755291005291006
5 0.5502232142857143 0.2962962962962963 0.03125 0.08928571428571429
3 0.47218253968253965 0.08895502645502645 0.024384920634920634 0.0291005291005291
5 0.22296626984126985 0.39715608465608465 0.03869047619047619 0.1164021164021164
3 0.4351438492063492 0.1228505291005291 0.03571428571428571 0.03670634920634921
5 0.2865823412698413 0.19113756613756613 0.03720238095238095 0.0539021164021164
5 0.40773809523809523 0.24206349206349206 0.024057539682539684 0.07076719576719577
3 0.7295386904761905 0.09490740740740741 0.024553571428571428 0.03306878306878307
5 0.7544642857142857 0.42328042328042326 0.04117063492063492 0.12367724867724868
5 0.37351190476190477 0.27132936507936506 0.027529761904761904 0.08002645502645503
5 0.3158482142857143 0.31828703703703703 0.02976190476190476 0.08465608465608465
5 0.808655753968254 0.44460978835978837 0.045882936507936505 0.13921957671957672
5 0.7584325396825397 0.18039021164021163 0.018105158730158732 0.05720899470899471
5 0.5611359126984127 0.16881613756613756 0.018353174603174604 0.057539682539682536
5 0.29811507936507936 0.2898478835978836 0.02554563492063492 0.07771164021164022
1 0.6243799603174603 0.5542328042328042 0.021825396825396824 0.015873015873015872
5 0.5882936507936508 0.1453373015873016 0.017609126984126984 0.049933862433862435
5 0.34387400793650796 0.17212301587301587 0.017857142857142856 0.0496031746031746
5 0.2265625 0.23197751322751323 0.027529761904761904 0.06084656084656084
3 0.34561011904761907 0.14269179894179895 0.03670634920634921 0.04133597883597884
5 0.36669146825396826 0.1595568783068783 0.01488095238095238 0.04398148148148148
5 0.7682291666666666 0.13707010582010581 0.017609126984126984 0.045304232804232805
5 0.40895337301587303 0.13528439153439153 0.01334077380952381 0.03888227513227513
3 0.5178571428571429 0.08548280423280423 0.02554563492063492 0.037037037037037035
3 0.536592261904762 0.07586640211640211 0.02481894841269841 0.029156746031746034
5 0.3862847222222222 0.13558201058201058 0.011904761904761904 0.041005291005291
5 0.3195684523809524 0.15790343915343916 0.015873015873015872 0.04332010582010582
5 0.7456597222222222 0.06291005291005292 0.014384920634920634 0.029599867724867727
5 0.2569444444444444 0.16550925925925927 0.015128968253968254 0.03439153439153439
0 0.34148561507936503 0.6022387566137566 0.03315476190476191 0.011398809523809523
0 0.48304563492063496 0.4026388888888889 0.022844742063492064 0.007569444444444445
6 0.563015873015873 0.07356150793650794 0.021671626984126984 0.04193121693121693
2 0.49953125 0.07134920634920634 0.026728670634920633 0.042632275132275126
6 0.5210838293650795 0.04399470899470899 0.022338789682539682 0.03338293650793651
3 0.4433407738095238 0.10476851851851851 0.026493055555555554 0.03078042328042328
3 0.4354241071428572 0.0626223544973545 0.02349206349206349 0.02125992063492064
3 0.4495486111111111 0.05496362433862434 0.018216765873015874 0.019738756613756615
5 0.40790426587301587 0.11217592592592593 0.010987103174603174 0.026709656084656083
5 0.40235119047619045 0.10692460317460317 0.011242559523809523 0.03204695767195767
5 0.459437003968254 0.08014550264550264 0.008668154761904762 0.02601521164021164
3 0.7824305555555556 0.05589616402116402 0.025245535714285717 0.025747354497354498