3 0.6780598958333334 0.4771412037037037 0.2152777777777778 0.296875
5 0.5173611111111112 0.88671875 0.12825520833333334 0.22627314814814814
5 0.2838541666666667 0.43547453703703703 0.0661892361111111 0.23813657407407407
5 0.4131944444444444 0.8142361111111112 0.10872395833333333 0.32667824074074076
5 0.14453125 0.26244212962962965 0.052734375 0.1791087962962963
5 0.3365885416666667 0.20862268518518517 0.04861111111111111 0.1652199074074074
5 0.9405381944444444 0.1847511574074074 0.049479166666666664 0.16087962962962962
5 0.08680555555555555 0.7061631944444444 0.09657118055555555 0.3203125
5 0.026475694444444444 0.5235821759259259 0.05295138888888889 0.25405092592592593
5 0.3275824652777778 0.0708912037037037 0.03884548611111111 0.1261574074074074
1 0.6897786458333334 0.5681423611111112 0.036458333333333336 0.024305555555555556
5 0.12489149305555555 0.6124131944444444 0.068359375 0.2456597222222222