3 0.6295734126984127 0.2620701058201058 0.09325396825396826 0.11772486772486772
2 0.4515128968253968 0.09143518518518519 0.10119047619047619 0.15211640211640212
5 0.12921626984126985 0.47371031746031744 0.06324404761904762 0.17063492063492064
3 0.5582837301587301 0.08465608465608465 0.056299603174603176 0.0710978835978836
5 0.33097718253968256 0.4366732804232804 0.056299603174603176 0.17294973544973544
3 0.6019345238095238 0.14401455026455026 0.06994047619047619 0.07771164021164022
5 0.4962797619047619 0.20419973544973544 0.031001984126984128 0.09490740740740741
5 0.7223462301587301 0.13210978835978837 0.0248015873015873 0.07605820105820106
5 0.27802579365079366 0.11243386243386243 0.049107142857142856 0.062169312169312166
3 0.8649553571428571 0.04861111111111111 0.03273809523809524 0.045965608465608467
5 0.5179811507936508 0.1593915343915344 0.02703373015873016 0.0787037037037037
5 0.310515873015873 0.15211640211640212 0.024305555555555556 0.07605820105820106
5 0.6964285714285714 0.11722883597883597 0.0220734126984127 0.07076719576719577
5 0.5967261904761905 0.02132936507936508 0.015873015873015872 0.042328042328042326
5 0.6665426587301587 0.09209656084656084 0.018849206349206348 0.06448412698412699
5 0.560515873015873 0.0269510582010582 0.015625 0.046957671957671955
4 0.22594246031746032 0.13955026455026456 0.018105158730158732 0.05720899470899471
5 0.5400545634920635 0.04811507936507937 0.017361111111111112 0.04794973544973545
5 0.6256200396825397 0.08465608465608465 0.02058531746031746 0.06283068783068783
5 0.6241319444444444 0.03422619047619048 0.01488095238095238 0.04894179894179894
5 0.018849206349206348 0.148478835978836 0.037698412698412696 0.07506613756613757
1 0.6243576388888888 0.2976686507936508 0.01614583333333333 0.011398809523809523