3 0.4085286458333333 0.6591435185185185 0.267578125 0.28327546296296297
3 0.6620008680555556 0.4347511574074074 0.18294270833333334 0.20543981481481483
5 0.17078993055555555 0.5639467592592593 0.07465277777777778 0.18200231481481483
3 0.9281684027777778 0.18894675925925927 0.08528645833333333 0.09461805555555555
3 0.7233072916666666 0.31929976851851855 0.12348090277777778 0.12239583333333333
3 0.9496527777777778 0.28486689814814814 0.0954861111111111 0.1021412037037037
5 0.7778862847222222 0.8043981481481481 0.07855902777777778 0.22106481481481483
5 0.9597439236111112 0.6876446759259259 0.080078125 0.22974537037037038
5 0.3087022569444444 0.4664351851851852 0.05772569444444445 0.1467013888888889
5 0.4832899305555556 0.3298611111111111 0.042317708333333336 0.11603009259259259
5 0.4680989583333333 0.46079282407407407 0.05251736111111111 0.1293402777777778
5 0.43359375 0.4195601851851852 0.04578993055555555 0.1467013888888889
5 0.5915798611111112 0.27199074074074076 0.029730902777777776 0.09461805555555555
2 0.9703776041666666 0.03761574074074074 0.059244791666666664 0.07523148148148148
5 0.4050564236111111 0.32392939814814814 0.034722222222222224 0.10648148148148148
5 0.8256293402777778 0.16145833333333334 0.025173611111111112 0.06828703703703703
5 0.7215711805555556 0.1684027777777778 0.026692708333333332 0.0703125
5 0.027994791666666668 0.7664930555555556 0.05577256944444445 0.23929398148148148
5 0.763671875 0.17158564814814814 0.024522569444444444 0.07233796296296297
1 0.6222439236111111 0.5030063657407408 0.018756510416666667 0.019438657407407408
5 0.6937934027777778 0.23972800925925927 0.03602430555555555 0.08217592592592593
5 0.7687717013888888 0.9333043981481481 0.1072048611111111 0.1333912037037037
5 0.022026909722222224 0.5387731481481481 0.043619791666666664 0.1785300925925926
5 0.8665364583333334 0.14482060185185186 0.022352430555555556 0.061342592592592594
0 0.3343098958333333 0.7543402777777778 0.041666666666666664 0.02199074074074074
3 0.8938802083333334 0.16999421296296297 0.05859375 0.06741898148148148
3 0.7260199652777778 0.06553819444444445 0.04796006944444445 0.047453703703703706
1 0.934958767361111 0.31083333333333335 0.014850260416666669 0.011574074074074073
5 0.9048394097222222 0.11863425925925926 0.019097222222222224 0.04398148148148148
5 0.0830078125 0.2906539351851852 0.06076388888888889 0.07060185185185185
5 0.9264322916666666 0.06004050925925926 0.016059027777777776 0.045717592592592594
4 0.2646614583333333 0.30969618055555553 0.03701605902777778 0.06662905092592593
4 0.20319010416666666 0.3172771990740741 0.0251171875 0.06627604166666667
4 0.15361545138888888 0.3345515046296296 0.040716145833333335 0.09024884259259258
4 0.17807074652777777 0.29841724537037034 0.02564670138888889 0.056053240740740744
0 0.9147656249999999 0.21241898148148147 0.017706163194444444 0.006111111111111111