3 0.4660218253968254 0.49702380952380953 0.15500992063492064 0.2261904761904762
3 0.6965525793650794 0.7833994708994709 0.20238095238095238 0.31712962962962965
3 0.6014384920634921 0.3811177248677249 0.11284722222222222 0.1550925925925926
3 0.43117559523809523 0.2175925925925926 0.07688492063492064 0.08465608465608465
5 0.2646329365079365 0.7875330687830688 0.07291666666666667 0.24702380952380953
5 0.0441468253968254 0.8563161375661376 0.0882936507936508 0.2867063492063492
5 0.4945436507936508 0.689318783068783 0.06572420634920635 0.23313492063492064
5 0.12475198412698413 0.3966600529100529 0.04985119047619048 0.1349206349206349
3 0.5198412698412699 0.26273148148148145 0.08432539682539683 0.0992063492063492
5 0.36495535714285715 0.3773148148148148 0.03943452380952381 0.12466931216931217
5 0.26438492063492064 0.3478835978835979 0.03670634920634921 0.11144179894179894
3 0.5627480158730159 0.09275793650793651 0.04811507936507937 0.05588624338624339
5 0.6010664682539683 0.265707671957672 0.030753968253968252 0.08167989417989419
3 0.5225694444444444 0.08217592592592593 0.03869047619047619 0.04332010582010582
5 0.527405753968254 0.3055555555555556 0.03249007936507937 0.09854497354497355
5 0.6149553571428571 0.1962632275132275 0.026785714285714284 0.07771164021164022
3 0.6721230158730159 0.05968915343915344 0.03298611111111111 0.041005291005291
1 0.6966765873015873 0.8991402116402116 0.037698412698412696 0.02546296296296296
1 0.5916418650793651 0.42476851851851855 0.01984126984126984 0.01521164021164021
5 0.6506696428571429 0.17427248677248677 0.020833333333333332 0.07175925925925926
2 0.5306299603174603 0.022156084656084655 0.05679563492063492 0.04431216931216931
5 0.6119791666666666 0.10416666666666667 0.015376984126984126 0.05125661375661376
5 0.6372767857142857 0.1001984126984127 0.016865079365079364 0.05026455026455026
5 0.5178571428571429 0.1767526455026455 0.021577380952380952 0.07142857142857142
5 0.8315972222222222 0.06448412698412699 0.013640873015873016 0.04298941798941799
5 0.8561507936507936 0.06531084656084656 0.013888888888888888 0.04034391534391534
3 0.6819196428571429 0.0291005291005291 0.029265873015873016 0.034722222222222224
0 0.4517609126984127 0.5785383597883598 0.0339781746031746 0.012235449735449735
5 0.44568452380952384 0.1509589947089947 0.024305555555555556 0.052248677248677246
5 0.4625496031746032 0.1423611111111111 0.020337301587301588 0.06018518518518518
3 0.7057291666666666 0.014384920634920634 0.031746031746031744 0.028769841269841268
5 0.47867063492063494 0.07622354497354497 0.014136904761904762 0.045304232804232805
5 0.5228174603174603 0.13227513227513227 0.018849206349206348 0.05588624338624339
2 0.3098958333333333 0.21825396825396826 0.09375 0.12136243386243387
5 0.4437003968253968 0.11144179894179894 0.017857142857142856 0.05125661375661376
3 0.8474702380952381 0.010416666666666666 0.027777777777777776 0.020833333333333332
5 0.5287698412698413 0.04133597883597884 0.01488095238095238 0.03571428571428571
1 0.2946949404761905 0.2588789682539683 0.013435019841269841 0.009768518518518518
5 0.0716765873015873 0.19411375661375663 0.04290674603174603 0.06712962962962964
5 0.5964781746031746 0.03835978835978836 0.013888888888888888 0.03935185185185185
5 0.6437251984126984 0.013558201058201057 0.01066468253968254 0.027116402116402115