5 0.2689732142857143 0.8583002645502645 0.08804563492063493 0.2830687830687831
3 0.6506696428571429 0.16137566137566137 0.0679563492063492 0.08630952380952381
3 0.5197172619047619 0.1261574074074074 0.0625 0.07473544973544974
5 0.18824404761904762 0.5188492063492064 0.05530753968253968 0.16203703703703703
2 0.453125 0.08002645502645503 0.07589285714285714 0.10846560846560846
5 0.3576388888888889 0.42493386243386244 0.04513888888888889 0.14517195767195767
5 0.5492311507936508 0.3384589947089947 0.036458333333333336 0.11177248677248677
5 0.23375496031746032 0.4138558201058201 0.048859126984126984 0.14186507936507936
5 0.49206349206349204 0.33035714285714285 0.03422619047619048 0.11838624338624339
5 0.4341517857142857 0.41087962962962965 0.044890873015873016 0.13955026455026456
5 0.5427827380952381 0.4308862433862434 0.0441468253968254 0.1402116402116402
5 0.7198660714285714 0.23941798941798942 0.027281746031746032 0.08961640211640212
5 0.15600198412698413 0.28091931216931215 0.03695436507936508 0.10449735449735449
5 0.5653521825396826 0.1822089947089947 0.025049603174603176 0.0763888888888889
5 0.388640873015873 0.21643518518518517 0.026041666666666668 0.08366402116402116
5 0.015376984126984126 0.47172619047619047 0.030753968253968252 0.1550925925925926
5 0.24379960317460317 0.3470568783068783 0.04141865079365079 0.09556878306878307
5 0.23685515873015872 0.18683862433862433 0.022817460317460316 0.07076719576719577
5 0.5865575396825397 0.10664682539682539 0.016617063492063492 0.05125661375661376
5 0.44308035714285715 0.1906415343915344 0.021577380952380952 0.07308201058201058
5 0.605530753968254 0.13177910052910052 0.020089285714285716 0.06117724867724868
3 0.6525297619047619 0.012896825396825396 0.02703373015873016 0.025793650793650792
5 0.4603174603174603 0.15244708994708994 0.02132936507936508 0.06514550264550265
5 0.5307539682539683 0.06994047619047619 0.013392857142857142 0.041666666666666664
5 0.4195188492063492 0.17096560846560846 0.019097222222222224 0.06911375661375661
5 0.39818948412698413 0.1605489417989418 0.0220734126984127 0.06349206349206349
5 0.6127232142857143 0.0679563492063492 0.014136904761904762 0.04298941798941799
5 0.5130208333333334 0.06977513227513228 0.013640873015873016 0.04265873015873016
3 0.3758680555555556 0.027777777777777776 0.03298611111111111 0.03505291005291005
5 0.6150793650793651 0.01984126984126984 0.01066468253968254 0.03439153439153439
5 0.5457589285714286 0.02199074074074074 0.011160714285714286 0.0333994708994709
5 0.7073412698412699 0.019675925925925927 0.009672619047619048 0.03306878306878307