3 0.6071428571428571 0.7134589947089947 0.22371031746031747 0.3664021164021164
5 0.9151785714285714 0.5661375661375662 0.07589285714285714 0.22354497354497355
3 0.6336805555555556 0.17212301587301587 0.08630952380952381 0.11044973544973545
5 0.13678075396825398 0.5970568783068783 0.08680555555555555 0.2466931216931217
5 0.22420634920634921 0.22023809523809523 0.03546626984126984 0.11342592592592593
5 0.7836061507936508 0.242228835978836 0.041914682539682536 0.1378968253968254
5 0.9311755952380952 0.3463955026455027 0.06274801587301587 0.15641534391534392
5 0.2591765873015873 0.34242724867724866 0.058779761904761904 0.14583333333333334
5 0.8447420634920635 0.25595238095238093 0.04290674603174603 0.13194444444444445
6 0.3978174603174603 0.49537037037037035 0.2408234126984127 0.4130291005291005
5 0.8967013888888888 0.27827380952380953 0.050595238095238096 0.13525132275132276
5 0.5873015873015873 0.11689814814814815 0.028273809523809524 0.09457671957671958
5 0.43278769841269843 0.03505291005291005 0.021081349206349208 0.06547619047619048
5 0.7493799603174603 0.047619047619047616 0.024057539682539684 0.07539682539682539
1 0.5746527777777778 0.8463955026455027 0.03794642857142857 0.027777777777777776
5 0.36396329365079366 0.022321428571428572 0.04241071428571429 0.044642857142857144
5 0.04030257936507937 0.28521825396825395 0.05853174603174603 0.12367724867724868
5 0.328125 0.023974867724867725 0.04290674603174603 0.04794973544973545
0 0.35044642857142855 0.6769179894179894 0.044890873015873016 0.016865079365079364
5 0.05580357142857143 0.20667989417989419 0.0974702380952381 0.09358465608465609
5 0.39632936507936506 0.01488095238095238 0.030257936507936508 0.02976190476190476
0 0.6308506944444445 0.20281746031746034 0.022058531746031746 0.008369708994708994
4 0.059893353174603176 0.14699074074074073 0.026423611111111113 0.07790013227513228