3 0.13834635416666666 0.3372395833333333 0.16124131944444445 0.18836805555555555
3 0.8162977430555556 0.17578125 0.11653645833333333 0.15075231481481483
5 0.8729383680555556 0.4947916666666667 0.06163194444444445 0.22193287037037038
3 0.5325520833333334 0.13368055555555555 0.0900607638888889 0.12905092592592593
2 0.3755425347222222 0.40205439814814814 0.328125 0.6085069444444444
5 0.1870659722222222 0.1484375 0.043402777777777776 0.125
5 0.8013237847222222 0.32841435185185186 0.053168402777777776 0.17100694444444445
5 0.9274088541666666 0.11197916666666667 0.03515625 0.11255787037037036
5 0.8729383680555556 0.038628472222222224 0.030598958333333332 0.07725694444444445
5 0.2625868055555556 0.05005787037037037 0.029079861111111112 0.09953703703703703
5 0.3036024305555556 0.040364583333333336 0.028645833333333332 0.08072916666666667
5 0.3653428819444444 0.04152199074074074 0.028428819444444444 0.08304398148148148
1 0.8218402777777778 0.22000289351851854 0.01972873263888889 0.015147569444444444
1 0.3713107638888889 0.6827256944444444 0.03689236111111111 0.024016203703703703
0 0.12110677083333332 0.392494212962963 0.041907552083333334 0.01246238425925926
1 0.5234006076388888 0.1704398148148148 0.018604600694444445 0.013423032407407408