3 0.3151041666666667 0.7811053240740741 0.2421875 0.3246527777777778
3 0.7061631944444444 0.1529224537037037 0.13172743055555555 0.14293981481481483
5 0.3067491319444444 0.40133101851851855 0.053385416666666664 0.17476851851851852
5 0.04275173611111111 0.3680555555555556 0.05577256944444445 0.16695601851851852
5 0.1521267361111111 0.5487557870370371 0.0681423611111111 0.23119212962962962
5 0.5073784722222222 0.17838541666666666 0.03342013888888889 0.1232638888888889
1 0.30078125 0.8894675925925926 0.04405381944444445 0.029513888888888888
5 0.2685546875 0.020399305555555556 0.021918402777777776 0.04079861111111111
5 0.4904513888888889 0.053530092592592594 0.026475694444444444 0.08796296296296297
5 0.4396701388888889 0.06553819444444445 0.029296875 0.08796296296296297
5 0.2903645833333333 0.053530092592592594 0.029513888888888888 0.0876736111111111
5 0.5810546875 0.0234375 0.025607638888888888 0.046875
5 0.5338541666666666 0.018229166666666668 0.020616319444444444 0.03616898148148148
5 0.12315538194444445 0.4710648148148148 0.064453125 0.1779513888888889
5 0.3297526041666667 0.027199074074074073 0.022135416666666668 0.05439814814814815
5 0.4480251736111111 0.018952546296296297 0.021050347222222224 0.037905092592592594
0 0.7279058159722223 0.18186342592592591 0.02720703125 0.009247685185185185