3 0.5555555555555556 0.5970568783068783 0.14583333333333334 0.20932539682539683
5 0.5648561507936508 0.8796296296296297 0.07762896825396826 0.24074074074074073
3 0.12983630952380953 0.3158068783068783 0.11879960317460317 0.11772486772486772
3 0.4765625 0.2705026455026455 0.07961309523809523 0.10482804232804233
3 0.5373263888888888 0.20304232804232805 0.05357142857142857 0.06812169312169312
5 0.1541418650793651 0.6484788359788359 0.06597222222222222 0.19808201058201058
3 0.9780505952380952 0.2524801587301587 0.04365079365079365 0.0701058201058201
5 0.6958085317460317 0.4093915343915344 0.037698412698412696 0.11871693121693122
5 0.3343253968253968 0.38740079365079366 0.035962301587301584 0.10846560846560846
5 0.2140376984126984 0.35714285714285715 0.035962301587301584 0.1087962962962963
5 0.3838045634920635 0.41104497354497355 0.03571428571428571 0.11805555555555555
5 0.13702876984126985 0.5565476190476191 0.05009920634920635 0.15046296296296297
2 0.6276041666666666 0.06861772486772487 0.037450396825396824 0.05324074074074074
3 0.9691220238095238 0.11987433862433862 0.04141865079365079 0.03670634920634921
3 0.3479662698412698 0.17427248677248677 0.049107142857142856 0.05291005291005291
5 0.357390873015873 0.24537037037037038 0.024305555555555556 0.07242063492063493
5 0.37611607142857145 0.3169642857142857 0.02628968253968254 0.08366402116402116
5 0.3256448412698413 0.2466931216931217 0.024553571428571428 0.07076719576719577
5 0.44308035714285715 0.15376984126984128 0.016865079365079364 0.0496031746031746
5 0.32800099206349204 0.31729497354497355 0.025793650793650792 0.07473544973544974
5 0.4192708333333333 0.25396825396825395 0.026041666666666668 0.07506613756613757
5 0.5718005952380952 0.11970899470899471 0.01314484126984127 0.042328042328042326
5 0.49255952380952384 0.19345238095238096 0.01984126984126984 0.056216931216931214
5 0.4654017857142857 0.1207010582010582 0.014632936507936508 0.041005291005291
5 0.5029761904761905 0.11838624338624339 0.013392857142857142 0.04034391534391534
5 0.4806547619047619 0.15575396825396826 0.018105158730158732 0.0496031746031746
5 0.3870287698412698 0.19907407407407407 0.02058531746031746 0.05787037037037037
5 0.6550099206349206 0.09623015873015874 0.012896825396825396 0.03505291005291005
5 0.5199652777777778 0.11243386243386243 0.01240079365079365 0.03835978835978836
5 0.5476190476190477 0.08812830687830688 0.012152777777777778 0.03935185185185185
5 0.4029017857142857 0.22156084656084657 0.0220734126984127 0.06547619047619048
1 0.4681299603174603 0.2916666666666667 0.012648809523809524 0.01025132275132275
5 0.4830109126984127 0.09375 0.011656746031746032 0.031746031746031744
5 0.5674603174603174 0.08366402116402116 0.012896825396825396 0.03802910052910053
0 0.10274801587301587 0.3502248677248677 0.020443948412698414 0.007430555555555555
5 0.5948660714285714 0.07506613756613757 0.010168650793650794 0.031084656084656083
0 0.5516741071428571 0.6666402116402117 0.036768353174603176 0.012569444444444444