3 0.10205853174603174 0.533234126984127 0.20337301587301587 0.2867063492063492
6 0.3509424603174603 0.2447089947089947 0.13095238095238096 0.2208994708994709
3 0.6414930555555556 0.27628968253968256 0.10639880952380952 0.1431878306878307
5 0.9434523809523809 0.6967592592592593 0.07539682539682539 0.2337962962962963
5 0.1259920634920635 0.865244708994709 0.10639880952380952 0.26951058201058203
5 0.2255704365079365 0.9232804232804233 0.11259920634920635 0.15343915343915343
5 0.6506696428571429 0.4255952380952381 0.0441468253968254 0.15707671957671956
3 0.6659226190476191 0.01917989417989418 0.04117063492063492 0.03835978835978836
5 0.7093253968253969 0.43584656084656087 0.04513888888888889 0.14682539682539683
5 0.7454117063492064 0.5193452380952381 0.056051587301587304 0.19973544973544974
3 0.5998263888888888 0.01521164021164021 0.03794642857142857 0.03042328042328042
5 0.5140128968253969 0.27331349206349204 0.03521825396825397 0.11507936507936507
5 0.1943204365079365 0.2576058201058201 0.03869047619047619 0.11375661375661375
5 0.7280505952380952 0.21279761904761904 0.029513888888888888 0.09722222222222222
3 0.5009920634920635 0.03455687830687831 0.04811507936507937 0.05654761904761905
5 0.5997023809523809 0.10929232804232804 0.022569444444444444 0.07076719576719577
5 0.27306547619047616 0.17923280423280424 0.025793650793650792 0.08664021164021164
5 0.5224454365079365 0.210978835978836 0.03249007936507937 0.08928571428571429
5 0.7018849206349206 0.08101851851851852 0.021825396825396824 0.06415343915343916
3 0.8634672619047619 0.03505291005291005 0.0496031746031746 0.04861111111111111
5 0.020089285714285716 0.4269179894179894 0.04017857142857143 0.14781746031746032
5 0.45870535714285715 0.13988095238095238 0.026041666666666668 0.09391534391534391
2 0.40401785714285715 0.041666666666666664 0.09796626984126984 0.08333333333333333
5 0.5550595238095238 0.1130952380952381 0.024553571428571428 0.0763888888888889
5 0.7294146825396826 0.15261243386243387 0.025297619047619048 0.07043650793650794
0 0.017857142857142856 0.6433531746031746 0.03571428571428571 0.015542328042328041
5 0.8960813492063492 0.09837962962962964 0.023561507936507936 0.06613756613756613
5 0.4263392857142857 0.12483465608465609 0.021825396825396824 0.0763888888888889
5 0.4773065476190476 0.07242063492063493 0.018601190476190476 0.061507936507936505
0 0.6382713293650795 0.31430555555555556 0.02601190476190476 0.01025132275132275
5 0.4775545634920635 0.02662037037037037 0.015128968253968254 0.046957671957671955
0 0.33110119047619047 0.3288690476190476 0.028025793650793652 0.00958994708994709
5 0.3400297619047619 0.0796957671957672 0.027281746031746032 0.055224867724867725
5 0.4181547619047619 0.08349867724867725 0.019593253968253968 0.05853174603174603
5 0.5561755952380952 0.07126322751322751 0.021577380952380952 0.04365079365079365
5 0.40587797619047616 0.08002645502645503 0.016865079365079364 0.056878306878306875