3 0.5541449652777778 0.38816550925925924 0.12000868055555555 0.1267361111111111
5 0.8483072916666666 0.6882233796296297 0.0646701388888889 0.20833333333333334
5 0.9391276041666666 0.8260995370370371 0.07421875 0.22251157407407407
3 0.8097873263888888 0.2677951388888889 0.0857204861111111 0.09866898148148148
5 0.9244791666666666 0.4593460648148148 0.046875 0.14293981481481483
5 0.4651692708333333 0.8424479166666666 0.111328125 0.24479166666666666
5 0.5531684027777778 0.7131076388888888 0.0646701388888889 0.2097800925925926
5 0.7635633680555556 0.4263599537037037 0.041666666666666664 0.13049768518518517
5 0.6906467013888888 0.6077835648148148 0.053385416666666664 0.1869212962962963
5 0.24641927083333334 0.3550347222222222 0.04188368055555555 0.125
5 0.2903645833333333 0.5567129629629629 0.056206597222222224 0.17766203703703703
5 0.7230902777777778 0.3589409722222222 0.04079861111111111 0.11574074074074074
5 0.3917100694444444 0.4508101851851852 0.043619791666666664 0.14091435185185186
3 0.5723741319444444 0.18070023148148148 0.06705729166666667 0.07320601851851852
5 0.5384114583333334 0.5678530092592593 0.055989583333333336 0.16116898148148148
5 0.2013888888888889 0.3836805555555556 0.03732638888888889 0.12644675925925927
5 0.3522135416666667 0.625 0.060546875 0.19155092592592593
5 0.365234375 0.33883101851851855 0.036458333333333336 0.11284722222222222
6 0.8146701388888888 0.05570023148148148 0.08441840277777778 0.11140046296296297
5 0.5108506944444444 0.24768518518518517 0.027560763888888888 0.09375
3 0.912109375 0.21773726851851852 0.076171875 0.09027777777777778
5 0.6042751736111112 0.22583912037037038 0.028645833333333332 0.0842013888888889
5 0.025390625 0.2868923611111111 0.033854166666666664 0.11226851851851852
5 0.7821180555555556 0.15104166666666666 0.025390625 0.07146990740740741
5 0.9045138888888888 0.25462962962962965 0.039496527777777776 0.0842013888888889
1 0.3441840277777778 0.6581307870370371 0.018012152777777776 0.01678240740740741
1 0.6898958333333334 0.6410648148148148 0.01734375 0.014673032407407407
1 0.5517578125 0.7472800925925925 0.019965277777777776 0.017589699074074074
3 0.7035590277777778 0.020833333333333332 0.038628472222222224 0.03993055555555555
5 0.8152126736111112 0.14858217592592593 0.021701388888888888 0.06799768518518519
1 0.8516710069444444 0.7293113425925926 0.019314236111111112 0.017361111111111112
1 0.9409092881944444 0.8714670138888889 0.02123046875 0.02013599537037037
1 0.36639322916666667 0.3568634259259259 0.011284722222222222 0.01070601851851852
1 0.3889973958333333 0.49189814814814814 0.013237847222222222 0.013310185185185185
5 0.8627387152777778 0.13151041666666666 0.018446180555555556 0.05787037037037037
5 0.5425347222222222 0.14048032407407407 0.024522569444444444 0.06684027777777778
1 0.19636284722222222 0.40877314814814814 0.012515190972222222 0.011863425925925927
0 0.55216796875 0.41281539351851854 0.027983940972222218 0.010023148148148149
5 0.30383246527777774 0.14049189814814816 0.023196614583333334 0.06636574074074074
3 0.8956163194444444 0.048755787037037035 0.03732638888888889 0.038483796296296294
3 0.6276041666666666 0.01808449074074074 0.030164930555555556 0.03356481481481482
5 0.8891059027777778 0.08868634259259259 0.016493055555555556 0.04832175925925926
1 0.7256922743055555 0.3790306712962963 0.010848524305555557 0.009299768518518518
5 0.5608723958333334 0.1228298611111111 0.023003472222222224 0.05613425925925926
1 0.24312499999999998 0.37927951388888886 0.013407118055555556 0.012479745370370372
1 0.2847222222222222 0.5907118055555556 0.017361111111111112 0.015335648148148149
1 0.9300455729166666 0.4827170138888889 0.01308810763888889 0.012847222222222222
1 0.764548611111111 0.46349537037037036 0.012432725694444445 0.012430555555555556
1 0.8161697048611111 0.2685821759259259 0.014303385416666667 0.010772569444444444
1 0.56865234375 0.17991319444444442 0.011412760416666667 0.007928240740740741
1 0.4746506076388889 0.8820370370370371 0.022884114583333334 0.021574074074074075
1 0.5080859375000001 0.26561631944444447 0.009307725694444444 0.008431712962962964
1 0.8949761284722223 0.26730613425925925 0.008923611111111111 0.008871527777777779
3 0.9076323784722222 0.15015046296296294 0.0537109375 0.055387731481481475
1 0.9108940972222221 0.1518605324074074 0.010633680555555556 0.007893518518518518