3 0.5150049603174603 0.3878968253968254 0.12797619047619047 0.15906084656084657
5 0.8950892857142857 0.7678571428571429 0.07886904761904762 0.2628968253968254
3 0.6037946428571429 0.8951719576719577 0.27380952380952384 0.20965608465608465
3 0.6529017857142857 0.12020502645502645 0.06225198412698413 0.08300264550264551
5 0.30282738095238093 0.32605820105820105 0.037698412698412696 0.1259920634920635
5 0.3193204365079365 0.27992724867724866 0.03670634920634921 0.10482804232804233
5 0.38492063492063494 0.19378306878306878 0.028273809523809524 0.08498677248677249
5 0.5182291666666666 0.12648809523809523 0.022569444444444444 0.07076719576719577
5 0.7326388888888888 0.13326719576719576 0.021825396825396824 0.07275132275132275
5 0.4877232142857143 0.20899470899470898 0.026537698412698412 0.08862433862433862
1 0.4975198412698413 0.43799603174603174 0.02132936507936508 0.016203703703703703
5 0.4913194444444444 0.08796296296296297 0.023313492063492064 0.05588624338624339
5 0.1996527777777778 0.21742724867724866 0.0339781746031746 0.09126984126984126
5 0.7439236111111112 0.06630291005291006 0.01711309523809524 0.05489417989417989
5 0.5884176587301587 0.11292989417989419 0.02058531746031746 0.06514550264550265
4 0.023313492063492064 0.2585978835978836 0.024057539682539684 0.082010582010582
5 0.6161954365079365 0.0355489417989418 0.018105158730158732 0.04861111111111111
5 0.3263888888888889 0.15823412698412698 0.026537698412698412 0.07539682539682539
2 0.5306299603174603 0.04662698412698413 0.0662202380952381 0.09259259259259259
5 0.9186507936507936 0.08796296296296297 0.018353174603174604 0.05720899470899471
5 0.7430555555555556 0.01703042328042328 0.014632936507936508 0.03406084656084656
5 0.7624007936507936 0.03521825396825397 0.016121031746031748 0.045965608465608467
5 0.939484126984127 0.06746031746031746 0.01488095238095238 0.05787037037037037
5 0.7640128968253969 0.01207010582010582 0.013392857142857142 0.023809523809523808
5 0.48583085317460317 0.03460648148148148 0.01866815476190476 0.04784722222222222
2 0.6724900793650793 0.06440806878306879 0.0648561507936508 0.08707010582010583
4 0.1572916666666667 0.1666170634920635 0.01842261904761905 0.06256944444444444
4 0.4631547619047619 0.03079695767195767 0.016478174603174602 0.049345238095238095
4 0.4422172619047619 0.05402777777777778 0.01458829365079365 0.05114748677248677
4 0.3196329365079365 0.07758267195767196 0.014146825396825397 0.052671957671957675