5 0.8435019841269841 0.6243386243386243 0.06076388888888889 0.22023809523809523
3 0.7495039682539683 0.07043650793650794 0.051835317460317464 0.0667989417989418
3 0.3629712301587302 0.09093915343915344 0.13541666666666666 0.08432539682539683
3 0.6831597222222222 0.04365079365079365 0.05580357142857143 0.07275132275132275
3 0.7664930555555556 0.13310185185185186 0.06969246031746032 0.08234126984126984
5 0.7398313492063492 0.30158730158730157 0.03943452380952381 0.12797619047619047
3 0.4632936507936508 0.042328042328042326 0.0496031746031746 0.0539021164021164
5 0.8112599206349206 0.1840277777777778 0.028273809523809524 0.09556878306878307
3 0.6727430555555556 0.09755291005291006 0.029017857142857144 0.07043650793650794
5 0.7264384920634921 0.1939484126984127 0.029017857142857144 0.09490740740740741
2 0.2411954365079365 0.3210978835978836 0.25570436507936506 0.3191137566137566
4 0.05109126984126984 0.18584656084656084 0.027529761904761904 0.09391534391534391
5 0.36049107142857145 0.1506283068783069 0.025297619047619048 0.0796957671957672
6 0.3134920634920635 0.5562169312169312 0.6257440476190477 0.8875661375661376
5 0.9248511904761905 0.03191137566137566 0.021825396825396824 0.06349206349206349
5 0.7858382936507936 0.04050925925925926 0.017857142857142856 0.056216931216931214
5 0.7437996031746031 0.019345238095238096 0.017857142857142856 0.03736772486772487
5 0.6174355158730159 0.01273148148148148 0.014136904761904762 0.02414021164021164
5 0.6060267857142857 0.037037037037037035 0.017857142857142856 0.04794973544973545
5 0.6377728174603174 0.03356481481481482 0.019345238095238096 0.05026455026455026
6 0.6043204365079364 0.15636243386243384 0.120265376984127 0.20534060846560848
5 0.5923859126984127 0.03951719576719577 0.017361111111111112 0.03736772486772487
5 0.7978670634920635 0.10102513227513228 0.024305555555555556 0.07043650793650794
5 0.5648561507936508 0.010912698412698412 0.012152777777777778 0.021494708994708994
5 0.4193948412698413 0.04480820105820106 0.019593253968253968 0.04662698412698413
6 0.5300446428571428 0.0721031746031746 0.08748015873015874 0.09012896825396825
5 0.5780753968253969 0.029209656084656085 0.015523313492063493 0.04639880952380952
5 0.4771825396825397 0.09080687830687831 0.020029761904761904 0.04510582010582011
5 0.4564831349206349 0.10549603174603174 0.020920138888888887 0.04006283068783069