3 0.6567460317460317 0.2587632275132275 0.1185515873015873 0.0916005291005291
3 0.6094990079365079 0.3239087301587302 0.07762896825396826 0.08167989417989419
6 0.3766121031746032 0.31547619047619047 0.11210317460317461 0.17328042328042328
5 0.4181547619047619 0.7066798941798942 0.060267857142857144 0.1818783068783069
5 0.29377480158730157 0.9118716931216931 0.07589285714285714 0.17625661375661375
5 0.6703869047619048 0.5158730158730159 0.04662698412698413 0.1349206349206349
5 0.3896329365079365 0.5562169312169312 0.049107142857142856 0.144510582010582
5 0.23425099206349206 0.566468253968254 0.051835317460317464 0.14252645502645503
5 0.1463293650793651 0.3316798941798942 0.06870039682539683 0.0787037037037037
5 0.5173611111111112 0.5744047619047619 0.04811507936507937 0.15211640211640212
3 0.44146825396825395 0.2521494708994709 0.05803571428571429 0.07903439153439154
5 0.517609126984127 0.4654431216931217 0.04712301587301587 0.10813492063492064
3 0.49528769841269843 0.9503968253968254 0.25744047619047616 0.0992063492063492
5 0.23189484126984128 0.41964285714285715 0.03273809523809524 0.1087962962962963
5 0.39657738095238093 0.40790343915343913 0.032242063492063495 0.10582010582010581
5 0.07353670634920635 0.29133597883597884 0.027281746031746032 0.06977513227513228
5 0.052703373015873016 0.27380952380952384 0.025297619047619048 0.06812169312169312
2 0.3098958333333333 0.23131613756613756 0.09151785714285714 0.14384920634920634
5 0.1324404761904762 0.26785714285714285 0.022817460317460316 0.06944444444444445
5 0.20932539682539683 0.27744708994708994 0.025049603174603176 0.07175925925925926
5 0.15873015873015872 0.27728174603174605 0.024305555555555556 0.06779100529100529
5 0.988343253968254 0.6527777777777778 0.023065476190476192 0.13921957671957672
5 0.49441964285714285 0.28406084656084657 0.02628968253968254 0.06977513227513228
1 0.6175595238095238 0.34341931216931215 0.012648809523809524 0.00992063492063492
5 0.22321428571428573 0.24090608465608465 0.021825396825396824 0.06514550264550265
5 0.5075644841269841 0.2650462962962963 0.022321428571428572 0.07175925925925926