6 0.24615575396825398 0.4097222222222222 0.11681547619047619 0.19576719576719576
2 0.43439980158730157 0.39169973544973546 0.1148313492063492 0.21891534391534392
6 0.8905009920634921 0.27761243386243384 0.09895833333333333 0.10813492063492064
6 0.543030753968254 0.34937169312169314 0.0689484126984127 0.14384920634920634
2 0.4071180555555556 0.2275132275132275 0.054811507936507936 0.08895502645502645
5 0.35367063492063494 0.41418650793650796 0.027777777777777776 0.08862433862433862
6 0.5037202380952381 0.17377645502645503 0.03571428571428571 0.0625
3 0.48474702380952384 0.28290343915343913 0.04092261904761905 0.0496031746031746
5 0.6304563492063492 0.423776455026455 0.028521825396825396 0.09126984126984126
5 0.3505704365079365 0.3373015873015873 0.021825396825396824 0.06845238095238096
5 0.9875992063492064 0.41633597883597884 0.0248015873015873 0.0873015873015873
3 0.49503968253968256 0.21924603174603174 0.02976190476190476 0.04265873015873016
5 0.7057291666666666 0.2554563492063492 0.014384920634920634 0.044642857142857144
3 0.5414186507936508 0.230489417989418 0.03521825396825397 0.04298941798941799
3 0.4740823412698413 0.257771164021164 0.03794642857142857 0.04265873015873016
5 0.6189236111111112 0.38078703703703703 0.02628968253968254 0.0744047619047619
3 0.5533234126984127 0.19444444444444445 0.021825396825396824 0.026785714285714284
1 0.23103422619047617 0.48956679894179894 0.015376984126984126 0.011521164021164022
4 0.19308035714285715 0.3192791005291005 0.013888888888888888 0.04894179894179894
5 0.9944196428571429 0.2564484126984127 0.011160714285714286 0.047619047619047616
1 0.4319593253968254 0.4814252645502645 0.014655257936507937 0.01083994708994709
5 0.699280753968254 0.19725529100529102 0.012648809523809524 0.032407407407407406
5 0.4711061507936508 0.1832010582010582 0.009424603174603174 0.027777777777777776
5 0.5241815476190477 0.2673611111111111 0.018601190476190476 0.027116402116402115
4 0.20903273809523812 0.3179431216931217 0.014595734126984127 0.03578042328042328
1 0.5434573412698412 0.3957109788359789 0.012266865079365079 0.00880621693121693