3 0.6205512152777778 0.6046006944444444 0.3767361111111111 0.46412037037037035
3 0.7743055555555556 0.2957175925925926 0.2124565972222222 0.2126736111111111
3 0.2351345486111111 0.5462962962962963 0.3561197916666667 0.3179976851851852
3 0.5810546875 0.07826967592592593 0.1838107638888889 0.15653935185185186
5 0.1247829861111111 0.42158564814814814 0.1056857638888889 0.2120949074074074
5 0.16536458333333334 0.31177662037037035 0.08637152777777778 0.17390046296296297
0 0.11493272569444445 0.6680815972222222 0.04921223958333334 0.025885416666666664
0 0.5289214409722223 0.7626128472222222 0.06699869791666667 0.033984375000000004
4 0.3181423611111111 0.033130787037037035 0.031684027777777776 0.06597222222222222
5 0.11241319444444445 0.06539351851851852 0.055338541666666664 0.08304398148148148
4 0.19227430555555555 0.09722222222222222 0.034722222222222224 0.10069444444444445
0 0.7214930555555555 0.36000578703703706 0.03828993055555555 0.017673611111111112
0 0.535056423611111 0.12094907407407407 0.027560763888888888 0.011574074074074073
5 0.7600911458333334 0.1519097222222222 0.04861111111111111 0.11574074074074074
5 0.2211371527777778 0.3605324074074074 0.06922743055555555 0.10127314814814815