3 0.7591765873015873 0.6747685185185185 0.16741071428571427 0.26025132275132273
3 0.6662946428571429 0.3912037037037037 0.0974702380952381 0.1001984126984127
3 0.3287450396825397 0.23346560846560846 0.04563492063492063 0.05357142857142857
3 0.4133184523809524 0.22073412698412698 0.043154761904761904 0.04563492063492063
3 0.3890128968253968 0.18055555555555555 0.0339781746031746 0.04133597883597884
5 0.1613343253968254 0.43683862433862436 0.02976190476190476 0.1001984126984127
5 0.39521329365079366 0.33118386243386244 0.028025793650793652 0.07804232804232804
3 0.018725198412698412 0.36177248677248675 0.037450396825396824 0.08035714285714286
5 0.3400297619047619 0.17774470899470898 0.023809523809523808 0.03373015873015873
1 0.777405753968254 0.7827380952380952 0.028025793650793652 0.01917989417989418
1 0.3482142857142857 0.5727513227513228 0.018601190476190476 0.012235449735449735
5 0.2533482142857143 0.17989417989417988 0.013888888888888888 0.035383597883597885
3 0.016245039682539684 0.43039021164021163 0.03249007936507937 0.15575396825396826
5 0.01314484126984127 0.5299272486772487 0.02628968253968254 0.144510582010582
0 0.6820436507936508 0.423776455026455 0.01984126984126984 0.006944444444444444
4 0.36061507936507936 0.9654431216931217 0.05853174603174603 0.06911375661375661