3 0.5034722222222222 0.41021825396825395 0.14211309523809523 0.2152777777777778
3 0.4810267857142857 0.16335978835978837 0.07936507936507936 0.08498677248677249
5 0.2876984126984127 0.7804232804232805 0.08085317460317461 0.27546296296296297
5 0.2191220238095238 0.527281746031746 0.05555555555555555 0.1927910052910053
5 0.6773313492063492 0.3759920634920635 0.04117063492063492 0.14682539682539683
3 0.6159474206349206 0.11160714285714286 0.06473214285714286 0.09292328042328042
5 0.17943948412698413 0.3091931216931217 0.043402777777777776 0.11970899470899471
5 0.9713541666666666 0.7706679894179894 0.05679563492063492 0.2705026455026455
3 0.6443452380952381 0.06878306878306878 0.05555555555555555 0.06646825396825397
5 0.37996031746031744 0.23065476190476192 0.0339781746031746 0.10813492063492064
5 0.21875 0.19212962962962962 0.03422619047619048 0.09953703703703703
6 0.45969742063492064 0.08002645502645503 0.08432539682539683 0.12136243386243387
5 0.3009672619047619 0.17096560846560846 0.027777777777777776 0.08564814814814815
5 0.5832093253968254 0.0625 0.016865079365079364 0.05654761904761905
3 0.6552579365079365 0.01703042328042328 0.03794642857142857 0.03406084656084656
3 0.5093005952380952 0.05952380952380952 0.03546626984126984 0.06944444444444445
5 0.6139632936507936 0.022321428571428572 0.015625 0.04298941798941799
2 0.4005357142857143 0.041749338624338626 0.09993055555555556 0.08349867724867725
5 0.7027529761904762 0.05919312169312169 0.018353174603174604 0.05952380952380952
5 0.5022321428571429 0.01273148148148148 0.013640873015873016 0.02546296296296296
5 0.3395337301587302 0.07919973544973545 0.028273809523809524 0.05555555555555555
5 0.6068948412698413 0.008101851851851851 0.012648809523809524 0.016203703703703703
5 0.6932043650793651 0.04646164021164021 0.017361111111111112 0.055224867724867725
0 0.4952356150793651 0.4667526455026455 0.03709325396825397 0.01265873015873016