3 0.5868055555555556 0.6235119047619048 0.13368055555555555 0.21825396825396826
3 0.3975694444444444 0.5717592592592593 0.1498015873015873 0.22916666666666666
2 0.2092013888888889 0.47800925925925924 0.28794642857142855 0.3921957671957672
5 0.20684523809523808 0.8865740740740741 0.09647817460317461 0.22685185185185186
3 0.4469246031746032 0.33895502645502645 0.07539682539682539 0.10582010582010581
3 0.582093253968254 0.2880291005291005 0.06225198412698413 0.08267195767195767
5 0.8187003968253969 0.4816468253968254 0.047619047619047616 0.12566137566137567
3 0.46130952380952384 0.26603835978835977 0.06125992063492063 0.06977513227513228
3 0.5414186507936508 0.1412037037037037 0.023065476190476192 0.028769841269841268
5 0.8836805555555556 0.2726521164021164 0.025793650793650792 0.06415343915343916
5 0.9283234126984127 0.2554563492063492 0.0220734126984127 0.05787037037037037
3 0.4949156746031746 0.1626984126984127 0.02703373015873016 0.030753968253968252
3 0.474578373015873 0.12549603174603174 0.022569444444444444 0.022817460317460316
5 0.7666170634920635 0.42080026455026454 0.03819444444444445 0.10152116402116403
5 0.7445436507936508 0.3771494708994709 0.030009920634920636 0.083994708994709
5 0.6639384920634921 0.35631613756613756 0.026785714285714284 0.08796296296296297
3 0.7178819444444444 0.14401455026455026 0.031001984126984128 0.03207671957671958
5 0.44642857142857145 0.19990079365079366 0.01240079365079365 0.03802910052910053
3 0.5815972222222222 0.13525132275132276 0.025297619047619048 0.03141534391534392
5 0.6476934523809523 0.31382275132275134 0.026041666666666668 0.07506613756613757
5 0.5747767857142857 0.20023148148148148 0.014136904761904762 0.042328042328042326
5 0.49069940476190477 0.2037037037037037 0.012152777777777778 0.041005291005291
5 0.8492063492063492 0.16319444444444445 0.013640873015873016 0.03869047619047619
5 0.3470982142857143 0.2757936507936508 0.023561507936507936 0.056216931216931214
1 0.15823412698412698 0.6620370370370371 0.021577380952380952 0.013888888888888888
0 0.589905753968254 0.7053571428571429 0.034722222222222224 0.012235449735449735
5 0.45907738095238093 0.1701388888888889 0.010912698412698412 0.034722222222222224
5 0.5311259920634921 0.16451719576719576 0.009424603174603174 0.032407407407407406
0 0.3745014880952381 0.6587301587301587 0.034967757936507936 0.012900132275132275
5 0.35540674603174605 0.34093915343915343 0.02132936507936508 0.06283068783068783
5 0.3551587301587302 0.20238095238095238 0.025297619047619048 0.03869047619047619
5 0.7103174603174603 0.17179232804232805 0.012152777777777778 0.03935185185185185
5 0.6037524801587302 0.16711309523809526 0.012065972222222223 0.036147486772486775
5 0.6460813492063492 0.2693452380952381 0.020089285714285716 0.045304232804232805
5 0.26277281746031744 0.25462962962962965 0.020089285714285716 0.05026455026455026
5 0.0744047619047619 0.3040674603174603 0.047371031746031744 0.05588624338624339
1 0.43915426587301587 0.3670601851851852 0.013896329365079365 0.008422619047619047
5 0.41569940476190476 0.19896825396825396 0.013422619047619048 0.037900132275132274
0 0.5847098214285714 0.31148148148148147 0.015833333333333335 0.005066137566137567
5 0.596579861111111 0.1548478835978836 0.009712301587301587 0.03076058201058201
5 0.5122123015873016 0.13571097883597882 0.008385416666666668 0.025449735449735448
5 0.5093080357142857 0.12448082010582011 0.006726190476190477 0.02113425925925926
5 0.5151984126984127 0.11972552910052911 0.006061507936507937 0.019365079365079366
3 0.5421378968253968 0.11748677248677247 0.018345734126984127 0.021068121693121694
3 0.5620064484126984 0.10583002645502644 0.01611607142857143 0.019232804232804233
6 0.5918948412698413 0.08668320105820106 0.018239087301587305 0.030109126984126985