3 0.6321924603174603 0.8571428571428571 0.1654265873015873 0.28505291005291006
3 0.44407242063492064 0.7622354497354498 0.15476190476190477 0.23578042328042328
3 0.33035714285714285 0.5291005291005291 0.1212797619047619 0.11177248677248677
2 0.42819940476190477 0.36755952380952384 0.10639880952380952 0.125
3 0.45461309523809523 0.4451058201058201 0.07192460317460317 0.07275132275132275
3 0.5716765873015873 0.47040343915343913 0.07366071428571429 0.09391534391534391
3 0.5787450396825397 0.38855820105820105 0.04538690476190476 0.05125661375661376
5 0.7749255952380952 0.6393849206349206 0.046130952380952384 0.12797619047619047
5 0.5693204365079365 0.623181216931217 0.037698412698412696 0.12169312169312169
5 0.09064980158730158 0.646494708994709 0.051835317460317464 0.12731481481481483
5 0.6682787698412699 0.5844907407407407 0.03447420634920635 0.10912698412698413
3 0.5577876984126984 0.3498677248677249 0.04141865079365079 0.047619047619047616
3 0.6207837301587301 0.2986111111111111 0.029017857142857144 0.03406084656084656
5 0.7397073412698413 0.5725859788359788 0.03546626984126984 0.10482804232804233
5 0.9094742063492064 0.37549603174603174 0.016617063492063492 0.04794973544973545
5 0.5721726190476191 0.5459656084656085 0.03273809523809524 0.09523809523809523
5 0.38169642857142855 0.4728835978835979 0.0248015873015873 0.06944444444444445
5 0.6354166666666666 0.4085648148148148 0.020089285714285716 0.06084656084656084
3 0.5771329365079365 0.320271164021164 0.031001984126984128 0.037698412698412696
3 0.527281746031746 0.2994378306878307 0.029265873015873016 0.03207671957671958
5 0.5276537698412699 0.427744708994709 0.024305555555555556 0.06580687830687831
1 0.29568948412698415 0.5618551587301587 0.013678075396825397 0.011243386243386243
5 0.8665674603174603 0.314484126984127 0.015128968253968254 0.034722222222222224
5 0.1888640873015873 0.4546957671957672 0.053075396825396824 0.06448412698412699
0 0.42150297619047616 0.8540013227513228 0.03869047619047619 0.013558201058201057
3 0.5881696428571429 0.2531415343915344 0.01711309523809524 0.01984126984126984
5 0.5142609126984127 0.40046296296296297 0.015873015873015872 0.05191798941798942
5 0.7280505952380952 0.5261243386243386 0.026537698412698412 0.07738095238095238
5 0.6479414682539683 0.3083664021164021 0.01066468253968254 0.034722222222222224
0 0.6246279761904762 0.9938822751322751 0.04811507936507937 0.011904761904761904
5 0.5152529761904762 0.3488756613756614 0.01314484126984127 0.03935185185185185
5 0.5422867063492064 0.3166335978835979 0.011408730158730158 0.03273809523809524
1 0.4388144841269841 0.4664087301587302 0.009484126984126985 0.008075396825396826
1 0.4049503968253968 0.41916666666666663 0.008442460317460317 0.006990740740740741