3 0.6396484375 0.46079282407407407 0.17578125 0.20543981481481483
3 0.07682291666666667 0.5421006944444444 0.15299479166666666 0.2361111111111111
3 0.4789496527777778 0.2595486111111111 0.13953993055555555 0.15625
6 0.1911892361111111 0.11414930555555555 0.14322916666666666 0.22569444444444445
3 0.2788628472222222 0.8942418981481481 0.3009982638888889 0.21122685185185186
5 0.8078342013888888 0.6867766203703703 0.0783420138888889 0.26099537037037035
3 0.958984375 0.17332175925925927 0.08203125 0.13049768518518517
3 0.4454210069444444 0.09461805555555555 0.1130642361111111 0.11313657407407407
5 0.6834852430555556 0.1919849537037037 0.04861111111111111 0.13859953703703703
5 0.4926215277777778 0.3734085648148148 0.061848958333333336 0.18981481481481483
5 0.5601128472222222 0.12225115740740741 0.036675347222222224 0.12152777777777778
5 0.810546875 0.14829282407407407 0.059027777777777776 0.13512731481481483
1 0.8059895833333334 0.7526041666666666 0.023220486111111112 0.02459490740740741
1 0.6450737847222222 0.47554976851851855 0.027560763888888888 0.026041666666666668
4 0.7022569444444444 0.08318865740740741 0.036458333333333336 0.11805555555555555
1 0.4782986111111111 0.2633101851851852 0.025824652777777776 0.017939814814814815
1 0.04090711805555555 0.6141493055555556 0.03797743055555555 0.026041666666666668
1 0.55796875 0.13952256944444444 0.011881510416666666 0.010960648148148148
1 0.48541015625 0.4012528935185185 0.018663194444444444 0.01840277777777778
1 0.9899088541666666 0.18098958333333334 0.019748263888888888 0.015335648148148149
1 0.43841579861111113 0.09326388888888888 0.01603732638888889 0.015017361111111112
1 0.6835807291666667 0.2339351851851852 0.013031684027777777 0.013515625
0 0.13844618055555558 0.1897771990740741 0.030134548611111114 0.01162326388888889