6 0.40228174603174605 0.5054563492063492 0.21254960317460317 0.373015873015873
3 0.5881696428571429 0.6190476190476191 0.17807539682539683 0.289021164021164
5 0.8969494047619048 0.6322751322751323 0.06696428571428571 0.2166005291005291
5 0.052703373015873016 0.7508267195767195 0.10515873015873016 0.26686507936507936
3 0.6257440476190477 0.2037037037037037 0.07118055555555555 0.09126984126984126
5 0.9445684523809523 0.4740410052910053 0.0679563492063492 0.1636904761904762
5 0.26450892857142855 0.3921957671957672 0.05084325396825397 0.13095238095238096
5 0.03273809523809524 0.44576719576719576 0.056299603174603176 0.13955026455026456
5 0.8442460317460317 0.30357142857142855 0.046378968253968256 0.11441798941798942
3 0.9432043650793651 0.043816137566137565 0.037698412698412696 0.03968253968253968
5 0.7589285714285714 0.289021164021164 0.038938492063492064 0.12169312169312169
5 0.28608630952380953 0.2630621693121693 0.03149801587301587 0.0992063492063492
3 0.5179811507936508 0.04431216931216931 0.042162698412698416 0.04133597883597884
5 0.5647321428571429 0.1671626984126984 0.02554563492063492 0.07804232804232804
5 0.722594246031746 0.09871031746031746 0.019097222222222224 0.06018518518518518
3 0.5886656746031746 0.01703042328042328 0.02628968253968254 0.03207671957671958
5 0.2003968253968254 0.2569444444444444 0.04017857142857143 0.08531746031746032
1 0.5595238095238095 0.7261904761904762 0.029513888888888888 0.020833333333333332
5 0.455109126984127 0.09226190476190477 0.017609126984126984 0.05191798941798942
5 0.7822420634920635 0.23660714285714285 0.033234126984126984 0.09259259259259259
5 0.8203125 0.2542989417989418 0.038938492063492064 0.09887566137566138
5 0.5142609126984127 0.3941798941798942 0.027777777777777776 0.1335978835978836
5 0.2113095238095238 0.2025462962962963 0.06646825396825397 0.07572751322751323
5 0.3933531746031746 0.06646825396825397 0.02703373015873016 0.03835978835978836
3 0.5386904761904762 0.028769841269841268 0.029513888888888888 0.03736772486772487
4 0.22953869047619047 0.1597222222222222 0.022817460317460316 0.07242063492063493
4 0.12512400793650794 0.19031084656084657 0.022321428571428572 0.07605820105820106
3 0.6459399801587301 0.010998677248677247 0.027247023809523808 0.022000661375661375
0 0.3551587301587302 0.6696428571428571 0.037450396825396824 0.014219576719576719
4 0.10788690476190477 0.1875 0.023561507936507936 0.07804232804232804
5 0.4965277777777778 0.03736772486772487 0.012152777777777778 0.041005291005291
5 0.4678819444444444 0.050595238095238096 0.020337301587301588 0.04133597883597884
5 0.3784722222222222 0.08134920634920635 0.022321428571428572 0.040674603174603176
0 0.6244568452380952 0.22999999999999998 0.01814980158730159 0.0070337301587301585
5 0.4486061507936508 0.05310185185185186 0.022509920634920636 0.043538359788359786
4 0.4504935515873016 0.30564484126984126 0.03588045634920635 0.03986772486772487
5 0.5561755952380952 0.014341931216931217 0.008998015873015873 0.028683862433862433
3 0.5016443452380953 0.0166005291005291 0.026284722222222223 0.03288029100529101
5 0.5064781746031746 0.021322751322751323 0.009265873015873016 0.025982142857142856
5 0.4731175595238095 0.02068783068783069 0.013891369047619046 0.03306547619047619