6 0.7482638888888888 0.4611441798941799 0.19295634920634921 0.4226190476190476
5 0.10106646825396826 0.6665013227513228 0.08531746031746032 0.2390873015873016
5 0.3933531746031746 0.5815145502645502 0.05853174603174603 0.20767195767195767
3 0.59375 0.13310185185185186 0.06324404761904762 0.0763888888888889
5 0.5616319444444444 0.35300925925925924 0.04290674603174603 0.13855820105820105
5 0.4402281746031746 0.38938492063492064 0.05009920634920635 0.15674603174603174
5 0.2378472222222222 0.3500330687830688 0.044642857142857144 0.13657407407407407
5 0.2378472222222222 0.24503968253968253 0.05679563492063492 0.0992063492063492
5 0.5538194444444444 0.21064814814814814 0.030257936507936508 0.09986772486772487
5 0.4283234126984127 0.18303571428571427 0.029265873015873016 0.08961640211640212
5 0.021081349206349208 0.5388558201058201 0.041914682539682536 0.1931216931216931
5 0.48660714285714285 0.15211640211640212 0.025793650793650792 0.08498677248677249
5 0.5908978174603174 0.0765542328042328 0.019097222222222224 0.03935185185185185
1 0.7406994047619048 0.6440145502645502 0.030009920634920636 0.01951058201058201
5 0.8824404761904762 0.0679563492063492 0.020337301587301588 0.05720899470899471
5 0.6165674603174603 0.019675925925925927 0.014136904761904762 0.03935185185185185
5 0.49776785714285715 0.09953703703703703 0.022817460317460316 0.06547619047619048
5 0.45498511904761907 0.0398478835978836 0.021081349206349208 0.052248677248677246
5 0.5383184523809523 0.10085978835978836 0.020833333333333332 0.06746031746031746
5 0.5572916666666666 0.03290343915343916 0.015376984126984126 0.05026455026455026
5 0.6016865079365079 0.013558201058201057 0.013392857142857142 0.027116402116402115
5 0.5310019841269841 0.06183862433862434 0.019097222222222224 0.055224867724867725
5 0.015500992063492064 0.4236111111111111 0.031001984126984128 0.12268518518518519
5 0.4791666666666667 0.021825396825396824 0.01488095238095238 0.042328042328042326
5 0.3976934523809524 0.04546957671957672 0.029017857142857144 0.052248677248677246
3 0.8645833333333334 0.04083994708994709 0.023065476190476192 0.055224867724867725
4 0.30513392857142857 0.08746362433862434 0.01855406746031746 0.05919312169312169