3 0.5314980158730159 0.6357473544973545 0.14434523809523808 0.2251984126984127
2 0.1892361111111111 0.6025132275132276 0.296875 0.39285714285714285
3 0.7886904761904762 0.5863095238095238 0.13293650793650794 0.16600529100529102
3 0.38678075396825395 0.46296296296296297 0.1056547619047619 0.11772486772486772
5 0.44742063492063494 0.8478835978835979 0.0642361111111111 0.230489417989418
3 0.7260664682539683 0.35912698412698413 0.08060515873015874 0.09953703703703703
2 0.3036954365079365 0.38062169312169314 0.11507936507936507 0.17195767195767195
2 0.5947420634920635 0.210978835978836 0.0689484126984127 0.13525132275132276
2 0.48660714285714285 0.19940476190476192 0.061755952380952384 0.09556878306878307
3 0.4565972222222222 0.2748015873015873 0.05282738095238095 0.06183862433862434
5 0.45089285714285715 0.5140542328042328 0.037450396825396824 0.12632275132275134
3 0.5407986111111112 0.20089285714285715 0.036210317460317464 0.040674603174603176
3 0.6752232142857143 0.29662698412698413 0.059027777777777776 0.07572751322751323
2 0.9337797619047619 0.2371031746031746 0.04662698412698413 0.1345899470899471
5 0.5322420634920635 0.40327380952380953 0.029017857142857144 0.09556878306878307
3 0.6922123015873016 0.25892857142857145 0.047371031746031744 0.05720899470899471
5 0.4341517857142857 0.3151455026455027 0.023809523809523808 0.06845238095238096
3 0.03720238095238095 0.5823412698412699 0.0744047619047619 0.15013227513227514
1 0.13033234126984128 0.77744708994709 0.026041666666666668 0.017195767195767195
3 0.6722470238095238 0.17691798941798942 0.03149801587301587 0.037037037037037035
6 0.894469246031746 0.15591931216931218 0.039186507936507936 0.05720899470899471
5 0.5393105158730159 0.3040674603174603 0.02058531746031746 0.06481481481481481
5 0.5063244047619048 0.3005952380952381 0.021577380952380952 0.06349206349206349
5 0.4079861111111111 0.26802248677248675 0.018601190476190476 0.054563492063492064
1 0.5235615079365079 0.7084986772486772 0.02554563492063492 0.017195767195767195
5 0.912078373015873 0.2822420634920635 0.020337301587301588 0.06183862433862434
5 0.8816964285714286 0.2822420634920635 0.023809523809523808 0.06613756613756613
5 0.3756200396825397 0.29662698412698413 0.032242063492063495 0.05886243386243386
5 0.7349950396825397 0.28687169312169314 0.02628968253968254 0.05853174603174603
3 0.6961805555555556 0.1595568783068783 0.024057539682539684 0.0291005291005291
5 0.6491815476190477 0.24950396825396826 0.0220734126984127 0.05654761904761905
5 0.4880952380952381 0.259755291005291 0.018353174603174604 0.05423280423280423
4 0.08023313492063493 0.38740079365079366 0.021825396825396824 0.0763888888888889
5 0.6727430555555556 0.2261904761904762 0.017609126984126984 0.050595238095238096
5 0.7435515873015873 0.25033068783068785 0.024057539682539684 0.05324074074074074
5 0.5106646825396826 0.2523148148148148 0.01636904761904762 0.047619047619047616
0 0.7976016865079365 0.6369775132275133 0.031850198412698406 0.01142526455026455
5 0.02132936507936508 0.3978174603174603 0.04241071428571429 0.06712962962962964
5 0.8909970238095238 0.18386243386243387 0.013640873015873016 0.036375661375661374
5 0.38093998015873015 0.245489417989418 0.03549355158730159 0.036944444444444446
2 0.6361061507936508 0.3800496031746032 0.09719246031746032 0.15694444444444444
1 0.6422792658730159 0.43883267195767195 0.014761904761904763 0.011640211640211642
5 0.6961805555555556 0.20601851851851852 0.014632936507936508 0.03968253968253968
5 0.7553323412698413 0.3287037037037037 0.02132936507936508 0.06547619047619048
5 0.30589037698412697 0.2727116402116402 0.026971726190476192 0.05278769841269841
0 0.7306845238095238 0.3887037037037037 0.020555555555555556 0.006693121693121693
4 0.1766220238095238 0.4229960317460318 0.03411458333333334 0.045128968253968255
1 0.3709350198412698 0.5008895502645503 0.016914682539682542 0.012083333333333333
3 0.6618154761904762 0.14724537037037036 0.02682043650793651 0.026924603174603174
3 0.6189037698412698 0.15145171957671957 0.02492559523809524 0.029447751322751323
3 0.7080406746031747 0.13988425925925926 0.02208581349206349 0.023138227513227513
3 0.6846924603174602 0.13357142857142856 0.023348214285714285 0.02566137566137566
3 0.5347147817460317 0.15480820105820106 0.02613095238095238 0.02646164021164021
3 0.5499305555555556 0.14686838624338625 0.018854166666666665 0.022933201058201055
3 0.6036830357142857 0.13033068783068782 0.02117063492063492 0.020730820105820107
3 0.6959424603174603 0.8932242063492064 0.2839955357142857 0.21355489417989418