3 0.6075148809523809 0.5796957671957672 0.1039186507936508 0.1335978835978836
6 0.22469742063492065 0.5266501322751322 0.21825396825396826 0.28273809523809523
3 0.46378968253968256 0.4957010582010582 0.08953373015873016 0.13260582010582012
5 0.6195436507936508 0.8318452380952381 0.05952380952380952 0.2123015873015873
5 0.4573412698412698 0.923776455026455 0.06721230158730158 0.15244708994708994
5 0.8170882936507936 0.7445436507936508 0.0744047619047619 0.17824074074074073
3 0.4210069444444444 0.39302248677248675 0.057291666666666664 0.0701058201058201
3 0.5788690476190477 0.38062169312169314 0.053323412698412696 0.06547619047619048
3 0.7270585317460317 0.32242063492063494 0.031994047619047616 0.04894179894179894
5 0.6861359126984127 0.5173611111111112 0.035962301587301584 0.1001984126984127
3 0.486359126984127 0.2777777777777778 0.031746031746031744 0.03306878306878307
3 0.5565476190476191 0.2865410052910053 0.03695436507936508 0.04563492063492063
3 0.5167410714285714 0.25744047619047616 0.028025793650793652 0.02943121693121693
3 0.748015873015873 0.2906746031746032 0.036458333333333336 0.03968253968253968
3 0.4703621031746032 0.25595238095238093 0.02703373015873016 0.03042328042328042
5 0.7615327380952381 0.6496362433862434 0.049107142857142856 0.13988095238095238
5 0.8198164682539683 0.9221230158730159 0.08556547619047619 0.15575396825396826
5 0.9559771825396826 0.33895502645502645 0.01984126984126984 0.04563492063492063
5 0.5736607142857143 0.4793320105820106 0.027281746031746032 0.08664021164021164
5 0.7372271825396826 0.6096230158730159 0.03422619047619048 0.1164021164021164
5 0.9835069444444444 0.30539021164021163 0.016617063492063492 0.04265873015873016
4 0.08382936507936507 0.4416335978835979 0.019345238095238096 0.07175925925925926
5 0.45610119047619047 0.2908399470899471 0.01488095238095238 0.04133597883597884
4 0.044270833333333336 0.4427910052910053 0.021577380952380952 0.0744047619047619
0 0.6122544642857143 0.6240509259259259 0.02818452380952381 0.008971560846560846
5 0.9035218253968254 0.314484126984127 0.009424603174603174 0.04563492063492063
0 0.46024305555555556 0.5250760582010582 0.022093253968253967 0.007318121693121693
5 0.4283234126984127 0.2468584656084656 0.00992063492063492 0.031084656084656083
5 0.7483878968253969 0.2509920634920635 0.010912698412698412 0.03042328042328042
5 0.07304067460317461 0.9783399470899471 0.09027777777777778 0.04298941798941799
1 0.1890575396825397 0.634699074074074 0.019265873015873018 0.014186507936507936