5 0.43439980158730157 0.841931216931217 0.0744047619047619 0.2622354497354497
5 0.14050099206349206 0.578042328042328 0.0597718253968254 0.16997354497354497
5 0.9651537698412699 0.910218253968254 0.06919642857142858 0.17956349206349206
5 0.19940476190476192 0.43601190476190477 0.04092261904761905 0.12169312169312169
5 0.33023313492063494 0.5747354497354498 0.05282738095238095 0.16203703703703703
6 0.6371527777777778 0.24933862433862433 0.06994047619047619 0.12136243386243387
6 0.5735367063492064 0.19957010582010581 0.054811507936507936 0.103505291005291
5 0.3881448412698413 0.36326058201058203 0.03149801587301587 0.10052910052910052
3 0.4392361111111111 0.15906084656084657 0.04092261904761905 0.04332010582010582
5 0.7535962301587301 0.2898478835978836 0.026041666666666668 0.08101851851851852
5 0.3246527777777778 0.32060185185185186 0.029513888888888888 0.08961640211640212
5 0.4801587301587302 0.24751984126984128 0.024305555555555556 0.06977513227513228
2 0.7021502976190477 0.06170965608465609 0.03971974206349207 0.04240079365079365
5 0.4193948412698413 0.24735449735449735 0.021577380952380952 0.06547619047619048
6 0.8840525793650794 0.2003968253968254 0.06349206349206349 0.11408730158730158
4 0.14719742063492064 0.36789021164021163 0.02976190476190476 0.09887566137566138
5 0.4007936507936508 0.29398148148148145 0.025793650793650792 0.07539682539682539
5 0.275421626984127 0.2923280423280423 0.027281746031746032 0.07572751322751323
3 0.6996527777777778 0.09887566137566138 0.025793650793650792 0.030753968253968252
5 0.44828869047619047 0.22486772486772486 0.018849206349206348 0.06018518518518518
5 0.5184771825396826 0.20171957671957672 0.018105158730158732 0.052248677248677246
5 0.53125 0.17526455026455026 0.015873015873015872 0.046296296296296294
5 0.5062003968253969 0.1669973544973545 0.01488095238095238 0.04497354497354497
3 0.40649801587301587 0.19031084656084657 0.0441468253968254 0.057539682539682536
5 0.6221478174603174 0.16848544973544974 0.01711309523809524 0.04398148148148148
5 0.3854166666666667 0.20453042328042328 0.035962301587301584 0.05125661375661376
5 0.35168650793650796 0.22040343915343916 0.017609126984126984 0.06283068783068783
5 0.5716989087301587 0.12377314814814816 0.013392857142857142 0.036044973544973546
5 0.5944940476190477 0.12996031746031747 0.01240079365079365 0.03835978835978836
5 0.5471230158730159 0.1001984126984127 0.011408730158730158 0.03141534391534392
4 0.06309771825396825 0.36692791005291003 0.033581349206349205 0.0881382275132275
4 0.10567212301587302 0.3147486772486772 0.023640873015873014 0.08437830687830687