3 0.6165364583333334 0.7907986111111112 0.2567274305555556 0.28501157407407407
3 0.5537109375 0.5360243055555556 0.18098958333333334 0.19675925925925927
3 0.9416232638888888 0.31177662037037035 0.1037326388888889 0.12210648148148148
5 0.3524305555555556 0.5750868055555556 0.062065972222222224 0.17679398148148148
5 0.5222439236111112 0.4039351851851852 0.04123263888888889 0.12181712962962964
5 0.9051649305555556 0.6969039351851852 0.08485243055555555 0.22974537037037038
5 0.06380208333333333 0.62109375 0.10872395833333333 0.18981481481481483
3 0.9127604166666666 0.20847800925925927 0.07747395833333333 0.08825231481481481
5 0.20399305555555555 0.5245949074074074 0.06401909722222222 0.15943287037037038
5 0.3856336805555556 0.3548900462962963 0.041015625 0.10850694444444445
5 0.8423394097222222 0.48582175925925924 0.04578993055555555 0.15769675925925927
5 0.6748046875 0.3159722222222222 0.032769097222222224 0.10387731481481481
2 0.9675564236111112 0.03443287037037037 0.06488715277777778 0.06828703703703703
5 0.0341796875 0.5219907407407407 0.06358506944444445 0.1675347222222222
5 0.6136067708333334 0.3136574074074074 0.031032986111111112 0.09722222222222222
5 0.9552951388888888 0.3936631944444444 0.04014756944444445 0.12702546296296297
3 0.9704861111111112 0.12152777777777778 0.052300347222222224 0.05787037037037037
3 0.9306640625 0.1568287037037037 0.06705729166666667 0.07581018518518519
5 0.51953125 0.29484953703703703 0.038411458333333336 0.09577546296296297
5 0.7518446180555556 0.2894965277777778 0.029079861111111112 0.09403935185185185
5 0.6895616319444444 0.2348090277777778 0.026258680555555556 0.078125
5 0.8101128472222222 0.24522569444444445 0.027126736111111112 0.0842013888888889
1 0.5155164930555556 0.5902777777777778 0.024522569444444444 0.01765046296296296
5 0.6385633680555556 0.23017939814814814 0.026041666666666668 0.0798611111111111
3 0.6559244791666666 0.08680555555555555 0.046875 0.048900462962962965
5 0.5609809027777778 0.24088541666666666 0.024305555555555556 0.07928240740740741
0 0.5655381944444444 0.890625 0.05447048611111111 0.02141203703703704
5 0.8082682291666666 0.14192708333333334 0.022352430555555556 0.060474537037037035
5 0.8621961805555556 0.15089699074074073 0.020399305555555556 0.06018518518518518
5 0.7365451388888888 0.21947337962962962 0.026258680555555556 0.07696759259259259
5 0.7872178819444444 0.22063078703703703 0.025607638888888888 0.07957175925925926
5 0.7771267361111112 0.14250578703703703 0.020182291666666668 0.05758101851851852
5 0.7492404513888888 0.1853298611111111 0.024522569444444444 0.06510416666666667
5 0.8369140625 0.10170717592592593 0.019748263888888888 0.055266203703703706
5 0.8823784722222222 0.09780092592592593 0.021050347222222224 0.050347222222222224
5 0.9115668402777778 0.078125 0.018012152777777776 0.04861111111111111
0 0.9325585937499999 0.3455787037037037 0.022688802083333334 0.007337962962962963
5 0.9717881944444444 0.2404513888888889 0.028645833333333332 0.05497685185185185
3 0.9503038194444444 0.0954861111111111 0.04665798611111111 0.04282407407407408
5 0.7905815972222222 0.1724537037037037 0.022786458333333332 0.061342592592592594
5 0.022243923611111112 0.3368055555555556 0.044487847222222224 0.05960648148148148
4 0.1996657986111111 0.3482175925925926 0.03742404513888889 0.0708912037037037
4 0.13623046875 0.3556712962962963 0.02601345486111111 0.06693576388888889
4 0.09047743055555556 0.37331886574074075 0.03947699652777778 0.08640914351851851
4 0.11284071180555556 0.33696180555555555 0.019852430555555557 0.050202546296296294
0 0.9035481770833333 0.2305208333333333 0.016716579861111112 0.006079282407407408
3 0.8171028645833334 0.08072916666666667 0.04791015625 0.043075810185185186