3 0.054563492063492064 0.2865410052910053 0.10912698412698413 0.14814814814814814
5 0.12996031746031747 0.5162037037037037 0.06994047619047619 0.2013888888888889
5 0.3602430555555556 0.5153769841269841 0.058779761904761904 0.20072751322751323
5 0.712921626984127 0.24239417989417988 0.04117063492063492 0.12202380952380952
5 0.7658730158730159 0.3697089947089947 0.04389880952380952 0.15542328042328044
5 0.2119295634920635 0.26967592592592593 0.046130952380952384 0.1207010582010582
5 0.6026785714285714 0.28422619047619047 0.040674603174603176 0.13194444444444445
5 0.3556547619047619 0.2924933862433862 0.037698412698412696 0.13227513227513227
5 0.5699404761904762 0.2101521164021164 0.032242063492063495 0.11144179894179894
5 0.022817460317460316 0.7787698412698413 0.04563492063492063 0.2628968253968254
5 0.4365079365079365 0.17476851851851852 0.03521825396825397 0.1001984126984127
5 0.4986359126984127 0.2101521164021164 0.03844246031746032 0.11507936507936507
5 0.2710813492063492 0.1714616402116402 0.028521825396825396 0.09656084656084656
6 0.6267361111111112 0.0441468253968254 0.06994047619047619 0.0882936507936508
5 0.31981646825396826 0.15476190476190477 0.036458333333333336 0.08961640211640212
5 0.5264136904761905 0.17609126984126985 0.030009920634920636 0.09986772486772487
5 0.5280257936507936 0.051587301587301584 0.021081349206349208 0.06382275132275132
3 0.8989335317460317 0.0291005291005291 0.043154761904761904 0.0582010582010582
5 0.5054563492063492 0.12582671957671956 0.028273809523809524 0.07473544973544974
5 0.47197420634920634 0.09970238095238096 0.026537698412698412 0.0787037037037037
5 0.7384672619047619 0.05406746031746032 0.021577380952380952 0.06878306878306878
5 0.3998015873015873 0.09904100529100529 0.022817460317460316 0.07539682539682539
5 0.6927083333333334 0.08382936507936507 0.024553571428571428 0.07407407407407407
5 0.6748511904761905 0.06382275132275132 0.022321428571428572 0.06944444444444445
5 0.5620039682539683 0.01951058201058201 0.01636904761904762 0.03902116402116402
5 0.46688988095238093 0.06001984126984127 0.022817460317460316 0.054563492063492064
5 0.3801314484126984 0.04503968253968254 0.021842757936507935 0.061557539682539686
5 0.44494047619047616 0.1349206349206349 0.028025793650793652 0.07539682539682539
4 0.30655257936507935 0.031822089947089946 0.01523561507936508 0.05732804232804233