3 0.8270399305555556 0.26316550925925924 0.2133246527777778 0.27025462962962965
5 0.4243706597222222 0.3515625 0.07552083333333333 0.24537037037037038
5 0.5615234375 0.65234375 0.0978732638888889 0.3333333333333333
5 0.7699652777777778 0.6121238425925926 0.11024305555555555 0.3203125
5 0.1478949652777778 0.5379050925925926 0.10286458333333333 0.3208912037037037
5 0.5062934027777778 0.8394097222222222 0.1228298611111111 0.3211805555555556
5 0.2514105902777778 0.62109375 0.09765625 0.32349537037037035
5 0.490234375 0.06872106481481481 0.04904513888888889 0.13744212962962962
5 0.1164279513888889 0.09375 0.052083333333333336 0.1857638888888889
5 0.15538194444444445 0.03153935185185185 0.043402777777777776 0.0630787037037037
0 0.8470855034722222 0.3431423611111111 0.05397786458333333 0.014716435185185185
0 0.3123914930555556 0.02155671296296296 0.03428819444444445 0.012152777777777778