3 0.06398809523809523 0.23429232804232805 0.12797619047619047 0.16170634920634921
5 0.49603174603174605 0.4148478835978836 0.15550595238095238 0.17096560846560846
3 0.8139880952380952 0.19113756613756613 0.12251984126984126 0.18518518518518517
5 0.6773313492063492 0.5302579365079365 0.18700396825396826 0.2056878306878307
5 0.7760416666666666 0.7594246031746031 0.10243055555555555 0.2857142857142857
3 0.13864087301587302 0.12169312169312169 0.14831349206349206 0.1832010582010582
6 0.32849702380952384 0.4148478835978836 0.18154761904761904 0.373015873015873
3 0.8328373015873016 0.08300264550264551 0.09350198412698413 0.11375661375661375
6 0.07068452380952381 0.8492063492063492 0.14136904761904762 0.29993386243386244
1 0.35143849206349204 0.548776455026455 0.031001984126984128 0.022486772486772486
1 0.17318948412698412 0.1742063492063492 0.019097222222222224 0.014219576719576719
5 0.6020585317460317 0.49851190476190477 0.11011904761904762 0.19444444444444445
1 0.8118179563492064 0.24925925925925926 0.021455853174603176 0.015995370370370368
0 0.07728422619047619 0.2796825396825397 0.03155257936507937 0.014047619047619047