3 0.3601190476190476 0.42840608465608465 0.2309027777777778 0.31845238095238093
3 0.6970486111111112 0.25496031746031744 0.12103174603174603 0.17063492063492064
3 0.6108630952380952 0.14417989417989419 0.09077380952380952 0.11541005291005291
5 0.08333333333333333 0.4935515873015873 0.06870039682539683 0.19345238095238096
5 0.8361855158730159 0.20171957671957672 0.043154761904761904 0.12103174603174603
5 0.09362599206349206 0.9098875661375662 0.12921626984126985 0.18022486772486773
5 0.16158234126984128 0.2524801587301587 0.045882936507936505 0.14285714285714285
5 0.30282738095238093 0.21147486772486773 0.040426587301587304 0.11607142857142858
5 0.7570684523809523 0.14963624338624337 0.03125 0.09788359788359788
5 0.44208829365079366 0.1884920634920635 0.03794642857142857 0.11937830687830688
3 0.5688244047619048 0.021164021164021163 0.05233134920634921 0.0419973544973545
5 0.6672867063492064 0.01951058201058201 0.020833333333333332 0.03902116402116402
5 0.2828621031746032 0.3447420634920635 0.04712301587301587 0.12334656084656084
5 0.4523809523809524 0.04298941798941799 0.022569444444444444 0.06746031746031746
4 0.20064484126984128 0.1509589947089947 0.028273809523809524 0.10119047619047619
0 0.6050347222222222 0.1744378306878307 0.023561507936507936 0.008267195767195767
5 0.44320436507936506 0.08564814814814815 0.02554563492063492 0.07043650793650794
0 0.3175843253968254 0.5646494708994709 0.03968253968253968 0.016534391534391533
0 0.6927083333333334 0.31084656084656087 0.030753968253968252 0.01025132275132275
5 0.37611607142857145 0.02132936507936508 0.0220734126984127 0.04265873015873016
5 0.4351438492063492 0.1314484126984127 0.033482142857142856 0.07837301587301587
5 0.16778273809523808 0.15608465608465608 0.03695436507936508 0.10052910052910052
5 0.13306051587301587 0.1302910052910053 0.05580357142857143 0.082010582010582
5 0.2058531746031746 0.08250661375661375 0.046875 0.07671957671957672