3 0.7217881944444444 0.41941550925925924 0.2163628472222222 0.25405092592592593
3 0.5897352430555556 0.2679398148148148 0.1794704861111111 0.15422453703703703
3 0.7608506944444444 0.13295717592592593 0.12955729166666666 0.1099537037037037
3 0.16612413194444445 0.8333333333333334 0.3322482638888889 0.33304398148148145
5 0.4749348958333333 0.16767939814814814 0.043402777777777776 0.11603009259259259
3 0.9624565972222222 0.10850694444444445 0.07508680555555555 0.1009837962962963
3 0.9469401041666666 0.04586226851851852 0.0939670138888889 0.09172453703703703
5 0.2868923611111111 0.2552083333333333 0.05881076388888889 0.1545138888888889
5 0.6750217013888888 0.17274305555555555 0.03819444444444445 0.11574074074074074
5 0.8588324652777778 0.0881076388888889 0.03342013888888889 0.09722222222222222
5 0.84375 0.024739583333333332 0.025173611111111112 0.04918981481481482
3 0.7248263888888888 0.08940972222222222 0.10872395833333333 0.09143518518518519
5 0.5350868055555555 0.10152777777777777 0.035078124999999995 0.09931712962962963
1 0.7278645833333334 0.15943287037037038 0.016059027777777776 0.01244212962962963
0 0.6778428819444444 0.5007233796296297 0.041015625 0.018518518518518517
5 0.9038628472222222 0.018952546296296297 0.026909722222222224 0.037905092592592594
0 0.5351692708333333 0.3138570601851852 0.029322916666666667 0.013995949074074074
0 0.9599175347222223 0.13313078703703704 0.020939670138888887 0.008851273148148148
1 0.9315863715277778 0.07049768518518518 0.012430555555555556 0.00921875
1 0.7016818576388889 0.11805266203703704 0.014036458333333335 0.011024305555555556
4 0.5151584201388889 0.06517939814814815 0.019129774305555555 0.08360243055555555
5 0.49021918402777775 0.028417245370370367 0.020883246527777777 0.056837384259259265
4 0.3596592881944444 0.11677083333333334 0.030674913194444445 0.05880787037037037
4 0.2964040798611111 0.12076388888888889 0.02541015625 0.060986689814814816
4 0.2478493923611111 0.13903645833333333 0.04410590277777778 0.08349247685185185
4 0.2731705729166667 0.10805844907407407 0.022506510416666667 0.05396990740740741
4 0.07186631944444445 0.20190393518518518 0.04965277777777778 0.08943576388888888
5 0.29530815972222224 0.18835358796296298 0.04181423611111111 0.08943576388888888