3 0.7364831349206349 0.509755291005291 0.14905753968253968 0.2218915343915344
3 0.5241815476190477 0.4298941798941799 0.13640873015873015 0.17592592592592593
3 0.7038690476190477 0.29150132275132273 0.11731150793650794 0.1712962962962963
5 0.8954613095238095 0.625 0.06746031746031746 0.226521164021164
6 0.636780753968254 0.08118386243386243 0.061755952380952384 0.12235449735449735
3 0.23685515873015872 0.21048280423280424 0.12227182539682539 0.11838624338624339
5 0.4486607142857143 0.25578703703703703 0.034970238095238096 0.10714285714285714
5 0.022817460317460316 0.42328042328042326 0.04538690476190476 0.14517195767195767
2 0.24379960317460317 0.7096560846560847 0.48759920634920634 0.5806878306878307
5 0.7916666666666666 0.2425595238095238 0.03373015873015873 0.10648148148148148
5 0.05282738095238095 0.5692791005291006 0.06522817460317461 0.1789021164021164
5 0.26587301587301587 0.36706349206349204 0.043402777777777776 0.10912698412698413
5 0.33097718253968256 0.36921296296296297 0.046378968253968256 0.11507936507936507
5 0.07973710317460317 0.47337962962962965 0.0625 0.15244708994708994
5 0.3678075396825397 0.29728835978835977 0.04092261904761905 0.12202380952380952
5 0.47172619047619047 0.20320767195767195 0.028521825396825396 0.08862433862433862
5 0.5200892857142857 0.10052910052910052 0.021577380952380952 0.06283068783068783
5 0.5894097222222222 0.230489417989418 0.03149801587301587 0.09788359788359788
0 0.7338789682539683 0.5830026455026455 0.03794642857142857 0.013227513227513227
1 0.5094246031746031 0.48842592592592593 0.023809523809523808 0.017526455026455025
5 0.7002728174603174 0.13938492063492064 0.025793650793650792 0.07837301587301587
5 0.24875992063492064 0.3100198412698413 0.037450396825396824 0.1207010582010582
5 0.4837549603174603 0.10201719576719577 0.023313492063492064 0.0667989417989418
5 0.6266121031746031 0.14401455026455026 0.0248015873015873 0.07804232804232804
5 0.6984126984126984 0.024966931216931217 0.015873015873015872 0.04563492063492063
5 0.5441468253968254 0.11028439153439154 0.02058531746031746 0.06977513227513228
5 0.9331597222222222 0.023148148148148147 0.016865079365079364 0.044642857142857144
5 0.6968005952380952 0.07556216931216932 0.02058531746031746 0.05919312169312169
5 0.34871031746031744 0.2134589947089947 0.029513888888888888 0.09126984126984126
5 0.26178075396825395 0.26091269841269843 0.033234126984126984 0.09523809523809523
5 0.7738095238095238 0.06861772486772487 0.02132936507936508 0.06117724867724868
5 0.5927579365079365 0.09457671957671958 0.018849206349206348 0.06018518518518518
5 0.45424107142857145 0.14715608465608465 0.026041666666666668 0.07572751322751323
5 0.36594742063492064 0.22552910052910052 0.031001984126984128 0.07341269841269842
4 0.3056795634920635 0.14930555555555555 0.017857142857142856 0.06349206349206349
4 0.33878968253968256 0.0916005291005291 0.015128968253968254 0.05489417989417989
5 0.9182787698412699 0.9484126984126984 0.09796626984126984 0.10317460317460317
5 0.6691468253968254 0.01488095238095238 0.016121031746031748 0.02976190476190476
5 0.5327380952380952 0.06564153439153439 0.017361111111111112 0.05026455026455026
0 0.2099454365079365 0.24670965608465606 0.020691964285714286 0.007972883597883597
5 0.7631448412698413 0.03786375661375661 0.017857142857142856 0.05357142857142857
5 0.5524553571428571 0.074239417989418 0.018601190476190476 0.052248677248677246
5 0.3828125 0.3826058201058201 0.050595238095238096 0.09093915343915344
5 0.44928075396825395 0.09011243386243387 0.024057539682539684 0.06547619047619048
5 0.7641369047619048 0.011739417989417989 0.016865079365079364 0.022486772486772486
5 0.4790426587301587 0.04662698412698413 0.016865079365079364 0.04265873015873016
6 0.7585143849206349 0.16502645502645502 0.06796378968253967 0.11888558201058201
1 0.7595486111111112 0.20767195767195767 0.01314484126984127 0.00992063492063492
0 0.7071701388888889 0.3337334656084656 0.028871527777777777 0.009623015873015874