2 0.4742063492063492 0.33035714285714285 0.1654265873015873 0.21329365079365079
5 0.35379464285714285 0.7488425925925926 0.0716765873015873 0.22916666666666666
3 0.7471478174603174 0.18121693121693122 0.06349206349206349 0.07275132275132275
5 0.43117559523809523 0.6823743386243386 0.0689484126984127 0.20304232804232805
5 0.11408730158730158 0.521494708994709 0.06076388888888889 0.16236772486772486
5 0.8550347222222222 0.45618386243386244 0.043402777777777776 0.13425925925925927
3 0.14459325396825398 0.31630291005291006 0.16939484126984128 0.09490740740740741
3 0.6533978174603174 0.12516534391534392 0.04092261904761905 0.06084656084656084
3 0.6754712301587301 0.07539682539682539 0.040674603174603176 0.037037037037037035
5 0.24441964285714285 0.36574074074074076 0.034722222222222224 0.10383597883597884
5 0.6101190476190477 0.19345238095238096 0.023065476190476192 0.06448412698412699
3 0.8988095238095238 0.04348544973544974 0.028521825396825396 0.028108465608465607
5 0.6781994047619048 0.16517857142857142 0.018849206349206348 0.0582010582010582
5 0.5670882936507936 0.1669973544973545 0.019345238095238096 0.05720899470899471
5 0.8562748015873016 0.16980820105820105 0.021825396825396824 0.061507936507936505
5 0.8017113095238095 0.11425264550264551 0.017361111111111112 0.0496031746031746
3 0.41220238095238093 0.12301587301587301 0.05431547619047619 0.05324074074074074
3 0.8177083333333334 0.03571428571428571 0.03373015873015873 0.031084656084656083
3 0.7036210317460317 0.0646494708994709 0.031746031746031744 0.03373015873015873
1 0.4527777777777778 0.40942460317460316 0.01765873015873016 0.01230489417989418
5 0.7514880952380952 0.07324735449735449 0.015376984126984126 0.041666666666666664
5 0.8985615079365079 0.07374338624338625 0.012648809523809524 0.04034391534391534
5 0.8402777777777778 0.06564153439153439 0.012648809523809524 0.03835978835978836
5 0.8618551587301587 0.12731481481481483 0.01984126984126984 0.056216931216931214
5 0.791046626984127 0.06580687830687831 0.013640873015873016 0.03373015873015873
4 0.28849950396825397 0.23285383597883597 0.022165178571428572 0.07136904761904762