2 0.3628472222222222 0.17840608465608465 0.17038690476190477 0.21626984126984128
5 0.25310019841269843 0.685681216931217 0.07490079365079365 0.23644179894179895
5 0.558531746031746 0.6162367724867724 0.060515873015873016 0.2251984126984127
3 0.669890873015873 0.1701388888888889 0.0642361111111111 0.08234126984126984
5 0.39868551587301587 0.5720899470899471 0.059027777777777776 0.20965608465608465
5 0.09151785714285714 0.38392857142857145 0.04513888888888889 0.13690476190476192
5 0.7872023809523809 0.5715939153439153 0.06547619047619048 0.2027116402116402
5 0.4632936507936508 0.48578042328042326 0.05654761904761905 0.17394179894179895
5 0.5513392857142857 0.3956679894179894 0.04290674603174603 0.14484126984126985
3 0.20560515873015872 0.19907407407407407 0.1056547619047619 0.11243386243386243
3 0.6651785714285714 0.04398148148148148 0.03943452380952381 0.044642857142857144
3 0.05654761904761905 0.7986111111111112 0.1130952380952381 0.4021164021164021
5 0.5634920634920635 0.22288359788359788 0.029017857142857144 0.09556878306878307
5 0.6160714285714286 0.14252645502645503 0.0220734126984127 0.07242063492063493
5 0.5797371031746031 0.09375 0.01984126984126984 0.06183862433862434
5 0.5321180555555556 0.11259920634920635 0.021825396825396824 0.06646825396825397
4 0.2541964285714286 0.9464285714285714 0.09102182539682539 0.10714285714285714
5 0.9895833333333334 0.20899470899470898 0.020833333333333332 0.08862433862433862
5 0.26599702380952384 0.20337301587301587 0.022817460317460316 0.08333333333333333
1 0.3315972222222222 0.27199074074074076 0.015376984126984126 0.010912698412698412
5 0.5861855158730159 0.021164021164021163 0.014136904761904762 0.0419973544973545
5 0.6071428571428571 0.014219576719576719 0.01314484126984127 0.028439153439153438
3 0.4113343253968254 0.05803571428571429 0.044642857142857144 0.035383597883597885
5 0.5080605158730159 0.10598544973544974 0.016121031746031748 0.05423280423280423
5 0.5515873015873016 0.017691798941798943 0.01314484126984127 0.034722222222222224
5 0.49813988095238093 0.06729497354497355 0.015873015873015872 0.051587301587301584
5 0.5084325396825397 0.051587301587301584 0.017361111111111112 0.04794973544973545
4 0.07428075396825397 0.1775793650793651 0.020089285714285716 0.0787037037037037
5 0.8361855158730159 0.04943783068783069 0.014632936507936508 0.04497354497354497
1 0.6691468253968254 0.19246031746031747 0.011408730158730158 0.00958994708994709
5 0.6868799603174603 0.01917989417989418 0.014384920634920634 0.036375661375661374
5 0.8552827380952381 0.04133597883597884 0.008928571428571428 0.042328042328042326
4 0.0382390873015873 0.15431547619047617 0.017333829365079365 0.07115079365079365
4 0.11913442460317461 0.18173280423280422 0.02957093253968254 0.058009259259259253