3 0.7330109126984127 0.7837301587301587 0.19072420634920634 0.3290343915343915
2 0.3785887896825397 0.5267857142857143 0.3142534722222222 0.48214285714285715
3 0.7063492063492064 0.49206349206349204 0.10540674603174603 0.13756613756613756
3 0.11148313492063493 0.5071097883597884 0.14012896825396826 0.13425925925925927
2 0.36830357142857145 0.30952380952380953 0.16592261904761904 0.16435185185185186
5 0.08792162698412699 0.7471891534391535 0.07192460317460317 0.2056878306878307
3 0.6447172619047619 0.32919973544973546 0.07018849206349206 0.0873015873015873
5 0.6123511904761905 0.5661375661375662 0.04389880952380952 0.14715608465608465
3 0.5140128968253969 0.263723544973545 0.05530753968253968 0.06084656084656084
3 0.5758928571428571 0.22552910052910052 0.041914682539682536 0.050595238095238096
3 0.8342782738095238 0.24962962962962962 0.06069444444444445 0.057470238095238095
3 0.8223387896825397 0.16089616402116402 0.029265873015873016 0.02943121693121693
5 0.8416418650793651 0.513558201058201 0.03968253968253968 0.13128306878306878
5 0.08568948412698413 0.5985449735449735 0.053323412698412696 0.14054232804232805
5 0.7823660714285714 0.47238756613756616 0.03422619047619048 0.11210317460317461
5 0.5735367063492064 0.39087301587301587 0.03125 0.09027777777777778
3 0.6383928571428571 0.2640542328042328 0.046378968253968256 0.05720899470899471
3 0.6214037698412699 0.19940476190476192 0.032242063492063495 0.03670634920634921
5 0.5963541666666666 0.46048280423280424 0.03720238095238095 0.10714285714285714
5 0.7322668650793651 0.3478835978835979 0.022817460317460316 0.07804232804232804
5 0.45696924603174605 0.22023809523809523 0.015376984126984126 0.04298941798941799
5 0.23921130952380953 0.47337962962962965 0.03125 0.08366402116402116
5 0.5859375 0.2959656084656085 0.020337301587301588 0.06117724867724868
1 0.3444940476190476 0.7468584656084656 0.026537698412698412 0.018518518518518517
0 0.744171626984127 0.9125330687830688 0.04712301587301587 0.017195767195767195
5 0.023809523809523808 0.484457671957672 0.047619047619047616 0.08134920634920635
3 0.5693204365079365 0.1931216931216931 0.03298611111111111 0.041005291005291
5 0.6946924603174603 0.2619047619047619 0.019345238095238096 0.0582010582010582
3 0.6152182539682539 0.13720238095238094 0.02110863095238095 0.020648148148148148
5 0.25967261904761907 0.2931547619047619 0.031994047619047616 0.046957671957671955
3 0.5787450396825397 0.1650132275132275 0.030257936507936508 0.035383597883597885
5 0.6507936507936508 0.22718253968253968 0.017361111111111112 0.044642857142857144
5 0.5078273809523809 0.18791005291005292 0.011686507936507936 0.03357473544973545
5 0.4830109126984127 0.2622354497354497 0.021577380952380952 0.04927248677248677
5 0.6622693452380952 0.20025132275132274 0.012896825396825396 0.0419973544973545
5 0.5351438492063492 0.15957671957671957 0.009308035714285715 0.029613095238095237
1 0.7106696428571428 0.5330753968253968 0.018630952380952383 0.01333664021164021
5 0.5144295634920635 0.17147486772486772 0.009799107142857142 0.028892195767195768
5 0.3809226190476191 0.22134920634920635 0.03222222222222222 0.02613095238095238
5 0.6475892857142856 0.18494708994708994 0.013249007936507937 0.03496362433862434
5 0.6402728174603174 0.1608399470899471 0.010766369047619047 0.028707010582010584
5 0.5422792658730158 0.155869708994709 0.008005952380952381 0.028339947089947092
5 0.5516641865079365 0.14850859788359788 0.00855654761904762 0.025396825396825397
5 0.5620163690476191 0.15292658730158729 0.008834325396825396 0.027602513227513226
3 0.5102604166666667 0.14243716931216932 0.024015376984126983 0.022820767195767196
3 0.5247519841269842 0.13378637566137566 0.019322916666666665 0.02097883597883598
3 0.5693328373015873 0.12108796296296297 0.019047619047619046 0.017665343915343915
2 0.5921130952380953 0.14557539682539683 0.029114583333333333 0.041078042328042325
3 0.8422891865079365 0.21418650793650795 0.04051587301587302 0.03249669312169312
3 0.8073139880952381 0.1477149470899471 0.023740079365079363 0.022791005291005292
5 0.839283234126984 0.15425595238095238 0.00917906746031746 0.028277116402116404
5 0.8275719246031746 0.13357473544973544 0.008546626984126985 0.023210978835978835