3 0.6912202380952381 0.5234788359788359 0.18501984126984128 0.2804232804232804
3 0.06944444444444445 0.3950066137566138 0.13814484126984128 0.19874338624338625
3 0.38764880952380953 0.2328042328042328 0.109375 0.12533068783068782
3 0.6186755952380952 0.18931878306878308 0.09275793650793651 0.1111111111111111
5 0.38095238095238093 0.4885912698412698 0.061755952380952384 0.19212962962962962
5 0.19853670634920634 0.29150132275132273 0.046378968253968256 0.14087301587301587
5 0.12524801587301587 0.24090608465608465 0.04290674603174603 0.12003968253968254
5 0.4879712301587302 0.23792989417989419 0.03546626984126984 0.11904761904761904
5 0.4097222222222222 0.13442460317460317 0.029265873015873016 0.0787037037037037
5 0.3267609126984127 0.19874338624338625 0.033234126984126984 0.103505291005291
5 0.5307539682539683 0.031580687830687834 0.019097222222222224 0.05853174603174603
5 0.2569444444444444 0.23958333333333334 0.03993055555555555 0.11706349206349206
5 0.3464781746031746 0.08217592592592593 0.024057539682539684 0.07175925925925926
5 0.21639384920634921 0.13938492063492064 0.031001984126984128 0.08895502645502645
5 0.5626240079365079 0.052248677248677246 0.019345238095238096 0.06613756613756613
5 0.3828125 0.07853835978835978 0.022321428571428572 0.07308201058201058
3 0.8332093253968254 0.024305555555555556 0.03869047619047619 0.04861111111111111
1 0.6919642857142857 0.6337632275132276 0.03125 0.021825396825396824
5 0.4956597222222222 0.16848544973544974 0.029513888888888888 0.08895502645502645
5 0.47681051587301587 0.052083333333333336 0.020833333333333332 0.06415343915343916
5 0.484375 0.11292989417989419 0.025297619047619048 0.07837301587301587
5 0.4383680555555556 0.09275793650793651 0.024057539682539684 0.07605820105820106
5 0.4435763888888889 0.052744708994709 0.0220734126984127 0.0539021164021164
5 0.24553571428571427 0.19675925925925927 0.031001984126984128 0.09788359788359788
5 0.29997519841269843 0.11970899470899471 0.023065476190476192 0.07572751322751323
3 0.3638392857142857 0.020833333333333332 0.05233134920634921 0.041666666666666664
5 0.3151041666666667 0.14814814814814814 0.027777777777777776 0.08994708994708994
5 0.3115079365079365 0.041005291005291 0.018849206349206348 0.060515873015873016
5 0.40835813492063494 0.09060846560846561 0.024553571428571428 0.04828042328042328
5 0.9889632936507936 0.8677248677248677 0.021825396825396824 0.26455026455026454
4 0.17354166666666668 0.10143518518518518 0.025550595238095237 0.07579034391534391
4 0.01614583333333333 0.1830952380952381 0.028296130952380955 0.11052248677248679