3 0.038938492063492064 0.48115079365079366 0.07787698412698413 0.14914021164021163
6 0.3841765873015873 0.4991732804232804 0.22470238095238096 0.42294973544973546
3 0.6222718253968254 0.1746031746031746 0.0339781746031746 0.037698412698412696
5 0.6333085317460317 0.5196759259259259 0.036210317460317464 0.13095238095238096
3 0.4037698412698413 0.226521164021164 0.044890873015873016 0.04828042328042328
5 0.2013888888888889 0.4935515873015873 0.037450396825396824 0.12896825396825398
5 0.13206845238095238 0.4685846560846561 0.042162698412698416 0.11243386243386243
3 0.6681547619047619 0.1284722222222222 0.023313492063492064 0.02546296296296296
5 0.5863095238095238 0.361276455026455 0.027529761904761904 0.08697089947089948
3 0.6266121031746031 0.12962962962962962 0.02554563492063492 0.02513227513227513
5 0.48425099206349204 0.21825396825396826 0.015873015873015872 0.04828042328042328
5 0.09796626984126984 0.40906084656084657 0.035962301587301584 0.08928571428571429
5 0.5044642857142857 0.23148148148148148 0.017857142857142856 0.04828042328042328
5 0.44568452380952384 0.2457010582010582 0.017361111111111112 0.0539021164021164
1 0.3753000992063492 0.6561111111111111 0.025049603174603176 0.017195767195767195
5 0.45089285714285715 0.21213624338624337 0.01636904761904762 0.04298941798941799
5 0.5298859126984127 0.20866402116402116 0.014632936507936508 0.04662698412698413
5 0.275421626984127 0.45519179894179895 0.03273809523809524 0.13525132275132276
5 0.5230654761904762 0.2802579365079365 0.020089285714285716 0.06183862433862434
5 0.5048363095238095 0.16600529100529102 0.013640873015873016 0.037698412698412696
5 0.5983382936507936 0.1474867724867725 0.010912698412698412 0.03373015873015873
5 0.6767113095238095 0.18022486772486773 0.012152777777777778 0.037698412698412696
5 0.046999007936507936 0.40062830687830686 0.05679563492063492 0.07903439153439154
3 0.28864335317460316 0.2891137566137566 0.07007936507936507 0.08128637566137566