3 0.5979662698412699 0.5787037037037037 0.15947420634920634 0.23412698412698413
3 0.28583829365079366 0.8043981481481481 0.30183531746031744 0.3912037037037037
5 0.043402777777777776 0.3318452380952381 0.05233134920634921 0.1283068783068783
3 0.44717261904761907 0.10152116402116403 0.07539682539682539 0.06977513227513228
2 0.5881696428571429 0.08300264550264551 0.06101190476190476 0.09556878306878307
5 0.2421875 0.38839285714285715 0.046378968253968256 0.14351851851851852
5 0.7731894841269841 0.351521164021164 0.040674603174603176 0.13690476190476192
5 0.6310763888888888 0.32076719576719576 0.03993055555555555 0.12235449735449735
3 0.8758680555555556 0.10664682539682539 0.035962301587301584 0.05952380952380952
5 0.4652777777777778 0.2800925925925926 0.03422619047619048 0.10747354497354497
5 0.026041666666666668 0.6342592592592593 0.052083333333333336 0.21792328042328044
5 0.330109126984127 0.2996031746031746 0.03720238095238095 0.11375661375661375
5 0.2074652777777778 0.3194444444444444 0.04662698412698413 0.12698412698412698
5 0.15625 0.24603174603174602 0.03844246031746032 0.10615079365079365
5 0.4232390873015873 0.24206349206349206 0.03125 0.09755291005291006
1 0.5992063492063492 0.6531084656084656 0.029513888888888888 0.0205026455026455
5 0.7429315476190477 0.17824074074074073 0.024553571428571428 0.08068783068783068
3 0.7038690476190477 0.023313492063492064 0.03373015873015873 0.036375661375661374
5 0.42162698412698413 0.15674603174603174 0.022321428571428572 0.07572751322751323
5 0.5080605158730159 0.0539021164021164 0.01636904761904762 0.046296296296296294
5 0.48821924603174605 0.07142857142857142 0.016865079365079364 0.05026455026455026
5 0.6719990079365079 0.02562830687830688 0.01314484126984127 0.04398148148148148
5 0.6023065476190477 0.023148148148148147 0.017609126984126984 0.027777777777777776
5 0.8624751984126984 0.03951719576719577 0.012896825396825396 0.04265873015873016
5 0.5555555555555556 0.05125661375661376 0.014136904761904762 0.046296296296296294