6 0.31733630952380953 0.48759920634920634 0.2222222222222222 0.3191137566137566
3 0.42782738095238093 0.3490410052910053 0.10788690476190477 0.1474867724867725
3 0.7224702380952381 0.3725198412698413 0.11284722222222222 0.13624338624338625
2 0.39012896825396826 0.16600529100529102 0.09052579365079365 0.1789021164021164
3 0.6401289682539683 0.25132275132275134 0.08630952380952381 0.09556878306878307
3 0.45882936507936506 0.14947089947089948 0.06101190476190476 0.06911375661375661
3 0.5463789682539683 0.18733465608465608 0.062003968253968256 0.0710978835978836
3 0.9489087301587301 0.1111111111111111 0.05704365079365079 0.05787037037037037
6 0.6050347222222222 0.11292989417989419 0.06522817460317461 0.11937830687830688
5 0.3332093253968254 0.29646164021164023 0.029513888888888888 0.06911375661375661
3 0.935515873015873 0.052248677248677246 0.03695436507936508 0.03869047619047619
5 0.49516369047619047 0.23346560846560846 0.028521825396825396 0.08333333333333333
3 0.6867559523809523 0.0701058201058201 0.03819444444444445 0.0419973544973545
5 0.23425099206349206 0.21792328042328044 0.05654761904761905 0.07175925925925926
2 0.4696180555555556 0.041005291005291 0.057787698412698416 0.07837301587301587
4 0.8329613095238095 0.9340277777777778 0.09771825396825397 0.13194444444444445
3 0.65625 0.023313492063492064 0.024057539682539684 0.02976190476190476
3 0.9872271825396826 0.09408068783068783 0.025297619047619048 0.047619047619047616
5 0.7522321428571429 0.14715608465608465 0.02554563492063492 0.06911375661375661
5 0.691468253968254 0.13260582010582012 0.019345238095238096 0.05952380952380952
1 0.28583829365079366 0.6139219576719577 0.025049603174603176 0.017195767195767195
5 0.3133680555555556 0.20105820105820105 0.03521825396825397 0.06779100529100529
5 0.7203621031746031 0.1337632275132275 0.019097222222222224 0.06349206349206349
2 0.5560515873015873 0.0539021164021164 0.04439484126984127 0.07142857142857142
3 0.9875992063492064 0.014054232804232803 0.024553571428571428 0.028108465608465607
5 0.5251736111111112 0.13855820105820105 0.024553571428571428 0.059854497354497355
3 0.9921875 0.14401455026455026 0.015376984126984126 0.06812169312169312
5 0.6750992063492064 0.11590608465608465 0.01711309523809524 0.05720899470899471
5 0.5168650793650794 0.050595238095238096 0.014632936507936508 0.041005291005291
0 0.7247023809523809 0.4126984126984127 0.028025793650793652 0.011243386243386243
5 0.9465525793650794 0.017361111111111112 0.012152777777777778 0.031746031746031744
4 0.20252232142857143 0.21070767195767195 0.01636904761904762 0.06983796296296296
4 0.2755877976190476 0.192255291005291 0.02321428571428571 0.06071097883597884