3 0.6015625 0.46164021164021163 0.13219246031746032 0.18055555555555555
3 0.3664434523809524 0.283234126984127 0.12227182539682539 0.14153439153439154
3 0.6468253968253969 0.22900132275132276 0.08556547619047619 0.12400793650793651
6 0.14298115079365079 0.5679563492063492 0.28596230158730157 0.46064814814814814
3 0.18204365079365079 0.2101521164021164 0.11458333333333333 0.1111111111111111
3 0.48053075396825395 0.09408068783068783 0.04712301587301587 0.056216931216931214
5 0.3939732142857143 0.5648148148148148 0.05282738095238095 0.19675925925925927
3 0.5710565476190477 0.06316137566137567 0.03993055555555555 0.046957671957671955
3 0.6541418650793651 0.06431878306878307 0.04513888888888889 0.056216931216931214
5 0.2465277777777778 0.29662698412698413 0.037450396825396824 0.09060846560846561
3 0.5647321428571429 0.017691798941798943 0.03273809523809524 0.035383597883597885
5 0.6538938492063492 0.136739417989418 0.024057539682539684 0.062169312169312166
1 0.5947420634920635 0.519510582010582 0.024057539682539684 0.017195767195767195
3 0.3872767857142857 0.07886904761904762 0.046875 0.04927248677248677
5 0.5347222222222222 0.010582010582010581 0.009672619047619048 0.021164021164021163
5 0.6285962301587301 0.037037037037037035 0.013888888888888888 0.041005291005291
3 0.3627232142857143 0.8392857142857143 0.23933531746031747 0.32142857142857145
5 0.6041666666666666 0.022321428571428572 0.011408730158730158 0.03505291005291005
3 0.9856150793650794 0.2743055555555556 0.028769841269841268 0.13425925925925927
5 0.8175843253968254 0.05720899470899471 0.018601190476190476 0.06448412698412699
4 0.1480654761904762 0.25148809523809523 0.0220734126984127 0.08763227513227513
5 0.5505952380952381 0.05241402116402116 0.015376984126984126 0.04398148148148148
5 0.34598214285714285 0.08449074074074074 0.01636904761904762 0.049933862433862435
5 0.49516369047619047 0.022321428571428572 0.011904761904761904 0.03935185185185185
5 0.46316964285714285 0.02513227513227513 0.011904761904761904 0.03902116402116402
5 0.513640873015873 0.014219576719576719 0.010168650793650794 0.028439153439153438
0 0.34296875 0.33258597883597885 0.025302579365079365 0.008141534391534392
2 0.4289806547619048 0.1491898148148148 0.07849702380952381 0.1129265873015873
0 0.6462847222222222 0.2653637566137566 0.021284722222222222 0.007364417989417989