2 0.19456845238095238 0.7357804232804233 0.3888888888888889 0.5284391534391535
3 0.6644345238095238 0.6871693121693122 0.11557539682539683 0.20105820105820105
3 0.6655505952380952 0.48644179894179895 0.05704365079365079 0.07308201058201058
5 0.5469990079365079 0.7352843915343915 0.04439484126984127 0.1431878306878307
5 0.8747519841269841 0.7552910052910053 0.053075396825396824 0.16104497354497355
3 0.45349702380952384 0.4548611111111111 0.06597222222222222 0.07076719576719577
5 0.6919642857142857 0.5823412698412699 0.030257936507936508 0.08630952380952381
3 0.5659722222222222 0.4244378306878307 0.04513888888888889 0.05720899470899471
5 0.5776289682539683 0.5593584656084656 0.025793650793650792 0.09358465608465609
5 0.8356894841269841 0.4575066137566138 0.023313492063492064 0.05886243386243386
3 0.5814732142857143 0.3369708994708995 0.023561507936507936 0.027447089947089946
3 0.8410218253968254 0.38822751322751325 0.05009920634920635 0.04431216931216931
5 0.9273313492063492 0.40062830687830686 0.018601190476190476 0.04265873015873016
3 0.8103918650793651 0.4105489417989418 0.033234126984126984 0.04794973544973545
3 0.6166914682539683 0.3723544973544973 0.026785714285714284 0.03306878306878307
3 0.3602430555555556 0.4669312169312169 0.06448412698412699 0.05489417989417989
3 0.5699404761904762 0.3783068783068783 0.030753968253968252 0.03902116402116402
5 0.4114583333333333 0.5165343915343915 0.028025793650793652 0.06746031746031746
3 0.8270089285714286 0.35532407407407407 0.04538690476190476 0.04034391534391534
5 0.7095734126984127 0.47619047619047616 0.02132936507936508 0.06746031746031746
5 0.4930555555555556 0.38227513227513227 0.012896825396825396 0.03439153439153439
5 0.4574652777777778 0.4975198412698413 0.0248015873015873 0.0667989417989418
5 0.46999007936507936 0.4044312169312169 0.01488095238095238 0.03406084656084656
4 0.041914682539682536 0.6187169312169312 0.02554563492063492 0.07539682539682539
5 0.6608382936507936 0.37996031746031744 0.014384920634920634 0.04497354497354497
5 0.9162946428571429 0.3549933862433862 0.01488095238095238 0.03505291005291005
5 0.994171626984127 0.38657407407407407 0.011656746031746032 0.042328042328042326
5 0.5178571428571429 0.37367724867724866 0.016617063492063492 0.03835978835978836
5 0.6365327380952381 0.3802910052910053 0.012648809523809524 0.03869047619047619
5 0.3931051587301587 0.5444775132275133 0.0220734126984127 0.07771164021164022
5 0.5358382936507936 0.3783068783068783 0.011160714285714286 0.03902116402116402
5 0.5451388888888888 0.359292328042328 0.009672619047619048 0.031084656084656083
5 0.5555555555555556 0.3558201058201058 0.010416666666666666 0.031746031746031744
5 0.9476686507936508 0.3644179894179894 0.017609126984126984 0.04133597883597884
0 0.6716269841269841 0.7705026455026455 0.033234126984126984 0.010582010582010581
5 0.45046875 0.3926951058201058 0.013348214285714286 0.03428571428571429