3 0.31063988095238093 0.5372023809523809 0.14384920634920634 0.17261904761904762
5 0.5817212301587301 0.8824404761904762 0.09474206349206349 0.23511904761904762
5 0.03360615079365079 0.7045304232804233 0.06721230158730158 0.18253968253968253
3 0.49367559523809523 0.41335978835978837 0.08333333333333333 0.11210317460317461
2 0.4037698412698413 0.22503306878306878 0.06473214285714286 0.09226190476190477
5 0.9267113095238095 0.4097222222222222 0.035962301587301584 0.0882936507936508
5 0.1189236111111111 0.5107473544973545 0.040674603174603176 0.12268518518518519
5 0.21316964285714285 0.4756944444444444 0.03670634920634921 0.1111111111111111
5 0.6866319444444444 0.46726190476190477 0.032242063492063495 0.10978835978835978
5 0.9835069444444444 0.3933531746031746 0.03298611111111111 0.082010582010582
3 0.7090773809523809 0.23032407407407407 0.027529761904761904 0.04265873015873016
5 0.6075148809523809 0.43700396825396826 0.030257936507936508 0.10185185185185185
5 0.5621279761904762 0.33548280423280424 0.021577380952380952 0.0701058201058201
5 0.3671875 0.4575066137566138 0.035962301587301584 0.09193121693121693
2 0.49528769841269843 0.14351851851851852 0.041914682539682536 0.04133597883597884
5 0.6170634920634921 0.3912037037037037 0.026537698412698412 0.07605820105820106
5 0.2585565476190476 0.28158068783068785 0.034970238095238096 0.051587301587301584
5 0.14856150793650794 0.3637566137566138 0.044890873015873016 0.0625
2 0.42844742063492064 0.15889550264550265 0.04538690476190476 0.04662698412698413
5 0.5832093253968254 0.25892857142857145 0.016617063492063492 0.05291005291005291
5 0.918030753968254 0.25810185185185186 0.01984126984126984 0.04662698412698413
6 0.5550595238095238 0.19212962962962962 0.03943452380952381 0.06977513227513228
5 0.2986111111111111 0.42212301587301587 0.03422619047619048 0.06977513227513228
5 0.7357390873015873 0.2585978835978836 0.016121031746031748 0.050595238095238096
3 0.7331349206349206 0.18584656084656084 0.021577380952380952 0.028108465608465607
0 0.4928447420634921 0.4502678571428571 0.020163690476190474 0.007533068783068784
0 0.28313492063492063 0.5954662698412698 0.030307539682539682 0.010049603174603175
5 0.019593253968253968 0.40128968253968256 0.030257936507936508 0.0796957671957672
5 0.5794890873015873 0.22916666666666666 0.014632936507936508 0.03802910052910053
5 0.5616319444444444 0.21610449735449735 0.01488095238095238 0.03505291005291005
5 0.28435019841269843 0.4548611111111111 0.03249007936507937 0.07275132275132275
5 0.9096651785714286 0.21590608465608466 0.02663938492063492 0.027007275132275133
6 0.44601686507936505 0.20721560846560846 0.035066964285714285 0.05927579365079365
6 0.502547123015873 0.20171957671957672 0.03468501984126984 0.06004298941798942
4 0.9264955357142858 0.21078042328042326 0.009734623015873016 0.03611772486772487