3 0.6869574652777778 0.6354166666666666 0.19422743055555555 0.2508680555555556
3 0.3967013888888889 0.44458912037037035 0.13997395833333334 0.1869212962962963
3 0.3590494791666667 0.21498842592592593 0.1130642361111111 0.13859953703703703
3 0.8472222222222222 0.3029513888888889 0.1349826388888889 0.13975694444444445
3 0.5929904513888888 0.3098958333333333 0.12000868055555555 0.14351851851851852
5 0.185546875 0.8083043981481481 0.0859375 0.2884837962962963
3 0.3641493055555556 0.04267939814814815 0.06944444444444445 0.08275462962962964
3 0.6905381944444444 0.030815972222222224 0.12174479166666667 0.06163194444444445
5 0.24717881944444445 0.4275173611111111 0.05251736111111111 0.13802083333333334
3 0.4518229166666667 0.9066840277777778 0.2903645833333333 0.18663194444444445
5 0.14973958333333334 0.4470486111111111 0.05164930555555555 0.16493055555555555
5 0.22623697916666666 0.32740162037037035 0.04188368055555555 0.1339699074074074
5 0.8971354166666666 0.22019675925925927 0.07335069444444445 0.10416666666666667
5 0.4259982638888889 0.14438657407407407 0.031901041666666664 0.09693287037037036
5 0.2497829861111111 0.5545428240740741 0.05186631944444445 0.1958912037037037
5 0.5640190972222222 0.029079861111111112 0.033854166666666664 0.058159722222222224
5 0.1691623263888889 0.16304976851851852 0.03233506944444445 0.09953703703703703
5 0.05479600694444445 0.0892650462962963 0.028211805555555556 0.08246527777777778
3 0.9665798611111112 0.044849537037037035 0.06684027777777778 0.06539351851851852
1 0.4044053819444444 0.5030381944444444 0.025607638888888888 0.019097222222222224
5 0.20985243055555555 0.11328125 0.027994791666666668 0.0853587962962963
5 0.2537977430555556 0.10923032407407407 0.02734375 0.0853587962962963
1 0.6997612847222222 0.7236689814814815 0.033637152777777776 0.0234375
3 0.4237196180555556 0.01678240740740741 0.0822482638888889 0.033275462962962965
5 0.11187065972222222 0.6030092592592593 0.08051215277777778 0.21730324074074073
5 0.17154947916666666 0.08318865740740741 0.025173611111111112 0.07465277777777778
1 0.8736979166666666 0.3441840277777778 0.019314236111111112 0.013599537037037037
5 0.15342881944444445 0.014033564814814815 0.018446180555555556 0.027488425925925927
0 0.5988758680555555 0.34986111111111107 0.028700086805555556 0.009476273148148149
5 0.2336154513888889 0.033854166666666664 0.019314236111111112 0.06336805555555555
0 0.37109375 0.2562210648148148 0.026909722222222224 0.009548611111111112
5 0.1759982638888889 0.03891782407407408 0.020833333333333332 0.059895833333333336
5 0.3712022569444444 0.1032986111111111 0.031684027777777776 0.09490740740740741
5 0.2507595486111111 0.06510416666666667 0.026475694444444444 0.055844907407407406
1 0.37102430555555554 0.0562818287037037 0.010625 0.008081597222222223