3 0.8220486111111112 0.3460648148148148 0.19270833333333334 0.20283564814814814
3 0.3970269097222222 0.3493923611111111 0.18836805555555555 0.23582175925925927
3 0.53125 0.2550636574074074 0.16145833333333334 0.17158564814814814
3 0.19303385416666666 0.5416666666666666 0.2495659722222222 0.3370949074074074
3 0.3078342013888889 0.07074652777777778 0.134765625 0.14149305555555555
3 0.5617404513888888 0.11342592592592593 0.13368055555555555 0.12731481481481483
5 0.3561197916666667 0.8660300925925926 0.09526909722222222 0.26765046296296297
5 0.6205512152777778 0.8016493055555556 0.0900607638888889 0.3113425925925926
5 0.5709635416666666 0.6043113425925926 0.07508680555555555 0.24189814814814814
5 0.18153211805555555 0.1762152777777778 0.049262152777777776 0.14380787037037038
5 0.1240234375 0.9014756944444444 0.1740451388888889 0.1970486111111111
2 0.043511284722222224 0.07740162037037036 0.08680555555555555 0.15480324074074073
1 0.5588107638888888 0.3035300925925926 0.023871527777777776 0.017361111111111112
5 0.1494140625 0.04282407407407408 0.033637152777777776 0.08564814814814815
0 0.2097439236111111 0.6283275462962963 0.053385416666666664 0.019675925925925927
5 0.23253038194444445 0.022424768518518517 0.03493923611111111 0.044849537037037035
0 0.8623046875 0.4084201388888889 0.038411458333333336 0.013020833333333334
5 0.10308159722222222 0.016637731481481483 0.029296875 0.033275462962962965
0 0.4180772569444444 0.4301215277777778 0.04513888888888889 0.014467592592592593
0 0.33225911458333335 0.09482060185185184 0.021484375 0.008642939814814815
1 0.5888671875 0.14769675925925926 0.018446180555555556 0.013599537037037037
1 0.016102430555555557 0.13478877314814813 0.01910590277777778 0.013405671296296296