3 0.09660218253968254 0.7982804232804233 0.1932043650793651 0.40145502645502645
3 0.333953373015873 0.19196428571428573 0.1148313492063492 0.10813492063492064
3 0.6772073412698413 0.2769510582010582 0.10639880952380952 0.13955026455026456
3 0.5603918650793651 0.16832010582010581 0.08308531746031746 0.10482804232804233
5 0.17447916666666666 0.2638888888888889 0.038938492063492064 0.12268518518518519
5 0.30778769841269843 0.32242063492063494 0.04563492063492063 0.14153439153439154
5 0.1277281746031746 0.4307208994708995 0.0642361111111111 0.1818783068783069
5 0.21999007936507936 0.3455687830687831 0.04712301587301587 0.15641534391534392
5 0.738343253968254 0.4426256613756614 0.053075396825396824 0.18088624338624337
3 0.5081845238095238 0.05472883597883598 0.05679563492063492 0.06812169312169312
5 0.35639880952380953 0.4459325396825397 0.05233134920634921 0.18551587301587302
5 0.22271825396825398 0.15162037037037038 0.02976190476190476 0.09391534391534391
5 0.6494295634920635 0.09970238095238096 0.023561507936507936 0.0763888888888889
3 0.5252976190476191 0.020833333333333332 0.04836309523809524 0.041666666666666664
5 0.6506696428571429 0.048445767195767195 0.018601190476190476 0.05291005291005291
1 0.30944444444444447 0.22509259259259257 0.013640873015873016 0.012992724867724868
1 0.5553075396825397 0.19576719576719576 0.01488095238095238 0.011574074074074073
1 0.6778273809523809 0.3177910052910053 0.020337301587301588 0.01488095238095238