3 0.4835069444444444 0.580026455026455 0.09995039682539683 0.14186507936507936
3 0.6194196428571429 0.5226521164021164 0.08531746031746032 0.10912698412698413
2 0.46850198412698413 0.37979497354497355 0.08680555555555555 0.15343915343915343
5 0.7810019841269841 0.8915343915343915 0.07862103174603174 0.2166005291005291
3 0.030133928571428572 0.5355489417989417 0.06001984126984127 0.12797619047619047
5 0.6140873015873016 0.9125330687830688 0.07242063492063493 0.1746031746031746
5 0.5786210317460317 0.7660383597883598 0.052083333333333336 0.16832010582010581
2 0.18836805555555555 0.6216931216931217 0.18452380952380953 0.24933862433862433
5 0.3430059523809524 0.621031746031746 0.037450396825396824 0.12632275132275134
3 0.08382936507936507 0.4619708994708995 0.0716765873015873 0.08134920634920635
3 0.056051587301587304 0.4957010582010582 0.07291666666666667 0.0916005291005291
2 0.12698412698412698 0.3235780423280423 0.0642361111111111 0.06746031746031746
3 0.09573412698412699 0.2691798941798942 0.05282738095238095 0.03306878306878307
5 0.19308035714285715 0.3531746031746032 0.02058531746031746 0.051587301587301584
5 0.37103174603174605 0.32258597883597884 0.016865079365079364 0.04265873015873016
2 0.0248015873015873 0.2508267195767196 0.0496031746031746 0.07374338624338625
5 0.23883928571428573 0.32853835978835977 0.018105158730158732 0.046296296296296294
5 0.349578373015873 0.35796957671957674 0.017609126984126984 0.052248677248677246
5 0.267609126984127 0.39632936507936506 0.021081349206349208 0.06283068783068783
5 0.28249007936507936 0.3543320105820106 0.016865079365079364 0.05191798941798942
5 0.014384920634920634 0.8725198412698413 0.028769841269841268 0.19808201058201058
3 0.6060267857142857 0.3394510582010582 0.03422619047619048 0.07506613756613757
1 0.4793948412698413 0.6169940476190476 0.017492559523809525 0.011765873015873016
0 0.6236359126984127 0.5504133597883598 0.021458333333333333 0.008005952380952381
1 0.46316964285714285 0.4406018518518519 0.010843253968253967 0.008015873015873016
1 0.15064980158730157 0.7169576719576719 0.02088293650793651 0.014715608465608465
2 0.6343874007936507 0.2452314814814815 0.058159722222222224 0.05023478835978836
6 0.444156746031746 0.32538029100529103 0.049556051587301586 0.08900462962962963
6 0.3538566468253968 0.13077380952380951 0.06746279761904762 0.02701388888888889
6 0.7241592261904761 0.10622354497354498 0.12507440476190476 0.046653439153439155
5 0.1341468253968254 0.2618584656084656 0.019387400793650793 0.028912037037037038
5 0.1672048611111111 0.26383267195767196 0.02144345238095238 0.030128968253968255