3 0.3888888888888889 0.8745659722222222 0.3771701388888889 0.2508680555555556
5 0.6532118055555556 0.5847800925925926 0.15690104166666666 0.2638888888888889
5 0.5377604166666666 0.4955150462962963 0.1410590277777778 0.2277199074074074
5 0.09884331597222223 0.8412905092592593 0.1247829861111111 0.31741898148148145
5 0.2967664930555556 0.5143229166666666 0.07530381944444445 0.23697916666666666
5 0.5965711805555556 0.3359375 0.057291666666666664 0.18721064814814814
5 0.026584201388888888 0.4505208333333333 0.053168402777777776 0.2097800925925926
5 0.3884548611111111 0.6166087962962963 0.091796875 0.28501157407407407
5 0.4391276041666667 0.15306712962962962 0.048828125 0.12991898148148148
5 0.12706163194444445 0.3080150462962963 0.05642361111111111 0.18287037037037038
5 0.7271050347222222 0.28486689814814814 0.056206597222222224 0.1785300925925926
5 0.4441189236111111 0.2745949074074074 0.051215277777777776 0.17216435185185186
5 0.7380642361111112 0.03544560185185185 0.033854166666666664 0.0708912037037037
5 0.5981987847222222 0.04152199074074074 0.037109375 0.08304398148148148
5 0.060546875 0.027199074074074073 0.03602430555555555 0.054108796296296294
1 0.1343315972222222 0.3404224537037037 0.018880208333333332 0.01678240740740741