3 0.2720734126984127 0.7875330687830688 0.21999007936507936 0.30787037037037035
3 0.22681051587301587 0.5324074074074074 0.18253968253968253 0.18683862433862433
3 0.6243799603174603 0.42294973544973546 0.12450396825396826 0.1703042328042328
3 0.490203373015873 0.34970238095238093 0.09077380952380952 0.1412037037037037
3 0.3741319444444444 0.1853505291005291 0.09151785714285714 0.06481481481481481
3 0.6909722222222222 0.28174603174603174 0.07738095238095238 0.09093915343915344
5 0.17522321428571427 0.4174933862433862 0.04092261904761905 0.13194444444444445
5 0.34089781746031744 0.3897156084656085 0.03695436507936508 0.12400793650793651
5 0.4505208333333333 0.5082671957671958 0.051587301587301584 0.1712962962962963
5 0.08085317460317461 0.503968253968254 0.050347222222222224 0.1550925925925926
3 0.6630704365079365 0.20419973544973544 0.05431547619047619 0.08498677248677249
5 0.49441964285714285 0.5772156084656085 0.047619047619047616 0.1789021164021164
5 0.45523313492063494 0.2542989417989418 0.025793650793650792 0.08002645502645503
5 0.07366071428571429 0.40691137566137564 0.044890873015873016 0.1173941798941799
5 0.5935019841269841 0.30324074074074076 0.03050595238095238 0.09986772486772487
5 0.4983878968253968 0.2566137566137566 0.02703373015873016 0.050595238095238096
5 0.5649801587301587 0.27645502645502645 0.02703373015873016 0.08796296296296297
1 0.18365575396825398 0.5942460317460317 0.024305555555555556 0.017857142857142856
3 0.6434771825396826 0.07705026455026455 0.027529761904761904 0.037037037037037035
5 0.6433531746031746 0.3106812169312169 0.032242063492063495 0.06415343915343916
5 0.7189980158730159 0.18369708994708994 0.023065476190476192 0.06613756613756613
3 0.6767113095238095 0.051587301587301584 0.025297619047619048 0.028108465608465607
1 0.6125992063492064 0.47767857142857145 0.01984126984126984 0.014219576719576719
5 0.5724206349206349 0.1949404761904762 0.020337301587301588 0.06514550264550265
0 0.23288690476190477 0.8983134920634921 0.050595238095238096 0.02017195767195767
5 0.591765873015873 0.16203703703703703 0.018601190476190476 0.05654761904761905
3 0.5636160714285714 0.06977513227513228 0.030009920634920636 0.03207671957671958
5 0.6290922619047619 0.12731481481481483 0.017361111111111112 0.05026455026455026
5 0.7062251984126984 0.13988095238095238 0.017609126984126984 0.05191798941798942
5 0.5049603174603174 0.18485449735449735 0.018105158730158732 0.06084656084656084
5 0.6116071428571429 0.14054232804232805 0.01711309523809524 0.05357142857142857
5 0.6676587301587301 0.13525132275132276 0.015376984126984126 0.04927248677248677
5 0.6465773809523809 0.10730820105820106 0.014632936507936508 0.041666666666666664
5 0.47544642857142855 0.18501984126984128 0.019593253968253968 0.06481481481481481
5 0.6944444444444444 0.11789021164021164 0.015625 0.04133597883597884
4 0.2709573412698413 0.20767195767195767 0.017361111111111112 0.06712962962962964
5 0.5771329365079365 0.1292989417989418 0.015873015873015872 0.047619047619047616
1 0.6910962301587301 0.3073743386243386 0.01314484126984127 0.008597883597883597
0 0.48288690476190477 0.38822751322751325 0.024057539682539684 0.010582010582010581
5 0.6037946428571429 0.08796296296296297 0.012648809523809524 0.03670634920634921
5 0.5380704365079365 0.09904100529100529 0.01314484126984127 0.03968253968253968
5 0.5803571428571429 0.0894510582010582 0.012648809523809524 0.03505291005291005
5 0.8582589285714286 0.09507275132275132 0.01488095238095238 0.04298941798941799
5 0.48586309523809523 0.17212301587301587 0.01711309523809524 0.0625
5 0.6651785714285714 0.10499338624338625 0.01488095238095238 0.03571428571428571
5 0.6993526785714286 0.07799272486772486 0.01199404761904762 0.033171296296296296