3 0.31733630952380953 0.365244708994709 0.18055555555555555 0.19576719576719576
3 0.7259424603174603 0.3212632275132275 0.10714285714285714 0.13326719576719576
5 0.48474702380952384 0.5911044973544973 0.06547619047619048 0.22354497354497355
5 0.6519097222222222 0.3948412698412698 0.04241071428571429 0.14814814814814814
5 0.48933531746031744 0.32506613756613756 0.04092261904761905 0.1283068783068783
3 0.6339285714285714 0.07076719576719577 0.054811507936507936 0.06481481481481481
3 0.5745287698412699 0.03869047619047619 0.04265873015873016 0.04563492063492063
5 0.2255704365079365 0.25744047619047616 0.03422619047619048 0.105489417989418
5 0.4260912698412698 0.19675925925925927 0.029513888888888888 0.0916005291005291
5 0.5849454365079365 0.14599867724867724 0.023809523809523808 0.07705026455026455
5 0.3395337301587302 0.23511904761904762 0.050595238095238096 0.07539682539682539
2 0.4975198412698413 0.028439153439153438 0.061507936507936505 0.056878306878306875
5 0.7420634920634921 0.13128306878306878 0.020089285714285716 0.07308201058201058
5 0.40054563492063494 0.10648148148148148 0.02132936507936508 0.06845238095238096
5 0.38603670634920634 0.2576058201058201 0.034970238095238096 0.08630952380952381
5 0.27901785714285715 0.1767526455026455 0.025793650793650792 0.08333333333333333
5 0.7052331349206349 0.02447089947089947 0.016121031746031748 0.044642857142857144
5 0.6595982142857143 0.0355489417989418 0.016617063492063492 0.04927248677248677
5 0.4723462301587302 0.09623015873015874 0.018849206349206348 0.06448412698412699
5 0.4652777777777778 0.05406746031746032 0.020337301587301588 0.05357142857142857
5 0.6165674603174603 0.039186507936507936 0.01711309523809524 0.03935185185185185
0 0.27079365079365075 0.43610119047619045 0.031994047619047616 0.011904761904761904
0 0.7240029761904762 0.36303902116402115 0.026646825396825398 0.010601851851851852