3 0.19419642857142858 0.447255291005291 0.18303571428571427 0.19907407407407407
3 0.5001240079365079 0.29976851851851855 0.09474206349206349 0.12367724867724868
3 0.18799603174603174 0.2425595238095238 0.10838293650793651 0.10648148148148148
3 0.9784226190476191 0.13392857142857142 0.043154761904761904 0.051587301587301584
3 0.3888888888888889 0.14384920634920634 0.08035714285714286 0.05654761904761905
5 0.5313740079365079 0.19642857142857142 0.023809523809523808 0.07242063492063493
5 0.3923611111111111 0.21875 0.026537698412698412 0.07771164021164022
5 0.3091517857142857 0.2326388888888889 0.029017857142857144 0.08134920634920635
5 0.34771825396825395 0.29662698412698413 0.03273809523809524 0.10052910052910052
5 0.2679811507936508 0.27099867724867727 0.03149801587301587 0.08101851851851852
5 0.5745287698412699 0.12169312169312169 0.015873015873015872 0.050595238095238096
5 0.47978670634920634 0.12235449735449735 0.016617063492063492 0.0539021164021164
1 0.15042906746031745 0.5089484126984127 0.01936011904761905 0.019467592592592592
5 0.3525545634920635 0.24421296296296297 0.028025793650793652 0.07473544973544974
5 0.6499255952380952 0.09556878306878307 0.01636904761904762 0.04728835978835979
5 0.25905257936507936 0.3235780423280423 0.03968253968253968 0.06878306878306878
5 0.5473710317460317 0.08812830687830688 0.013640873015873016 0.04431216931216931
5 0.5812251984126984 0.07407407407407407 0.01488095238095238 0.0419973544973545
5 0.4338343253968254 0.1278075396825397 0.01650793650793651 0.047959656084656084
5 0.45089285714285715 0.09110449735449735 0.015625 0.04398148148148148
3 0.9846230158730159 0.3290343915343915 0.030753968253968252 0.1402116402116402
3 0.37549603174603174 0.03968253968253968 0.029017857142857144 0.03141534391534392
0 0.49268353174603174 0.3404431216931217 0.024305555555555556 0.007936507936507936
5 0.9651537698412699 0.07390873015873016 0.01240079365079365 0.03571428571428571
3 0.3821924603174603 0.11193783068783068 0.04141865079365079 0.03869047619047619
5 0.7814980158730159 0.08118386243386243 0.013640873015873016 0.04497354497354497
5 0.9924355158730159 0.15575396825396826 0.015128968253968254 0.061507936507936505
0 0.16431051587301587 0.27380952380952384 0.018353174603174604 0.007275132275132275
5 0.5367410714285714 0.048716931216931214 0.013075396825396825 0.03450727513227513
5 0.5080605158730159 0.0419973544973545 0.011408730158730158 0.03306878306878307
4 0.39146577380952385 0.07987433862433863 0.011445932539682539 0.02544312169312169
4 0.10327628968253968 0.22627645502645502 0.029228670634920635 0.05322751322751323