3 0.3619791666666667 0.8202711640211641 0.24057539682539683 0.359457671957672
3 0.9288194444444444 0.4269179894179894 0.1185515873015873 0.09755291005291006
3 0.5581597222222222 0.3445767195767196 0.07316468253968254 0.09986772486772487
6 0.6036706349206349 0.6101190476190477 0.11532738095238096 0.2251984126984127
5 0.3366815476190476 0.4798280423280423 0.034722222222222224 0.11574074074074074
5 0.1657986111111111 0.4522156084656085 0.03695436507936508 0.11044973544973545
3 0.9176587301587301 0.27728174603174605 0.0716765873015873 0.057539682539682536
3 0.4195188492063492 0.23065476190476192 0.04935515873015873 0.040674603174603176
3 0.5426587301587301 0.21329365079365079 0.03149801587301587 0.035383597883597885
5 0.9084821428571429 0.33664021164021163 0.026785714285714284 0.06878306878306878
5 0.48400297619047616 0.30340608465608465 0.02058531746031746 0.06613756613756613
3 0.4908234126984127 0.1693121693121693 0.025793650793650792 0.03207671957671958
3 0.5538194444444444 0.19031084656084657 0.025793650793650792 0.031084656084656083
6 0.419890873015873 0.18353174603174602 0.04141865079365079 0.06316137566137567
5 0.3865327380952381 0.26455026455026454 0.016121031746031748 0.04894179894179894
5 0.05890376984126984 0.384755291005291 0.06969246031746032 0.0796957671957672
5 0.3131200396825397 0.24520502645502645 0.031746031746031744 0.0419973544973545
5 0.47544642857142855 0.26521164021164023 0.018353174603174604 0.04894179894179894
5 0.2524801587301587 0.29993386243386244 0.025793650793650792 0.06018518518518518
5 0.48214285714285715 0.2230489417989418 0.013640873015873016 0.03902116402116402
5 0.9373759920634921 0.3159722222222222 0.025049603174603176 0.0582010582010582
0 0.6004464285714286 0.6898148148148148 0.03273809523809524 0.012566137566137565
5 0.46403769841269843 0.22470238095238096 0.012896825396825396 0.03935185185185185
5 0.9908234126984127 0.24173280423280424 0.018353174603174604 0.04298941798941799
2 0.49206349206349204 0.1423611111111111 0.04092261904761905 0.04365079365079365
3 0.6000744047619048 0.16947751322751323 0.024057539682539684 0.02976190476190476
5 0.6049107142857143 0.195271164021164 0.012152777777777778 0.035383597883597885
5 0.7440476190476191 0.23991402116402116 0.017857142857142856 0.04728835978835979
5 0.7213541666666666 0.23115079365079366 0.01314484126984127 0.042328042328042326
1 0.9578373015873016 0.4419642857142857 0.015376984126984126 0.010582010582010581
5 0.5844494047619048 0.18237433862433863 0.009672619047619048 0.03373015873015873
5 0.8970734126984127 0.20386904761904762 0.023065476190476192 0.032407407407407406
1 0.32839533730158726 0.9923776455026454 0.03464285714285714 0.012724867724867724