3 0.3685515873015873 0.7407407407407407 0.18353174603174602 0.22916666666666666
3 0.7052331349206349 0.6283068783068783 0.16071428571428573 0.23578042328042328
2 0.2864583333333333 0.4537037037037037 0.20386904761904762 0.267526455026455
3 0.519593253968254 0.5206679894179894 0.11706349206349206 0.17328042328042328
3 0.055679563492063495 0.5669642857142857 0.11135912698412699 0.16104497354497355
3 0.4193948412698413 0.36689814814814814 0.0744047619047619 0.08597883597883597
3 0.7144097222222222 0.4416335978835979 0.0954861111111111 0.11276455026455026
2 0.5763888888888888 0.18601190476190477 0.06349206349206349 0.11507936507936507
3 0.6785714285714286 0.3116732804232804 0.06820436507936507 0.08267195767195767
2 0.4680059523809524 0.17774470899470898 0.06125992063492063 0.08664021164021164
5 0.3804563492063492 0.5904431216931217 0.04563492063492063 0.08068783068783068
5 0.49404761904761907 0.3635912698412698 0.02628968253968254 0.08564814814814815
5 0.9033978174603174 0.328207671957672 0.026785714285714284 0.07539682539682539
3 0.6397569444444444 0.2605820105820106 0.0496031746031746 0.06481481481481481
3 0.5283978174603174 0.18253968253968253 0.031746031746031744 0.037698412698412696
3 0.4477926587301587 0.2465277777777778 0.05233134920634921 0.05853174603174603
5 0.5027281746031746 0.2390873015873016 0.017361111111111112 0.04927248677248677
5 0.5259176587301587 0.30770502645502645 0.02132936507936508 0.07043650793650794
6 0.3298611111111111 0.291005291005291 0.09350198412698413 0.08068783068783068
5 0.8825644841269841 0.20122354497354497 0.014136904761904762 0.04365079365079365
5 0.5255456349206349 0.2400793650793651 0.01636904761904762 0.05026455026455026
3 0.6083829365079365 0.13310185185185186 0.024553571428571428 0.028769841269841268
0 0.7022569444444444 0.7084986772486772 0.04017857142857143 0.01488095238095238
5 0.4126984126984127 0.23941798941798942 0.017857142857142856 0.049933862433862435
1 0.5157490079365079 0.5714285714285714 0.019593253968253968 0.01455026455026455
5 0.8597470238095238 0.19295634920634921 0.014632936507936508 0.041666666666666664
6 0.9019097222222222 0.17212301587301587 0.04389880952380952 0.0701058201058201
5 0.44717261904761907 0.2726521164021164 0.017857142857142856 0.05952380952380952
0 0.33209325396825395 0.8192791005291006 0.03968253968253968 0.015542328042328041
3 0.6785590277777778 0.1449702380952381 0.023338293650793648 0.026005291005291007
3 0.6538938492063492 0.23032407407407407 0.042162698412698416 0.04894179894179894
5 0.2767981150793651 0.2684457671957672 0.024828869047619048 0.05801256613756614
5 0.6856398809523809 0.24867724867724866 0.018849206349206348 0.04728835978835979
5 0.7119295634920635 0.28587962962962965 0.021577380952380952 0.06977513227513228
3 0.6522941468253969 0.15866732804232805 0.026537698412698412 0.03273809523809524
3 0.5078125 0.14840608465608465 0.025297619047619048 0.02594246031746032
0 0.719310515873016 0.47386904761904763 0.023065476190476192 0.008683862433862434
5 0.6236359126984127 0.21577380952380953 0.018353174603174604 0.045304232804232805
5 0.2098015873015873 0.33993716931216933 0.04118799603174603 0.06280753968253969
5 0.24020337301587302 0.33035714285714285 0.023561507936507936 0.055224867724867725
5 0.7141617063492064 0.24586640211640212 0.02058531746031746 0.051587301587301584
1 0.408234126984127 0.39351851851851855 0.012896825396825396 0.00958994708994709
5 0.8447420634920635 0.18766534391534392 0.012152777777777778 0.04133597883597884
1 0.2483358134920635 0.5677910052910053 0.018653273809523807 0.012437169312169313
2 0.5964310515873016 0.3210218253968254 0.08780753968253968 0.13139880952380953
5 0.3533655753968254 0.2379398148148148 0.03724206349206349 0.031921296296296295
5 0.19378224206349207 0.37947420634920637 0.024920634920634923 0.05246362433862434
5 0.6433779761904762 0.19719907407407408 0.012666170634920634 0.03013558201058201
5 0.6606398809523809 0.19802579365079367 0.012418154761904762 0.02715277777777778
5 0.6733060515873016 0.21474867724867724 0.013908730158730159 0.04271825396825397
5 0.667594246031746 0.18461309523809524 0.009935515873015874 0.03211970899470899
3 0.6485813492063491 0.13491402116402118 0.025558035714285714 0.02503637566137566
3 0.5246106150793651 0.14069113756613758 0.020076884920634922 0.023263888888888886
3 0.5217410714285714 0.1268320105820106 0.04732142857142858 0.024857804232804235