3 0.7451636904761905 0.4675925925925926 0.14558531746031747 0.2275132275132275
3 0.23077876984126985 0.25595238095238093 0.11929563492063493 0.11772486772486772
5 0.1722470238095238 0.5993716931216931 0.07291666666666667 0.2027116402116402
3 0.7203621031746031 0.13690476190476192 0.06274801587301587 0.0787037037037037
5 0.24243551587301587 0.46825396825396826 0.050347222222222224 0.1488095238095238
3 0.6798115079365079 0.06481481481481481 0.03869047619047619 0.042328042328042326
5 0.49950396825396826 0.32407407407407407 0.036458333333333336 0.10813492063492064
5 0.18092757936507936 0.34308862433862436 0.046378968253968256 0.12037037037037036
5 0.7182539682539683 0.25049603174603174 0.028025793650793652 0.09193121693121693
5 0.5656001984126984 0.3298611111111111 0.03546626984126984 0.11838624338624339
5 0.28447420634920634 0.30869708994708994 0.03298611111111111 0.10482804232804233
5 0.5259176587301587 0.2802579365079365 0.029265873015873016 0.09656084656084656
5 0.5582837301587301 0.17179232804232805 0.021081349206349208 0.06911375661375661
5 0.41964285714285715 0.33647486772486773 0.03869047619047619 0.11772486772486772
5 0.4975198412698413 0.20453042328042328 0.025297619047619048 0.0763888888888889
5 0.4595734126984127 0.12235449735449735 0.018353174603174604 0.056878306878306875
3 0.9188988095238095 0.09060846560846561 0.03695436507936508 0.05654761904761905
5 0.7602926587301587 0.10416666666666667 0.018105158730158732 0.05125661375661376
5 0.6546378968253969 0.10615079365079365 0.015873015873015872 0.05257936507936508
5 0.5132688492063492 0.1324404761904762 0.019097222222222224 0.06018518518518518
5 0.6310763888888888 0.07473544973544974 0.016121031746031748 0.04861111111111111
5 0.7062251984126984 0.03141534391534392 0.011656746031746032 0.037037037037037035
0 0.746031746031746 0.5289351851851852 0.03546626984126984 0.013888888888888888
5 0.42137896825396826 0.9500661375661376 0.08407738095238096 0.09986772486772487
5 0.5438988095238095 0.09639550264550265 0.015873015873015872 0.0496031746031746
5 0.667906746031746 0.028935185185185185 0.011408730158730158 0.03406084656084656
5 0.6223958333333334 0.037698412698412696 0.010912698412698412 0.036375661375661374
5 0.40935019841269843 0.30009920634920634 0.03050595238095238 0.09854497354497355
4 0.04799107142857143 0.24603174603174602 0.03844246031746032 0.12466931216931217
5 0.787078373015873 0.012566137566137565 0.010416666666666666 0.02513227513227513
5 0.5533234126984127 0.041501322751322754 0.01314484126984127 0.036044973544973546
5 0.728546626984127 0.01570767195767196 0.010168650793650794 0.03042328042328042
5 0.6407490079365079 0.033895502645502645 0.015128968253968254 0.031084656084656083
0 0.20510912698412698 0.2918320105820106 0.018601190476190476 0.008597883597883597
5 0.5512152777777778 0.07853835978835978 0.016617063492063492 0.045304232804232805
4 0.45468749999999997 0.06310185185185185 0.013338293650793651 0.04203042328042328