3 0.6595982142857143 0.4060846560846561 0.12251984126984126 0.19014550264550265
5 0.8967013888888888 0.8637566137566137 0.07911706349206349 0.26686507936507936
5 0.09412202380952381 0.8128306878306878 0.08333333333333333 0.24966931216931218
5 0.29575892857142855 0.761739417989418 0.07316468253968254 0.23941798941798942
3 0.2130456349206349 0.263723544973545 0.11135912698412699 0.11144179894179894
5 0.46850198412698413 0.6828703703703703 0.05828373015873016 0.210978835978836
5 0.42212301587301587 0.47453703703703703 0.04662698412698413 0.15542328042328044
5 0.5012400793650794 0.4675925925925926 0.040426587301587304 0.14914021164021163
5 0.29402281746031744 0.46825396825396826 0.04365079365079365 0.1498015873015873
5 0.3541666666666667 0.5309193121693122 0.048859126984126984 0.16865079365079366
5 0.19010416666666666 0.3551587301587302 0.041666666666666664 0.11342592592592593
3 0.41393849206349204 0.12781084656084657 0.044890873015873016 0.05125661375661376
5 0.4124503968253968 0.3156415343915344 0.032242063492063495 0.10515873015873016
5 0.4585813492063492 0.3525132275132275 0.03373015873015873 0.11342592592592593
5 0.2906746031746032 0.3177910052910053 0.036210317460317464 0.0992063492063492
5 0.3165922619047619 0.2728174603174603 0.026785714285714284 0.08763227513227513
1 0.6573536706349206 0.4595998677248677 0.017938988095238095 0.017969576719576722
5 0.4401041666666667 0.22900132275132276 0.02703373015873016 0.0787037037037037
3 0.6820436507936508 0.0333994708994709 0.027281746031746032 0.0291005291005291
5 0.5204613095238095 0.2567791005291005 0.027529761904761904 0.08531746031746032
5 0.4913194444444444 0.17476851851851852 0.02058531746031746 0.061507936507936505
3 0.6114831349206349 0.04398148148148148 0.025297619047619048 0.030753968253968252
2 0.6407490079365079 0.10267857142857142 0.05654761904761905 0.10085978835978836
3 0.5398065476190477 0.059027777777777776 0.03125 0.03736772486772487
5 0.5203373015873016 0.10532407407407407 0.017857142857142856 0.047619047619047616
5 0.5648561507936508 0.06927910052910052 0.01314484126984127 0.03670634920634921
5 0.580109126984127 0.07622354497354497 0.013640873015873016 0.037698412698412696
5 0.552703373015873 0.09027777777777778 0.013888888888888888 0.045965608465608467
3 0.40625 0.05026455026455026 0.030753968253968252 0.034722222222222224
5 0.5249255952380952 0.21825396825396826 0.025297619047619048 0.06415343915343916
5 0.9926835317460317 0.26322751322751325 0.014384920634920634 0.09556878306878307
5 0.5809771825396826 0.0441468253968254 0.01240079365079365 0.03042328042328042
5 0.6525297619047619 0.04249338624338624 0.011160714285714286 0.02976190476190476
5 0.8335813492063492 0.06547619047619048 0.015376984126984126 0.04398148148148148
5 0.6321924603174603 0.027777777777777776 0.00992063492063492 0.027116402116402115