3 0.4437934027777778 0.7120949074074074 0.2365451388888889 0.3611111111111111
3 0.2326388888888889 0.25636574074074076 0.123046875 0.15422453703703703
5 0.7666015625 0.7090567129629629 0.08051215277777778 0.25318287037037035
5 0.7371961805555556 0.46802662037037035 0.05750868055555555 0.1909722222222222
5 0.025065104166666668 0.5091145833333334 0.050130208333333336 0.1953125
5 0.6605902777777778 0.5418113425925926 0.059895833333333336 0.19675925925925927
5 0.8816189236111112 0.4361979166666667 0.056206597222222224 0.17332175925925927
5 0.6650390625 0.3459201388888889 0.048177083333333336 0.15335648148148148
5 0.6212022569444444 0.2326388888888889 0.03993055555555555 0.12094907407407407
2 0.2775607638888889 0.03674768518518518 0.2580295138888889 0.07349537037037036
3 0.943359375 0.23972800925925927 0.09483506944444445 0.09375
5 0.029079861111111112 0.04976851851851852 0.024739583333333332 0.08449074074074074
5 0.1159939236111111 0.016493055555555556 0.023871527777777776 0.03269675925925926
5 0.8156467013888888 0.9169560185185185 0.11957465277777778 0.16608796296296297
0 0.4599609375 0.8572048611111112 0.05772569444444445 0.020833333333333332
3 0.6328125 0.046875 0.12456597222222222 0.061342592592592594
5 0.05544704861111111 0.020833333333333332 0.019314236111111112 0.041666666666666664
5 0.4799262152777778 0.012297453703703705 0.04188368055555555 0.02459490740740741