3 0.6693948412698413 0.6909722222222222 0.16666666666666666 0.24305555555555555
3 0.6204117063492064 0.4828042328042328 0.09970238095238096 0.13690476190476192
6 0.2371031746031746 0.5165343915343915 0.24330357142857142 0.3627645502645503
6 0.38777281746031744 0.6243386243386243 0.22123015873015872 0.4990079365079365
3 0.5018601190476191 0.3244047619047619 0.0679563492063492 0.06580687830687831
2 0.3053075396825397 0.2878637566137566 0.11334325396825397 0.11574074074074074
5 0.6556299603174603 0.4212962962962963 0.030009920634920636 0.09325396825396826
5 0.9357638888888888 0.359292328042328 0.027529761904761904 0.07208994708994709
3 0.390625 0.3533399470899471 0.07837301587301587 0.05720899470899471
5 0.4712301587301587 0.2508267195767196 0.015873015873015872 0.04497354497354497
3 0.5368303571428571 0.24074074074074073 0.03273809523809524 0.042328042328042326
5 0.37896825396825395 0.3040674603174603 0.018849206349206348 0.046957671957671955
5 0.41790674603174605 0.3149801587301587 0.020089285714285716 0.04662698412698413
5 0.41096230158730157 0.2564484126984127 0.01711309523809524 0.04828042328042328
4 0.07552083333333333 0.4128637566137566 0.021825396825396824 0.07804232804232804
3 0.4720982142857143 0.19808201058201058 0.026785714285714284 0.03935185185185185
5 0.5636160714285714 0.2837301587301587 0.019345238095238096 0.06316137566137567
5 0.597594246031746 0.3326719576719577 0.0248015873015873 0.07473544973544974
2 0.5060763888888888 0.14566798941798942 0.03720238095238095 0.03802910052910053
5 0.3852926587301587 0.22288359788359788 0.011656746031746032 0.037698412698412696
0 0.6788194444444444 0.7903439153439153 0.04290674603174603 0.014219576719576719
1 0.19518849206349206 0.6749338624338624 0.023065476190476192 0.016203703703703703
5 0.5988343253968254 0.28587962962962965 0.020337301587301588 0.04431216931216931
3 0.49851190476190477 0.167989417989418 0.023313492063492064 0.026124338624338623
0 0.6248958333333333 0.5272718253968254 0.023948412698412698 0.009484126984126984
0 0.3756894841269841 0.8481415343915345 0.04560267857142857 0.014735449735449737
3 0.5285218253968254 0.18485449735449735 0.024057539682539684 0.03670634920634921
3 0.5341021825396826 0.21246693121693122 0.027529761904761904 0.03406084656084656
5 0.5875496031746031 0.31531084656084657 0.019097222222222224 0.055224867724867725
5 0.8994295634920635 0.20072751322751323 0.016121031746031748 0.03571428571428571
5 0.23697916666666666 0.3194444444444444 0.016121031746031748 0.04497354497354497
5 0.5059523809523809 0.18832671957671956 0.01066468253968254 0.0291005291005291