3 0.22594246031746032 0.22635582010582012 0.16245039682539683 0.13855820105820105
3 0.4487847222222222 0.2156084656084656 0.11433531746031746 0.13227513227513227
6 0.3396577380952381 0.42394179894179895 0.2442956349206349 0.3994708994708995
5 0.8954613095238095 0.5466269841269841 0.07068452380952381 0.226521164021164
3 0.5782490079365079 0.0355489417989418 0.07043650793650794 0.0710978835978836
3 0.47532242063492064 0.06481481481481481 0.07738095238095238 0.09457671957671958
5 0.7497519841269841 0.2286706349206349 0.04290674603174603 0.13756613756613756
5 0.7378472222222222 0.40691137566137564 0.05927579365079365 0.18088624338624337
5 0.8467261904761905 0.24322089947089948 0.04365079365079365 0.13855820105820105
5 0.7522321428571429 0.08333333333333333 0.030009920634920636 0.0958994708994709
5 0.41530257936507936 0.1410383597883598 0.033234126984126984 0.09027777777777778
5 0.9754464285714286 0.8721891534391535 0.049107142857142856 0.25562169312169314
1 0.29675099206349204 0.58994708994709 0.03149801587301587 0.022486772486772486
5 0.3117559523809524 0.05720899470899471 0.03943452380952381 0.07208994708994709
5 0.9877232142857143 0.029927248677248677 0.024553571428571428 0.059854497354497355
2 0.4029017857142857 0.021494708994708994 0.10267857142857142 0.04265873015873016
4 0.26537698412698413 0.04662698412698413 0.022321428571428572 0.06944444444444445
0 0.17753968253968255 0.26689484126984125 0.027658730158730157 0.010056216931216931