3 0.22172619047619047 0.3584656084656085 0.15203373015873015 0.17162698412698413
5 0.7020089285714286 0.6481481481481481 0.07614087301587301 0.2628968253968254
3 0.2439236111111111 0.19940476190476192 0.09449404761904762 0.11375661375661375
5 0.6925843253968254 0.35912698412698413 0.04563492063492063 0.15145502645502645
5 0.8287450396825397 0.3683862433862434 0.054811507936507936 0.1498015873015873
3 0.6470734126984127 0.04877645502645503 0.049107142857142856 0.0796957671957672
5 0.41220238095238093 0.3073743386243386 0.03869047619047619 0.1378968253968254
3 0.5658482142857143 0.0603505291005291 0.05803571428571429 0.06845238095238096
5 0.5778769841269841 0.2576058201058201 0.0339781746031746 0.12433862433862433
2 0.08482142857142858 0.7020502645502645 0.16964285714285715 0.593915343915344
5 0.38603670634920634 0.24074074074074073 0.03670634920634921 0.12169312169312169
5 0.43191964285714285 0.16071428571428573 0.03050595238095238 0.09755291005291006
4 0.1796875 0.083994708994709 0.01984126984126984 0.07738095238095238
5 0.46887400793650796 0.1078042328042328 0.024305555555555556 0.07936507936507936
5 0.5219494047619048 0.17724867724867724 0.03050595238095238 0.09887566137566138
5 0.5553075396825397 0.12863756613756613 0.027777777777777776 0.0873015873015873
5 0.2374751984126984 0.08878968253968254 0.03249007936507937 0.0744047619047619
5 0.31212797619047616 0.23974867724867724 0.04538690476190476 0.12764550264550265
4 0.1212797619047619 0.9249338624338624 0.12524801587301587 0.15013227513227514
5 0.306671626984127 0.15476190476190477 0.031746031746031744 0.08763227513227513
5 0.4232390873015873 0.03869047619047619 0.020833333333333332 0.06117724867724868
1 0.8298611111111112 0.40558862433862436 0.013640873015873016 0.013888888888888888
5 0.3628472222222222 0.1109457671957672 0.025297619047619048 0.08267195767195767
5 0.5122767857142857 0.1078042328042328 0.0220734126984127 0.07506613756613757
5 0.3948412698412698 0.08697089947089948 0.022817460317460316 0.07407407407407407
5 0.37710813492063494 0.14963624338624337 0.029265873015873016 0.09457671957671958
3 0.5514632936507936 0.018022486772486773 0.04662698412698413 0.036044973544973546
5 0.4146825396825397 0.10036375661375661 0.024553571428571428 0.0796957671957672
0 0.18938492063492063 0.41164021164021164 0.032829861111111115 0.013607804232804232
1 0.23201884920634921 0.23032407407407407 0.017361111111111112 0.012896825396825396
5 0.8251488095238095 0.057705026455026454 0.024305555555555556 0.06117724867724868