3 0.5628720238095238 0.6511243386243386 0.1515376984126984 0.22156084656084657
2 0.3525545634920635 0.37367724867724866 0.18774801587301587 0.2605820105820106
5 0.7960069444444444 0.7541335978835979 0.06820436507936507 0.22354497354497355
3 0.5762648809523809 0.34424603174603174 0.07614087301587301 0.09523809523809523
5 0.9563492063492064 0.7271825396825397 0.07589285714285714 0.22453703703703703
3 0.48586309523809523 0.24851190476190477 0.053323412698412696 0.060515873015873016
5 0.9367559523809523 0.5729166666666666 0.04935515873015873 0.12962962962962962
5 0.6800595238095238 0.48561507936507936 0.039186507936507936 0.13161375661375663
3 0.5776289682539683 0.17906746031746032 0.038938492063492064 0.05324074074074074
3 0.8634672619047619 0.1865079365079365 0.05084325396825397 0.04927248677248677
5 0.7745535714285714 0.3698743386243386 0.028025793650793652 0.09755291005291006
4 0.15463789682539683 0.947255291005291 0.08903769841269842 0.105489417989418
4 0.10825892857142858 0.4373346560846561 0.029513888888888888 0.10515873015873016
5 0.048487103174603176 0.42080026455026454 0.0873015873015873 0.08564814814814815
3 0.5997023809523809 0.105489417989418 0.024305555555555556 0.026455026455026454
3 0.5690724206349206 0.09738756613756613 0.0220734126984127 0.02447089947089947
5 0.41257440476190477 0.17609126984126985 0.01636904761904762 0.0419973544973545
0 0.5610119047619048 0.7303240740740741 0.03794642857142857 0.013558201058201057
5 0.8903769841269841 0.21329365079365079 0.027529761904761904 0.05886243386243386
1 0.32068452380952384 0.48759920634920634 0.016865079365079364 0.012566137566137565
3 0.5083085317460317 0.10466269841269842 0.022817460317460316 0.02414021164021164
4 0.3603199404761905 0.20779761904761904 0.012058531746031746 0.03696097883597883
3 0.8141121031746031 0.14781746031746032 0.019097222222222224 0.031746031746031744
5 0.38591269841269843 0.21279761904761904 0.022321428571428572 0.046957671957671955
5 0.6475694444444444 0.1531084656084656 0.013888888888888888 0.04497354497354497
1 0.5758010912698412 0.3748346560846561 0.013824404761904762 0.008928571428571428
4 0.32146577380952385 0.2058862433862434 0.016272321428571428 0.04800925925925926