3 0.8754960317460317 0.6921296296296297 0.2065972222222222 0.2880291005291005
3 0.4382440476190476 0.3761574074074074 0.14285714285714285 0.17824074074074073
3 0.3396577380952381 0.3100198412698413 0.1029265873015873 0.12400793650793651
3 0.5090525793650794 0.20601851851851852 0.09499007936507936 0.12367724867724868
2 0.10491071428571429 0.6916335978835979 0.20982142857142858 0.6140873015873016
5 0.13975694444444445 0.3331679894179894 0.047371031746031744 0.12334656084656084
5 0.2673611111111111 0.39632936507936506 0.05357142857142857 0.15046296296296297
6 0.48821924603174605 0.12962962962962962 0.09499007936507936 0.15178571428571427
5 0.8229166666666666 0.267526455026455 0.03249007936507937 0.10945767195767196
5 0.6937003968253969 0.22387566137566137 0.03050595238095238 0.09457671957671958
5 0.6271081349206349 0.25744047619047616 0.03447420634920635 0.10681216931216932
1 0.894469246031746 0.794973544973545 0.035962301587301584 0.023478835978835978
5 0.4177827380952381 0.23743386243386244 0.033482142857142856 0.09358465608465609
5 0.7088293650793651 0.1636904761904762 0.027529761904761904 0.07903439153439154
5 0.3446180555555556 0.20816798941798942 0.030753968253968252 0.08895502645502645
5 0.25483630952380953 0.2273478835978836 0.03695436507936508 0.08928571428571429
5 0.5766369047619048 0.07142857142857142 0.018353174603174604 0.05423280423280423
4 0.04079861111111111 0.2771164021164021 0.02554563492063492 0.07903439153439154
5 0.7853422619047619 0.18287037037037038 0.031001984126984128 0.08564814814814815
5 0.39384920634920634 0.16236772486772486 0.026785714285714284 0.07407407407407407
5 0.591765873015873 0.021494708994708994 0.014136904761904762 0.0419973544973545
5 0.7481398809523809 0.11689814814814815 0.021577380952380952 0.06944444444444445
5 0.6665426587301587 0.02943121693121693 0.014632936507936508 0.04497354497354497
5 0.6304563492063492 0.10383597883597884 0.019345238095238096 0.05720899470899471
5 0.6350446428571429 0.20221560846560846 0.025793650793650792 0.08068783068783068
5 0.6355406746031746 0.0419973544973545 0.015625 0.054563492063492064
5 0.650421626984127 0.052248677248677246 0.015376984126984126 0.04794973544973545
4 0.28087797619047616 0.17294973544973544 0.01984126984126984 0.07903439153439154
5 0.7313988095238095 0.06233465608465608 0.020337301587301588 0.056216931216931214
5 0.43464781746031744 0.12202380952380952 0.01984126984126984 0.062169312169312166
1 0.3294890873015873 0.3472222222222222 0.017857142857142856 0.013558201058201057
5 0.6312003968253969 0.15261243386243387 0.024057539682539684 0.05853174603174603
0 0.41729662698412695 0.4371494708994709 0.029228670634920635 0.010618386243386244
5 0.3108878968253968 0.15591931216931218 0.027281746031746032 0.06580687830687831
5 0.576140873015873 0.011408730158730158 0.012648809523809524 0.022817460317460316
5 0.6090029761904762 0.013227513227513227 0.01240079365079365 0.026455026455026454
5 0.7972470238095238 0.16451719576719576 0.021825396825396824 0.0796957671957672
5 0.75 0.08234126984126984 0.02132936507936508 0.05324074074074074
5 0.6997767857142857 0.021494708994708994 0.013392857142857142 0.040674603174603176
5 0.260327380952381 0.16157076719576718 0.04102926587301588 0.06530753968253969
1 0.4968774801587302 0.23531084656084658 0.014154265873015872 0.011372354497354497