3 0.21254960317460317 0.8020833333333334 0.20188492063492064 0.20436507936507936
3 0.5551835317460317 0.52744708994709 0.11210317460317461 0.15476190476190477
3 0.4616815476190476 0.47767857142857145 0.08680555555555555 0.103505291005291
3 0.3862847222222222 0.34226190476190477 0.061755952380952384 0.0667989417989418
3 0.42485119047619047 0.41798941798941797 0.07713293650793651 0.08366402116402116
3 0.09263392857142858 0.44312169312169314 0.10838293650793651 0.12996031746031747
5 0.034350198412698416 0.9360119047619048 0.06845238095238096 0.12764550264550265
3 0.5777529761904762 0.41650132275132273 0.08333333333333333 0.09689153439153439
5 0.03211805555555555 0.66005291005291 0.046378968253968256 0.16236772486772486
3 0.5198412698412699 0.32242063492063494 0.05927579365079365 0.06746031746031746
3 0.90625 0.3993055555555556 0.04712301587301587 0.0873015873015873
3 0.07080853174603174 0.30456349206349204 0.06076388888888889 0.06712962962962964
3 0.6166914682539683 0.3468915343915344 0.05704365079365079 0.06448412698412699
5 0.24193948412698413 0.5896164021164021 0.04141865079365079 0.1359126984126984
3 0.9290674603174603 0.5208333333333334 0.036458333333333336 0.10449735449735449
5 0.328125 0.5143849206349206 0.033482142857142856 0.10846560846560846
3 0.5550595238095238 0.30869708994708994 0.04563492063492063 0.0539021164021164
5 0.21155753968253968 0.46494708994708994 0.032242063492063495 0.09325396825396826
5 0.28000992063492064 0.3718584656084656 0.0220734126984127 0.07374338624338625
5 0.3325892857142857 0.4072420634920635 0.026041666666666668 0.08300264550264551
5 0.3107638888888889 0.3587962962962963 0.023065476190476192 0.07142857142857142
1 0.17770337301587302 0.865244708994709 0.029513888888888888 0.021825396825396824
5 0.23933531746031747 0.5049603174603174 0.03571428571428571 0.09325396825396826
5 0.4367559523809524 0.3219246031746032 0.024057539682539684 0.06183862433862434
5 0.34399801587301587 0.3080357142857143 0.020337301587301588 0.0582010582010582
5 0.38095238095238093 0.28835978835978837 0.019345238095238096 0.04332010582010582
5 0.4714781746031746 0.27529761904761907 0.01636904761904762 0.04662698412698413
3 0.591765873015873 0.21841931216931218 0.040674603174603176 0.03439153439153439
4 0.7641369047619048 0.9545304232804233 0.08010912698412699 0.09093915343915344
5 0.45535714285714285 0.3012566137566138 0.018849206349206348 0.05555555555555555
5 0.5758928571428571 0.2524801587301587 0.01636904761904762 0.046957671957671955
5 0.5363343253968254 0.24537037037037038 0.01636904761904762 0.04365079365079365
5 0.39806547619047616 0.26851851851851855 0.01711309523809524 0.04861111111111111
5 0.4914434523809524 0.26008597883597884 0.015376984126984126 0.04662698412698413
5 0.43253968253968256 0.2551256613756614 0.015625 0.04728835978835979
5 0.5033482142857143 0.26802248677248675 0.015873015873015872 0.04365079365079365
5 0.25223214285714285 0.28521825396825395 0.037698412698412696 0.05257936507936508
5 0.9112103174603174 0.3296957671957672 0.023065476190476192 0.05720899470899471
5 0.6520337301587301 0.23958333333333334 0.01488095238095238 0.041005291005291
5 0.5961061507936508 0.24272486772486773 0.011656746031746032 0.036044973544973546
5 0.9212549603174603 0.3098544973544973 0.020833333333333332 0.05787037037037037