2 0.42857142857142855 0.4174933862433862 0.09250992063492064 0.1818783068783069
3 0.3055555555555556 0.3665674603174603 0.050347222222222224 0.06746031746031746
3 0.37648809523809523 0.310515873015873 0.03373015873015873 0.041005291005291
5 0.30592757936507936 0.5057870370370371 0.03273809523809524 0.09358465608465609
5 0.26860119047619047 0.47271825396825395 0.05109126984126984 0.0796957671957672
3 0.9853670634920635 0.23462301587301587 0.029017857142857144 0.02513227513227513
3 0.6402529761904762 0.3482142857142857 0.05133928571428571 0.06845238095238096
3 0.6753472222222222 0.3113425925925926 0.03447420634920635 0.04265873015873016
5 0.5327380952380952 0.414021164021164 0.04662698412698413 0.0625
5 0.30282738095238093 0.4460978835978836 0.05257936507936508 0.061507936507936505
3 0.22395833333333334 0.3376322751322751 0.03546626984126984 0.049933862433862435
3 0.8845486111111112 0.22701719576719576 0.03993055555555555 0.0248015873015873
3 0.8084920634920635 0.22231150793650792 0.04307539682539683 0.022635582010582012
5 0.3523065476190476 0.33548280423280424 0.015128968253968254 0.04497354497354497
3 0.3945957341269841 0.2323611111111111 0.018382936507936508 0.023664021164021165
4 0.42646329365079366 0.30787037037037035 0.014632936507936508 0.03869047619047619
5 0.34362599206349204 0.3012566137566138 0.012152777777777778 0.037698412698412696
4 0.47507440476190477 0.3533399470899471 0.015128968253968254 0.0496031746031746
1 0.433735119047619 0.4935251322751323 0.01181547619047619 0.008789682539682538
5 0.7144246031746032 0.23435846560846563 0.009553571428571429 0.022764550264550265
5 0.1318204365079365 0.3343253968253968 0.04439484126984127 0.035383597883597885
5 0.7516765873015874 0.21563492063492065 0.01314484126984127 0.018518518518518517
5 0.9181547619047619 0.24206349206349206 0.009672619047619048 0.025793650793650792
4 0.21210069444444446 0.3866137566137566 0.017881944444444443 0.03609457671957672
2 0.38095734126984127 0.2707903439153439 0.02937748015873016 0.05875661375661376
3 0.6632167658730159 0.3294510582010582 0.035282738095238096 0.04476190476190477
2 0.6901463293650794 0.23697089947089947 0.03153025793650793 0.04241071428571429
3 0.6648660714285713 0.22984126984126982 0.017641369047619048 0.025188492063492066
6 0.8301240079365079 0.12691798941798943 0.06679811507936508 0.02550595238095238
6 0.9028447420634921 0.12549933862433862 0.08228422619047619 0.027529761904761904
1 0.3040798611111111 0.3894808201058201 0.00857390873015873 0.006597222222222222
5 0.37277777777777776 0.23261243386243385 0.005538194444444444 0.01868716931216931
5 0.3824578373015873 0.22731150793650792 0.005885416666666666 0.02052910052910053
5 0.3884201388888889 0.21014219576719578 0.005714285714285714 0.015687830687830688
5 0.3847916666666667 0.20622354497354498 0.003638392857142857 0.012919973544973545
5 0.38997519841269845 0.2028835978835979 0.0036408730158730158 0.011765873015873016
3 0.39654513888888887 0.22028439153439153 0.014010416666666668 0.01614748677248677
3 0.4024206349206349 0.21118055555555557 0.012628968253968255 0.017761243386243387
3 0.4038045634920635 0.20403439153439154 0.011247519841269841 0.015456349206349206
3 0.3740749007936508 0.21463624338624337 0.013315972222222222 0.0173015873015873
3 0.8216443452380953 0.2157109788359788 0.03505456349206349 0.023072089947089945
3 0.8747916666666666 0.22091931216931215 0.045714285714285714 0.024021164021164023
3 0.8634275793650794 0.19014219576719577 0.022986111111111113 0.014229497354497354
3 0.9034350198412698 0.19235119047619045 0.01683531746031746 0.011706349206349206
3 0.7716319444444444 0.18697751322751321 0.015260416666666667 0.01087962962962963