3 0.4651537698412698 0.7632275132275133 0.21552579365079366 0.3551587301587302
6 0.3777281746031746 0.3738425925925926 0.20014880952380953 0.32936507936507936
3 0.1457093253968254 0.4818121693121693 0.12797619047619047 0.1775793650793651
3 0.9723462301587301 0.09672619047619048 0.05505952380952381 0.05092592592592592
3 0.9706101190476191 0.04662698412698413 0.058779761904761904 0.04431216931216931
3 0.9786706349206349 0.4054232804232804 0.04241071428571429 0.17724867724867724
1 0.4696180555555556 0.8928571428571429 0.035962301587301584 0.026124338624338623
5 0.20461309523809523 0.3998015873015873 0.03571428571428571 0.11541005291005291
3 0.30518353174603174 0.09176587301587301 0.040426587301587304 0.05588624338624339
1 0.40401785714285715 0.5052910052910053 0.020089285714285716 0.015542328042328041
1 0.14682539682539683 0.5403439153439153 0.022321428571428572 0.015542328042328041