3 0.5660962301587301 0.5588624338624338 0.11731150793650794 0.18154761904761904
3 0.1871279761904762 0.5811838624338624 0.1480654761904762 0.19047619047619047
3 0.9208829365079365 0.43005952380952384 0.0954861111111111 0.08597883597883597
3 0.3716517857142857 0.3731812169312169 0.06125992063492063 0.07407407407407407
3 0.29737103174603174 0.4113756613756614 0.0744047619047619 0.10449735449735449
5 0.42993551587301587 0.6947751322751323 0.05431547619047619 0.1722883597883598
3 0.42993551587301587 0.3265542328042328 0.05505952380952381 0.0582010582010582
5 0.32341269841269843 0.652281746031746 0.049107142857142856 0.15806878306878308
3 0.19816468253968253 0.49173280423280424 0.13020833333333334 0.11177248677248677
5 0.494171626984127 0.42840608465608465 0.026785714285714284 0.08763227513227513
3 0.26178075396825395 0.3654100529100529 0.07341269841269842 0.07936507936507936
2 0.42919146825396826 0.22982804232804233 0.04712301587301587 0.07374338624338625
3 0.875 0.3098544973544973 0.04513888888888889 0.04662698412698413
3 0.3353174603174603 0.294973544973545 0.07539682539682539 0.04927248677248677
5 0.9577132936507936 0.3290343915343915 0.020833333333333332 0.05588624338624339
3 0.7061011904761905 0.27976190476190477 0.03670634920634921 0.04662698412698413
5 0.21006944444444445 0.41435185185185186 0.03149801587301587 0.04728835978835979
3 0.7346230158730159 0.25892857142857145 0.028025793650793652 0.040674603174603176
5 0.5093005952380952 0.2501653439153439 0.01314484126984127 0.03935185185185185
5 0.44419642857142855 0.26173941798941797 0.016865079365079364 0.041005291005291
5 0.8629712301587301 0.3814484126984127 0.024305555555555556 0.06746031746031746
5 0.5673363095238095 0.2414021164021164 0.010912698412698412 0.037698412698412696
3 0.558531746031746 0.22040343915343916 0.02628968253968254 0.02976190476190476
5 0.37549603174603174 0.25909391534391535 0.014632936507936508 0.04133597883597884
5 0.3187003968253968 0.3402777777777778 0.029265873015873016 0.05886243386243386
0 0.5655729166666666 0.6232738095238095 0.027996031746031744 0.01208994708994709
1 0.16319444444444445 0.6484788359788359 0.022569444444444444 0.015876322751322752
5 0.5396825396825397 0.25033068783068785 0.011656746031746032 0.03968253968253968
5 0.012276785714285714 0.41021825396825395 0.024553571428571428 0.07539682539682539
3 0.5580357142857143 0.17195767195767195 0.018353174603174604 0.02017195767195767
3 0.5327380952380952 0.19576719576719576 0.020089285714285716 0.0248015873015873
3 0.28335813492063494 0.3247354497354497 0.07316468253968254 0.05489417989417989
5 0.39459325396825395 0.22900132275132276 0.011656746031746032 0.03273809523809524
5 0.3332093253968254 0.25793650793650796 0.013640873015873016 0.0291005291005291
5 0.478546626984127 0.22123015873015872 0.01066468253968254 0.031084656084656083
5 0.7042410714285714 0.23644179894179895 0.017857142857142856 0.03968253968253968
5 0.8880208333333334 0.24074074074074073 0.01488095238095238 0.03306878306878307
0 0.2956200396825397 0.4332771164021164 0.019184027777777776 0.0071428571428571435
1 0.3662400793650794 0.3959689153439154 0.011473214285714285 0.008343253968253968
1 0.24935763888888887 0.38529761904761906 0.011031746031746031 0.008062169312169312
4 0.19408234126984125 0.35447420634920634 0.025719246031746034 0.06459325396825397
3 0.19632688492063494 0.3104133597883598 0.07207093253968254 0.06180224867724867