3 0.4954427083333333 0.6685474537037037 0.1306423611111111 0.16695601851851852
3 0.6981336805555556 0.5379050925925926 0.11371527777777778 0.13859953703703703
3 0.9522569444444444 0.6370081018518519 0.0954861111111111 0.15914351851851852
3 0.4423828125 0.3616898148148148 0.07747395833333333 0.0775462962962963
5 0.1990017361111111 0.7521701388888888 0.05837673611111111 0.17563657407407407
3 0.5455729166666666 0.38179976851851855 0.07291666666666667 0.08246527777777778
5 0.5995008680555556 0.48249421296296297 0.03689236111111111 0.1076388888888889
5 0.3381076388888889 0.5805844907407407 0.042534722222222224 0.13975694444444445
5 0.5302734375 0.5069444444444444 0.042317708333333336 0.11805555555555555
5 0.4306640625 0.9340277777777778 0.0802951388888889 0.13194444444444445
5 0.6545138888888888 0.7154224537037037 0.05164930555555555 0.16898148148148148
5 0.8962673611111112 0.8712384259259259 0.05360243055555555 0.19820601851851852
5 0.22688802083333334 0.5500578703703703 0.04123263888888889 0.1322337962962963
5 0.10904947916666667 0.3800636574074074 0.03146701388888889 0.09288194444444445
3 0.6261935763888888 0.3041087962962963 0.05447048611111111 0.06828703703703703
3 0.7741970486111112 0.21513310185185186 0.031032986111111112 0.03616898148148148
5 0.3893229166666667 0.4309895833333333 0.03211805555555555 0.10416666666666667
5 0.6419270833333334 0.35257523148148145 0.028428819444444444 0.07928240740740741
5 0.6868489583333334 0.4340277777777778 0.03211805555555555 0.07465277777777778
5 0.7326388888888888 0.31958912037037035 0.020833333333333332 0.06452546296296297
5 0.7957899305555556 0.4136284722222222 0.027777777777777776 0.0853587962962963
3 0.5323350694444444 0.26533564814814814 0.049479166666666664 0.06018518518518518
1 0.4975043402777778 0.7138310185185185 0.021701388888888888 0.02025462962962963
5 0.8426649305555556 0.46498842592592593 0.032769097222222224 0.09751157407407407
1 0.9815538194444444 0.6655092592592593 0.023003472222222224 0.01678240740740741
1 0.7042100694444444 0.5583043981481481 0.017361111111111112 0.016493055555555556
5 0.07172309027777778 0.25708912037037035 0.020182291666666668 0.05642361111111111
1 0.6615668402777778 0.7449363425925926 0.015407986111111112 0.015625
1 0.1930490451388889 0.8036371527777777 0.016959635416666667 0.016085069444444447
5 0.8031684027777778 0.3655960648148148 0.024739583333333332 0.06944444444444445
5 0.10546875 0.2706886574074074 0.020833333333333332 0.06539351851851852
5 0.9725477430555556 0.9655671296296297 0.05490451388888889 0.06886574074074074
5 0.13020833333333334 0.2560763888888889 0.020616319444444444 0.061342592592592594
5 0.032877604166666664 0.23206018518518517 0.016710069444444444 0.053530092592592594
3 0.6980251736111112 0.16435185185185186 0.033637152777777776 0.036458333333333336
5 0.7066189236111111 0.2505266203703704 0.016013454861111113 0.0465162037037037
5 0.5958897569444445 0.2199884259259259 0.016276041666666668 0.04353009259259259
5 0.09853298611111111 0.21591724537037038 0.01759548611111111 0.04964409722222222
5 0.6560329861111112 0.2782118055555556 0.018446180555555556 0.055266203703703706
5 0.8488498263888888 0.4308449074074074 0.029947916666666668 0.09172453703703703
5 0.569763454861111 0.209375 0.013036024305555555 0.04305266203703703
1 0.9069010416666666 0.8980034722222222 0.018446180555555556 0.015625
5 0.6657986111111112 0.26880787037037035 0.016276041666666668 0.055266203703703706
5 0.6193576388888888 0.2550636574074074 0.020399305555555556 0.038483796296296294
5 0.7225477430555556 0.18648726851851852 0.011935763888888888 0.03674768518518518
5 0.6518012152777778 0.1875 0.013671875 0.037905092592592594
5 0.2504340277777778 0.20630787037037038 0.017361111111111112 0.048032407407407406
5 0.26953125 0.2097800925925926 0.015842013888888888 0.051215277777777776
5 0.6252039930555555 0.2152228009259259 0.012306857638888889 0.04006944444444444
5 0.5268229166666667 0.20377314814814815 0.012450086805555555 0.0316724537037037
5 0.7045616319444444 0.2073148148148148 0.0136328125 0.03666666666666667
5 0.14565755208333334 0.2157204861111111 0.016438802083333332 0.04951678240740741