3 0.591765873015873 0.4689153439153439 0.1579861111111111 0.18022486772486773
3 0.8895089285714286 0.8533399470899471 0.22098214285714285 0.2916666666666667
2 0.3444940476190476 0.32787698412698413 0.19146825396825398 0.2857142857142857
3 0.746031746031746 0.2371031746031746 0.12301587301587301 0.12533068783068782
3 0.5162450396825397 0.22982804232804233 0.08953373015873016 0.09391534391534391
5 0.3411458333333333 0.7799272486772487 0.07614087301587301 0.25363756613756616
3 0.5682043650793651 0.16832010582010581 0.08382936507936507 0.08961640211640212
3 0.034102182539682536 0.4027777777777778 0.06820436507936507 0.18783068783068782
5 0.06597222222222222 0.861441798941799 0.13194444444444445 0.2771164021164021
5 0.7687251984126984 0.3435846560846561 0.04662698412698413 0.12268518518518519
5 0.20052083333333334 0.46726190476190477 0.050347222222222224 0.15873015873015872
5 0.7239583333333334 0.30340608465608465 0.04290674603174603 0.11706349206349206
5 0.2785218253968254 0.1595568783068783 0.02628968253968254 0.06349206349206349
5 0.5555555555555556 0.0625 0.03720238095238095 0.0496031746031746
5 0.44382440476190477 0.052248677248677246 0.033482142857142856 0.04563492063492063
5 0.2585565476190476 0.056878306878306875 0.03720238095238095 0.05092592592592592
5 0.9698660714285714 0.07308201058201058 0.0441468253968254 0.05291005291005291
5 0.3353174603174603 0.05191798941798942 0.03447420634920635 0.050595238095238096
3 0.033482142857142856 0.2976190476190476 0.06696428571428571 0.11276455026455026
5 0.03732638888888889 0.0291005291005291 0.028025793650793652 0.04332010582010582
5 0.08655753968253968 0.0539021164021164 0.036210317460317464 0.050595238095238096
5 0.12661210317460317 0.05324074074074074 0.02976190476190476 0.04728835978835979
5 0.009548611111111112 0.058366402116402115 0.018849206349206348 0.05291005291005291
5 0.16282242063492064 0.03290343915343916 0.03050595238095238 0.04298941798941799
1 0.3654513888888889 0.446087962962963 0.020337301587301588 0.01455026455026455
5 0.18452380952380953 0.07556216931216932 0.034722222222222224 0.05357142857142857
3 0.30183531746031744 0.04828042328042328 0.0689484126984127 0.044642857142857144
5 0.19680059523809523 0.06547619047619048 0.027529761904761904 0.05026455026455026
5 0.1032986111111111 0.03009259259259259 0.026785714285714284 0.040013227513227514
1 0.7775297619047619 0.2705026455026455 0.014136904761904762 0.010912698412698412
1 0.00992063492063492 0.4637830687830688 0.01984126984126984 0.015542328042328041
0 0.6154414682539683 0.5315773809523809 0.033988095238095234 0.01361111111111111
6 0.47108134920634925 0.02506283068783069 0.06597718253968253 0.05012566137566138