3 0.6178075396825397 0.7759589947089947 0.17609126984126985 0.25562169312169314
3 0.3576388888888889 0.7111441798941799 0.13343253968253968 0.18154761904761904
3 0.4894593253968254 0.5902777777777778 0.10342261904761904 0.12962962962962962
2 0.0913938492063492 0.6618716931216931 0.18253968253968253 0.4580026455026455
3 0.3359375 0.3470568783068783 0.049107142857142856 0.051587301587301584
5 0.7201140873015873 0.6851851851851852 0.04265873015873016 0.144510582010582
5 0.6377728174603174 0.5406746031746031 0.04811507936507937 0.10052910052910052
5 0.4789186507936508 0.45849867724867727 0.028521825396825396 0.08267195767195767
5 0.12462797619047619 0.34308862433862436 0.030753968253968252 0.05257936507936508
5 0.28311011904761907 0.5466269841269841 0.03422619047619048 0.1078042328042328
5 0.15215773809523808 0.3040674603174603 0.03149801587301587 0.045304232804232805
5 0.33742559523809523 0.4568452380952381 0.028769841269841268 0.0873015873015873
5 0.7326388888888888 0.5219907407407407 0.03298611111111111 0.08366402116402116
5 0.6656746031746031 0.49718915343915343 0.048859126984126984 0.08465608465608465
5 0.7119295634920635 0.5806878306878307 0.032242063492063495 0.09755291005291006
5 0.2361111111111111 0.2761243386243386 0.02628968253968254 0.03935185185185185
5 0.20225694444444445 0.359457671957672 0.0220734126984127 0.059854497354497355
5 0.21540178571428573 0.429728835978836 0.02554563492063492 0.07936507936507936
5 0.46242559523809523 0.30753968253968256 0.027281746031746032 0.0419973544973545
5 0.29737103174603174 0.4957010582010582 0.03125 0.08498677248677249
5 0.16641865079365079 0.26603835978835977 0.02976190476190476 0.037037037037037035
5 0.263640873015873 0.35168650793650796 0.020089285714285716 0.056878306878306875
5 0.10739087301587301 0.2620701058201058 0.0248015873015873 0.040674603174603176
0 0.6439732142857143 0.875165343915344 0.03720238095238095 0.013558201058201057
5 0.024305555555555556 0.25479497354497355 0.028273809523809524 0.03571428571428571
3 0.6960565476190477 0.2511574074074074 0.04290674603174603 0.023148148148148147
1 0.0597718253968254 0.8667328042328042 0.027777777777777776 0.01917989417989418
5 0.34660218253968256 0.29580026455026454 0.033234126984126984 0.04332010582010582
5 0.7874503968253969 0.3523478835978836 0.03869047619047619 0.04662698412698413
3 0.32663690476190477 0.2328042328042328 0.047619047619047616 0.026785714285714284
5 0.21986607142857142 0.38673941798941797 0.023065476190476192 0.05853174603174603
5 0.6645585317460317 0.2554563492063492 0.016617063492063492 0.02546296296296296
5 0.9410962301587301 0.3533399470899471 0.02058531746031746 0.040674603174603176
5 0.26438492063492064 0.32060185185185186 0.017857142857142856 0.03968253968253968
5 0.9113343253968254 0.3738425925925926 0.026785714285714284 0.04662698412698413
1 0.5022420634920635 0.6311309523809524 0.017628968253968254 0.013253968253968254
0 0.36703621031746037 0.7659292328042329 0.03202876984126984 0.011709656084656083