3 0.5593998015873016 0.7872023809523809 0.18700396825396826 0.29794973544973546
2 0.30481150793650796 0.42956349206349204 0.22718253968253968 0.31646825396825395
3 0.5732886904761905 0.3816137566137566 0.08432539682539683 0.11243386243386243
5 0.7005208333333334 0.6043320105820106 0.05084325396825397 0.1693121693121693
3 0.4749503968253968 0.26273148148148145 0.05828373015873016 0.06746031746031746
3 0.5739087301587301 0.19031084656084657 0.04117063492063492 0.05720899470899471
5 0.8024553571428571 0.42146164021164023 0.0339781746031746 0.11210317460317461
4 0.1171875 0.42658730158730157 0.029265873015873016 0.10284391534391535
5 0.8815724206349206 0.2587632275132275 0.021825396825396824 0.0625
3 0.5913938492063492 0.10945767195767196 0.024553571428571428 0.027447089947089946
5 0.04625496031746032 0.4212962962962963 0.08680555555555555 0.08465608465608465
5 0.4280753968253968 0.18088624338624337 0.016121031746031748 0.045965608465608467
3 0.8454861111111112 0.17542989417989419 0.04811507936507937 0.04497354497354497
3 0.5607638888888888 0.09755291005291006 0.023313492063492064 0.0248015873015873
0 0.5562996031746031 0.902281746031746 0.047619047619047616 0.016865079365079364
5 0.9906994047619048 0.6760912698412699 0.018601190476190476 0.1832010582010582
4 0.35788690476190477 0.2152777777777778 0.014384920634920634 0.05555555555555555
3 0.5059523809523809 0.10416666666666667 0.024305555555555556 0.02414021164021164
1 0.2650049603174603 0.5697751322751323 0.02058531746031746 0.013227513227513227
5 0.6490575396825397 0.16005291005291006 0.014136904761904762 0.047619047619047616
3 0.6135912698412699 0.10069444444444445 0.020833333333333332 0.022156084656084655
5 0.38244047619047616 0.21296296296296297 0.026785714285714284 0.046957671957671955
5 0.8596230158730159 0.199239417989418 0.022569444444444444 0.05357142857142857
1 0.5716592261904762 0.4175396825396826 0.015128968253968254 0.010224867724867725