3 0.6749751984126984 0.8569775132275133 0.2088293650793651 0.28604497354497355
3 0.5684523809523809 0.4905753968253968 0.11210317460317461 0.15079365079365079
2 0.33630952380952384 0.3010912698412698 0.14211309523809523 0.1960978835978836
5 0.11941964285714286 0.6785714285714286 0.06646825396825397 0.18452380952380953
5 0.2650049603174603 0.673776455026455 0.06101190476190476 0.1865079365079365
5 0.44742063492063494 0.41865079365079366 0.03249007936507937 0.1078042328042328
3 0.4347718253968254 0.22470238095238096 0.049107142857142856 0.05853174603174603
5 0.9425843253968254 0.37003968253968256 0.031994047619047616 0.09126984126984126
3 0.6112351190476191 0.11789021164021164 0.02628968253968254 0.028769841269841268
5 0.15984623015873015 0.4060846560846561 0.031994047619047616 0.10317460317460317
5 0.6955605158730159 0.4298941798941799 0.04092261904761905 0.10846560846560846
5 0.13516865079365079 0.560515873015873 0.054811507936507936 0.13095238095238096
6 0.5235615079365079 0.17542989417989419 0.07142857142857142 0.1345899470899471
5 0.4635416666666667 0.1734457671957672 0.014384920634920634 0.040674603174603176
5 0.6318204365079365 0.20866402116402116 0.015625 0.047619047619047616
1 0.31687003968253963 0.3830654761904762 0.01347470238095238 0.01050925925925926
3 0.3162202380952381 0.14500661375661375 0.03249007936507937 0.036044973544973546
0 0.6834077380952381 0.9922288359788359 0.05654761904761905 0.01488095238095238
4 0.16741071428571427 0.2996031746031746 0.017857142857142856 0.06646825396825397
4 0.1307043650793651 0.3040674603174603 0.016617063492063492 0.06514550264550265
5 0.006448412698412698 0.658234126984127 0.012896825396825396 0.14814814814814814
5 0.42757936507936506 0.18518518518518517 0.015128968253968254 0.026785714285714284
0 0.5680505952380953 0.5363988095238095 0.026922123015873014 0.010218253968253968