3 0.4488932291666667 0.8090277777777778 0.2925347222222222 0.3819444444444444
2 0.2465277777777778 0.3097511574074074 0.2612847222222222 0.4134837962962963
5 0.7136501736111112 0.25636574074074076 0.06944444444444445 0.13599537037037038
3 0.3778211805555556 0.0703125 0.072265625 0.0798611111111111
5 0.4481336805555556 0.21875 0.037543402777777776 0.12094907407407407
5 0.6784939236111112 0.5445601851851852 0.05772569444444445 0.20601851851851852
5 0.5087890625 0.31712962962962965 0.05078125 0.14525462962962962
5 0.7329644097222222 0.4285300925925926 0.055989583333333336 0.18489583333333334
5 0.6354166666666666 0.30150462962962965 0.04578993055555555 0.13483796296296297
5 0.7677951388888888 0.15436921296296297 0.029079861111111112 0.09519675925925926
5 0.13346354166666666 0.1824363425925926 0.03407118055555555 0.11082175925925926
5 0.8064236111111112 0.23292824074074073 0.03602430555555555 0.12384259259259259
5 0.1513671875 0.11284722222222222 0.033854166666666664 0.08940972222222222
1 0.23719401041666666 0.4925086805555555 0.026432291666666666 0.018052662037037037
0 0.4022352430555556 0.9926215277777778 0.06336805555555555 0.014178240740740741
0 0.37954427083333336 0.09192129629629629 0.017252604166666668 0.006059027777777778