3 0.2292906746031746 0.3253968253968254 0.13814484126984128 0.17526455026455026
3 0.7640128968253969 0.26537698412698413 0.12475198412698413 0.15641534391534392
5 0.8561507936507936 0.644510582010582 0.08159722222222222 0.24834656084656084
5 0.8599950396825397 0.4581679894179894 0.06101190476190476 0.17195767195767195
5 0.8454861111111112 0.20238095238095238 0.03943452380952381 0.12863756613756613
2 0.4476686507936508 0.5550595238095238 0.2562003968253968 0.4801587301587302
5 0.48995535714285715 0.19990079365079366 0.0339781746031746 0.11772486772486772
5 0.3244047619047619 0.022817460317460316 0.04365079365079365 0.04563492063492063
5 0.3611111111111111 0.12251984126984126 0.032242063492063495 0.09887566137566138
5 0.5519593253968254 0.263723544973545 0.043402777777777776 0.12962962962962962
5 0.2418154761904762 0.14781746031746032 0.03447420634920635 0.10284391534391535
5 0.46986607142857145 0.0603505291005291 0.024305555555555556 0.0796957671957672
5 0.2647569444444444 0.04877645502645503 0.04141865079365079 0.06646825396825397
5 0.4036458333333333 0.136739417989418 0.0339781746031746 0.10747354497354497
5 0.582093253968254 0.09854497354497355 0.03125 0.09424603174603174
5 0.5700644841269841 0.17741402116402116 0.03546626984126984 0.11044973544973545
5 0.44481646825396826 0.2604166666666667 0.044890873015873016 0.11772486772486772
5 0.05030753968253968 0.10361772486772486 0.06266865079365079 0.06825066137566137
5 0.6490575396825397 0.047619047619047616 0.023065476190476192 0.07837301587301587
5 0.5373263888888888 0.023478835978835978 0.019345238095238096 0.046957671957671955
5 0.9497767857142857 0.023478835978835978 0.025793650793650792 0.046957671957671955
3 0.6892361111111112 0.029927248677248677 0.061507936507936505 0.059854497354497355
1 0.4290674603174603 0.7622354497354498 0.03720238095238095 0.02447089947089947
0 0.7710813492063492 0.3167989417989418 0.03273809523809524 0.010582010582010581
5 0.42584325396825395 0.22999338624338625 0.036458333333333336 0.13128306878306878
5 0.43452380952380953 0.1618716931216931 0.03670634920634921 0.08432539682539683
1 0.2145982142857143 0.3819775132275132 0.022802579365079366 0.01664021164021164