5 0.6516617063492064 0.7827380952380952 0.07961309523809523 0.25727513227513227
2 0.4623015873015873 0.17609126984126985 0.12425595238095238 0.17394179894179895
3 0.6743551587301587 0.2918320105820106 0.08680555555555555 0.10317460317460317
3 0.607390873015873 0.21246693121693122 0.0744047619047619 0.09755291005291006
5 0.05654761904761905 0.5628306878306878 0.07118055555555555 0.12268518518518519
5 0.19990079365079366 0.3872354497354497 0.0441468253968254 0.12632275132275134
6 0.7005208333333334 0.11689814814814815 0.06671626984126984 0.125
3 0.6408730158730159 0.04050925925925926 0.027281746031746032 0.031084656084656083
5 0.23623511904761904 0.4689153439153439 0.07093253968253968 0.15376984126984128
3 0.6996527777777778 0.026455026455026454 0.025793650793650792 0.028769841269841268
5 0.6568700396825397 0.17195767195767195 0.023561507936507936 0.06349206349206349
5 0.2700892857142857 0.3449074074074074 0.04017857142857143 0.11144179894179894
3 0.6455853174603174 0.09705687830687831 0.04241071428571429 0.04861111111111111
5 0.6851438492063492 0.21279761904761904 0.025297619047619048 0.06316137566137567
3 0.41195436507936506 0.04117063492063492 0.03249007936507937 0.03571428571428571
5 0.25595238095238093 0.20171957671957672 0.031001984126984128 0.0701058201058201
5 0.5326140873015873 0.13442460317460317 0.017857142857142856 0.05654761904761905
3 0.6563740079365079 0.022652116402116403 0.023065476190476192 0.028108465608465607
5 0.5530753968253969 0.07705026455026455 0.015625 0.041666666666666664
5 0.26264880952380953 0.2900132275132275 0.03720238095238095 0.08465608465608465
5 0.6137152777777778 0.13558201058201058 0.01984126984126984 0.05555555555555555
3 0.8715277777777778 0.08630952380952381 0.0248015873015873 0.045965608465608467
5 0.5792410714285714 0.17328042328042328 0.02132936507936508 0.056878306878306875
5 0.6413690476190477 0.12549603174603174 0.01636904761904762 0.046957671957671955
5 0.5646701388888888 0.10001984126984126 0.016493055555555556 0.043673941798941796
5 0.4990079365079365 0.07076719576719577 0.013640873015873016 0.040674603174603176
5 0.6057787698412699 0.028769841269841268 0.01066468253968254 0.03141534391534392
5 0.5735367063492064 0.04431216931216931 0.011656746031746032 0.03439153439153439
0 0.6014880952380952 0.2400793650793651 0.017410714285714286 0.006944444444444444
5 0.5310019841269841 0.09391534391534391 0.017857142857142856 0.04332010582010582
5 0.5870535714285714 0.037698412698412696 0.012896825396825396 0.03736772486772487
5 0.6027008928571429 0.07834325396825396 0.01429563492063492 0.04169642857142857
1 0.6700545634920635 0.31977513227513227 0.015210813492063492 0.01076058201058201
5 0.6674107142857143 0.06812169312169312 0.012648809523809524 0.037698412698412696
5 0.6106101190476191 0.10557539682539682 0.014913194444444446 0.04071428571428572