3 0.6147073412698413 0.6410383597883598 0.1552579365079365 0.22685185185185186
3 0.6370287698412699 0.20453042328042328 0.054811507936507936 0.06712962962962964
5 0.17423115079365079 0.45337301587301587 0.04141865079365079 0.13293650793650794
3 0.5964781746031746 0.16418650793650794 0.04017857142857143 0.04894179894179894
5 0.4833829365079365 0.41005291005291006 0.03844246031746032 0.12433862433862433
5 0.380828373015873 0.2977843915343915 0.02628968253968254 0.08002645502645503
3 0.6883680555555556 0.14368386243386244 0.04290674603174603 0.05324074074074074
3 0.5613839285714286 0.13392857142857142 0.03695436507936508 0.04034391534391534
5 0.2550843253968254 0.21693121693121692 0.04861111111111111 0.06349206349206349
1 0.607390873015873 0.7190806878306878 0.028025793650793652 0.018849206349206348
5 0.7239583333333334 0.24718915343915343 0.024057539682539684 0.07341269841269842
5 0.46391369047619047 0.29381613756613756 0.029017857142857144 0.08697089947089948
3 0.5461309523809523 0.10929232804232804 0.034722222222222224 0.037037037037037035
5 0.4425843253968254 0.21180555555555555 0.023809523809523808 0.06514550264550265
5 0.5250496031746031 0.18303571428571427 0.018105158730158732 0.05489417989417989
5 0.46862599206349204 0.24338624338624337 0.024553571428571428 0.06746031746031746
3 0.8552827380952381 0.16633597883597884 0.03249007936507937 0.04563492063492063
3 0.6858878968253969 0.1023478835978836 0.028025793650793652 0.03207671957671958
3 0.396453373015873 0.08862433862433862 0.033234126984126984 0.03406084656084656
5 0.5905257936507936 0.10532407407407407 0.01314484126984127 0.03802910052910053
5 0.8714037698412699 0.179728835978836 0.014384920634920634 0.05787037037037037
5 0.6124751984126984 0.09093584656084656 0.010912698412698412 0.03109126984126984
5 0.7259424603174603 0.09887566137566138 0.012648809523809524 0.03373015873015873
5 0.5724206349206349 0.08796296296296297 0.011408730158730158 0.034722222222222224
4 0.3472693452380953 0.22654761904761905 0.01615327380952381 0.062089947089947084
4 0.3300694444444444 0.19494378306878307 0.015731646825396826 0.06041335978835979
4 0.40978174603174605 0.13788690476190477 0.013635912698412697 0.044189814814814814
5 0.6501934523809524 0.11291666666666667 0.013973214285714287 0.03839285714285714