3 0.10652281746031746 0.3854166666666667 0.2013888888888889 0.20535714285714285
5 0.7884424603174603 0.4618055555555556 0.05679563492063492 0.17328042328042328
5 0.6772073412698413 0.5985449735449735 0.058779761904761904 0.20734126984126985
5 0.6955605158730159 0.41617063492063494 0.04241071428571429 0.16005291005291006
5 0.6635664682539683 0.20238095238095238 0.030009920634920636 0.09689153439153439
5 0.7146577380952381 0.036375661375661374 0.018601190476190476 0.056878306878306875
6 0.40770089285714284 0.3658862433862434 0.31361607142857145 0.577579365079365
5 0.42299107142857145 0.05539021164021164 0.019345238095238096 0.05357142857142857
1 0.36222718253968256 0.6079695767195767 0.030753968253968252 0.0205026455026455
5 0.4806547619047619 0.052248677248677246 0.017857142857142856 0.05324074074074074
5 0.49789186507936506 0.062003968253968256 0.018353174603174604 0.05125661375661376
5 0.5190972222222222 0.015376984126984126 0.013888888888888888 0.030753968253968252
4 0.04575892857142857 0.17394179894179895 0.026041666666666668 0.08862433862433862
4 0.20796130952380953 0.11243386243386243 0.017857142857142856 0.060515873015873016
0 0.054811507936507936 0.45436507936507936 0.032242063492063495 0.012566137566137565
5 0.37524801587301587 0.06514550264550265 0.025297619047619048 0.061507936507936505