3 0.5824652777777778 0.5221560846560847 0.15674603174603174 0.2152777777777778
2 0.3366815476190476 0.21246693121693122 0.2058531746031746 0.2457010582010582
5 0.13901289682539683 0.8693783068783069 0.10491071428571429 0.2612433862433862
5 0.8141121031746031 0.53125 0.056299603174603176 0.20337301587301587
3 0.6082589285714286 0.08349867724867725 0.05233134920634921 0.061507936507936505
3 0.6966765873015873 0.06283068783068783 0.04935515873015873 0.0625
5 0.6697668650793651 0.15873015873015872 0.025297619047619048 0.07804232804232804
5 0.5935019841269841 0.22718253968253968 0.030753968253968252 0.09788359788359788
5 0.5131448412698413 0.20634920634920634 0.02703373015873016 0.09722222222222222
3 0.6779513888888888 0.023478835978835978 0.03968253968253968 0.04662698412698413
5 0.5422867063492064 0.18287037037037038 0.025297619047619048 0.08366402116402116
5 0.4729662698412698 0.0625 0.018353174603174604 0.0539021164021164
5 0.5851934523809523 0.14285714285714285 0.025297619047619048 0.07275132275132275
5 0.5083085317460317 0.12020502645502645 0.021577380952380952 0.06911375661375661
5 0.5063244047619048 0.017857142857142856 0.01314484126984127 0.03571428571428571
5 0.49789186507936506 0.07539682539682539 0.018849206349206348 0.05555555555555555
5 0.5658482142857143 0.052744708994709 0.017361111111111112 0.05191798941798942
3 0.6283482142857143 0.017361111111111112 0.03546626984126984 0.03439153439153439
0 0.5843253968253969 0.5902777777777778 0.03819444444444445 0.013558201058201057
3 0.2838541666666667 0.12185846560846561 0.08556547619047619 0.061507936507936505
5 0.7114335317460317 0.08912037037037036 0.018353174603174604 0.06018518518518518
5 0.5541914682539683 0.031580687830687834 0.014632936507936508 0.04662698412698413
5 0.5727926587301587 0.017361111111111112 0.012648809523809524 0.034722222222222224
4 0.41021825396825395 0.014715608465608465 0.011656746031746032 0.02943121693121693
1 0.30481150793650796 0.31746031746031744 0.016121031746031748 0.012566137566137565