2 0.3089037698412698 0.2746362433862434 0.19866071428571427 0.24966931216931218
3 0.3685515873015873 0.8536706349206349 0.29216269841269843 0.2919973544973545
3 0.5709325396825397 0.26785714285714285 0.0954861111111111 0.13756613756613756
3 0.7244543650793651 0.2511574074074074 0.09275793650793651 0.12731481481481483
5 0.7466517857142857 0.382771164021164 0.037698412698412696 0.12797619047619047
5 0.2821180555555556 0.5796957671957672 0.06919642857142858 0.20403439153439154
3 0.6938244047619048 0.13392857142857142 0.05431547619047619 0.06283068783068783
3 0.6392609126984127 0.08895502645502645 0.046875 0.04894179894179894
6 0.5 0.15608465608465608 0.11011904761904762 0.14484126984126985
3 0.7104414682539683 0.01984126984126984 0.03050595238095238 0.037037037037037035
3 0.5956101190476191 0.06349206349206349 0.036458333333333336 0.059854497354497355
6 0.5476190476190477 0.09689153439153439 0.08209325396825397 0.11044973544973545
4 0.010044642857142858 0.2880291005291005 0.020089285714285716 0.08002645502645503
3 0.7620287698412699 0.013888888888888888 0.028273809523809524 0.027777777777777776
5 0.9138144841269841 0.0539021164021164 0.016121031746031748 0.041666666666666664
5 0.7544642857142857 0.10251322751322751 0.017361111111111112 0.05489417989417989
5 0.09846230158730158 0.2943121693121693 0.046130952380952384 0.10416666666666667
1 0.2740575396825397 0.3748346560846561 0.018105158730158732 0.011574074074074073
5 0.660094246031746 0.04034391534391534 0.015625 0.03935185185185185
5 0.6336805555555556 0.04447751322751323 0.014632936507936508 0.04133597883597884
2 0.4677579365079365 0.06630291005291006 0.09895833333333333 0.1306216931216931
3 0.6231398809523809 0.005621693121693121 0.036458333333333336 0.011243386243386243
5 0.6525297619047619 0.010085978835978835 0.011408730158730158 0.02017195767195767
0 0.5626364087301587 0.3044675925925926 0.02308779761904762 0.00855489417989418
5 0.9016617063492064 0.03009259259259259 0.015625 0.04034391534391534
5 0.7462797619047619 0.05340608465608466 0.01488095238095238 0.041666666666666664
4 0.22397073412698412 0.19126322751322752 0.019312996031746032 0.05856150793650794
4 0.14143353174603174 0.1953075396825397 0.019940476190476192 0.06302248677248677
4 0.1874702380952381 0.20499007936507935 0.02634176587301587 0.05022156084656085
4 0.014694940476190476 0.17283068783068783 0.024107142857142858 0.08234126984126984
4 0.3300719246031746 0.12467592592592593 0.014032738095238095 0.05078703703703704
5 0.7555977182539683 0.05906084656084656 0.012760416666666668 0.03959325396825397
1 0.7266319444444445 0.2809292328042328 0.016574900793650794 0.011388888888888888