3 0.2516121031746032 0.2490079365079365 0.11780753968253968 0.16335978835978837
5 0.09437003968253968 0.49289021164021163 0.07093253968253968 0.1927910052910053
6 0.5348462301587301 0.4363425925925926 0.25049603174603174 0.48908730158730157
3 0.5637400793650794 0.08019179894179894 0.07366071428571429 0.08796296296296297
3 0.45349702380952384 0.0894510582010582 0.06746031746031746 0.07473544973544974
3 0.6496775793650794 0.1023478835978836 0.07242063492063493 0.09226190476190477
3 0.6480654761904762 0.20667989417989419 0.09226190476190477 0.1130952380952381
3 0.9286954365079365 0.04348544973544974 0.03249007936507937 0.06911375661375661
5 0.07899305555555555 0.22668650793650794 0.03869047619047619 0.10912698412698413
5 0.46416170634920634 0.2283399470899471 0.03447420634920635 0.11375661375661375
5 0.28509424603174605 0.32423941798941797 0.04985119047619048 0.1378968253968254
5 0.271453373015873 0.1410383597883598 0.03050595238095238 0.05853174603174603
5 0.7180059523809523 0.11871693121693122 0.027529761904761904 0.08498677248677249
3 0.4427083333333333 0.029927248677248677 0.06324404761904762 0.05952380952380952
3 0.9831349206349206 0.17724867724867724 0.033482142857142856 0.14616402116402116
5 0.6190476190476191 0.03141534391534392 0.023313492063492064 0.062169312169312166
3 0.6697668650793651 0.017195767195767195 0.0496031746031746 0.03439153439153439
5 0.7168898809523809 0.018353174603174604 0.018353174603174604 0.036375661375661374
0 0.5295138888888888 0.6476521164021164 0.04563492063492063 0.015873015873015872
5 0.5555555555555556 0.023809523809523808 0.023313492063492064 0.03273809523809524
5 0.08196924603174603 0.15608465608465608 0.06448412698412699 0.08333333333333333
4 0.15749007936507936 0.14434523809523808 0.019097222222222224 0.06547619047619048
5 0.3342013888888889 0.03191137566137566 0.019097222222222224 0.055224867724867725
0 0.23823164682539683 0.2993452380952381 0.02504464285714286 0.010009920634920635