3 0.556671626984127 0.6511243386243386 0.13690476190476192 0.1875
3 0.31572420634920634 0.9130291005291006 0.20014880952380953 0.17394179894179895
3 0.3395337301587302 0.6197089947089947 0.10987103174603174 0.1402116402116402
2 0.0998263888888889 0.5601851851851852 0.1847718253968254 0.32705026455026454
3 0.45101686507936506 0.5203373015873016 0.08581349206349206 0.10119047619047619
5 0.1671626984126984 0.8232473544973545 0.0625 0.207010582010582
3 0.33382936507936506 0.335978835978836 0.044890873015873016 0.046957671957671955
5 0.9379960317460317 0.8625992063492064 0.06374007936507936 0.16633597883597884
5 0.4184027777777778 0.41087962962962965 0.025049603174603176 0.06779100529100529
5 0.5843253968253969 0.5381944444444444 0.02976190476190476 0.09722222222222222
5 0.7015128968253969 0.5042989417989417 0.048859126984126984 0.08531746031746032
5 0.910218253968254 0.9447751322751323 0.07762896825396826 0.11044973544973545
5 0.06299603174603174 0.31531084656084657 0.030009920634920636 0.046957671957671955
5 0.6723710317460317 0.3506944444444444 0.03720238095238095 0.047619047619047616
5 0.30009920634920634 0.4029431216931217 0.023561507936507936 0.06977513227513228
3 0.7698412698412699 0.35300925925925924 0.09846230158730158 0.04497354497354497
5 0.15625 0.3462301587301587 0.020833333333333332 0.056216931216931214
5 0.24169146825396826 0.4685846560846561 0.031001984126984128 0.08531746031746032
5 0.049479166666666664 0.3639219576719577 0.024305555555555556 0.059854497354497355
5 0.20386904761904762 0.38938492063492064 0.022569444444444444 0.06316137566137567
5 0.20089285714285715 0.3373015873015873 0.018849206349206348 0.05092592592592592
1 0.10044642857142858 0.707010582010582 0.021577380952380952 0.014219576719576719
5 0.23797123015873015 0.29480820105820105 0.033234126984126984 0.03968253968253968
5 0.2588045634920635 0.3244047619047619 0.015128968253968254 0.04861111111111111
5 0.23189484126984128 0.42311507936507936 0.026785714285714284 0.06746031746031746
5 0.2777777777777778 0.3090277777777778 0.014136904761904762 0.04662698412698413
1 0.46242559523809523 0.5504298941798942 0.014384920634920634 0.01025132275132275
0 0.5783730158730159 0.7170965608465608 0.02976190476190476 0.011243386243386243
5 0.3552827380952381 0.29563492063492064 0.0220734126984127 0.03935185185185185
5 0.8453621031746031 0.3482142857142857 0.02976190476190476 0.045304232804232805
0 0.3460565476190476 0.6597453703703704 0.02618799603174603 0.008647486772486772
5 0.75 0.5608465608465608 0.029265873015873016 0.10813492063492064
5 0.09536210317460317 0.26769179894179895 0.027529761904761904 0.036044973544973546
5 0.14558531746031747 0.2736441798941799 0.027281746031746032 0.03571428571428571
3 0.5241815476190477 0.13988095238095238 0.05357142857142857 0.018518518518518517
5 0.7442956349206349 0.5286044973544973 0.06820436507936507 0.09457671957671958
5 0.25768849206349204 0.28869047619047616 0.022817460317460316 0.03439153439153439
5 0.7315228174603174 0.5286044973544973 0.04241071428571429 0.09292328042328042
6 0.38937748015873014 0.12149140211640211 0.07696924603174603 0.03923941798941799