6 0.3800843253968254 0.4408068783068783 0.1783234126984127 0.2390873015873016
3 0.4792906746031746 0.6498015873015873 0.09945436507936507 0.14914021164021163
6 0.8337053571428571 0.45535714285714285 0.09945436507936507 0.11904761904761904
3 0.6214037698412699 0.49107142857142855 0.052083333333333336 0.0744047619047619
6 0.5317460317460317 0.3740079365079365 0.043154761904761904 0.08002645502645503
5 0.7259424603174603 0.9270833333333334 0.06522817460317461 0.14583333333333334
5 0.10404265873015874 0.560681216931217 0.05133928571428571 0.09623015873015874
3 0.9231150793650794 0.43369708994708994 0.06646825396825397 0.0539021164021164
3 0.5939980158730159 0.3698743386243386 0.026785714285714284 0.031746031746031744
5 0.8996775793650794 0.5570436507936508 0.030257936507936508 0.07771164021164022
2 0.49231150793650796 0.31415343915343913 0.04117063492063492 0.05026455026455026
1 0.4693700396825397 0.7033730158730159 0.01711309523809524 0.012896825396825396
5 0.48395585317460316 0.39162037037037034 0.014228670634920634 0.039841269841269844
5 0.8286210317460317 0.38657407407407407 0.013888888888888888 0.027447089947089946
3 0.5710491071428571 0.30686838624338625 0.01660218253968254 0.018538359788359788
5 0.19295634920634921 0.4695767195767196 0.048859126984126984 0.061507936507936505
1 0.3329513888888889 0.5447585978835978 0.01238343253968254 0.010152116402116402
5 0.9862351190476191 0.6516203703703703 0.027529761904761904 0.09490740740740741
5 0.4879563492063492 0.36406415343915344 0.010171130952380952 0.02499669312169312
5 0.4931423611111111 0.35475859788359787 0.010171130952380952 0.02552910052910053
5 0.5490897817460317 0.330026455026455 0.007579365079365079 0.012764550264550265
5 0.5279464285714285 0.3140707671957672 0.006780753968253968 0.019679232804232803
5 0.5369221230158729 0.30755291005291 0.005984623015873015 0.01781746031746032
5 0.6006125992063492 0.32032738095238095 0.006331845238095238 0.017966269841269842
3 0.9158804563492063 0.39686177248677246 0.04871031746031746 0.03473875661375661
4 0.9503050595238095 0.39821428571428574 0.011540178571428571 0.03501984126984127
3 0.6832068452380953 0.3512136243386243 0.016718749999999998 0.02581679894179894
3 0.6913020833333333 0.3085383597883598 0.015766369047619046 0.017212301587301585
5 0.6876438492063491 0.3220899470899471 0.005622519841269841 0.01826388888888889
5 0.67875 0.3212731481481481 0.005419146825396826 0.017718253968253966
1 0.6231175595238095 0.5164252645502646 0.010133928571428572 0.00785383597883598
1 0.529439484126984 0.4044080687830688 0.006220238095238095 0.004904100529100529
5 0.5538715277777778 0.3070833333333333 0.006817956349206349 0.01677579365079365
5 0.5209722222222222 0.30586640211640215 0.005974702380952381 0.016025132275132276
3 0.5256845238095238 0.2947949735449736 0.014417162698412698 0.01330026455026455
3 0.5349479166666666 0.29110449735449734 0.010143849206349207 0.011960978835978837
3 0.5832118055555556 0.30185846560846563 0.011899801587301587 0.015866402116402115
3 0.5951612103174603 0.293287037037037 0.01334077380952381 0.015099206349206348
6 0.6106597222222222 0.2954596560846561 0.014203869047619049 0.023799603174603175