5 0.5546875 0.6953125 0.08485243055555555 0.2806712962962963
5 0.7785373263888888 0.6853298611111112 0.080078125 0.27806712962962965
5 0.21397569444444445 0.765625 0.1306423611111111 0.2977430555555556
5 0.4069010416666667 0.36791087962962965 0.06532118055555555 0.19762731481481483
5 0.2172309027777778 0.3265335648148148 0.055989583333333336 0.1802662037037037
5 0.5198567708333334 0.21585648148148148 0.05251736111111111 0.15625
5 0.6667751736111112 0.11472800925925926 0.04210069444444445 0.1255787037037037
5 0.4370659722222222 0.1417824074074074 0.041666666666666664 0.13310185185185186
5 0.4485677083333333 0.04976851851851852 0.03493923611111111 0.0931712962962963
5 0.2788628472222222 0.08159722222222222 0.036458333333333336 0.11197916666666667
5 0.3219401041666667 0.039496527777777776 0.031901041666666664 0.07899305555555555
5 0.3585069444444444 0.08333333333333333 0.034722222222222224 0.11371527777777778