3 0.20374503968253968 0.49636243386243384 0.21676587301587302 0.2404100529100529
2 0.4166666666666667 0.12880291005291006 0.1297123015873016 0.1775793650793651
5 0.6122271825396826 0.31630291005291006 0.03819444444444445 0.12962962962962962
5 0.41455853174603174 0.3759920634920635 0.04563492063492063 0.13723544973544974
5 0.7387152777777778 0.3123346560846561 0.03869047619047619 0.11970899470899471
5 0.46862599206349204 0.49074074074074076 0.05133928571428571 0.18022486772486773
3 0.6733630952380952 0.11276455026455026 0.05133928571428571 0.06646825396825397
5 0.494171626984127 0.333994708994709 0.03869047619047619 0.13425925925925927
5 0.5434027777777778 0.291005291005291 0.036210317460317464 0.1164021164021164
5 0.5916418650793651 0.23809523809523808 0.03050595238095238 0.0992063492063492
3 0.20870535714285715 0.19642857142857142 0.11235119047619048 0.11044973544973545
5 0.21937003968253968 0.27380952380952384 0.03695436507936508 0.10846560846560846
5 0.5915178571428571 0.13773148148148148 0.022569444444444444 0.07308201058201058
3 0.6695188492063492 0.020337301587301588 0.03670634920634921 0.03869047619047619
5 0.29997519841269843 0.14649470899470898 0.0220734126984127 0.06613756613756613
5 0.636780753968254 0.08432539682539683 0.018353174603174604 0.059854497354497355
5 0.5499751984126984 0.0701058201058201 0.018601190476190476 0.055224867724867725
5 0.6014384920634921 0.04282407407407408 0.01636904761904762 0.051587301587301584
5 0.24057539682539683 0.21577380952380953 0.032242063492063495 0.08531746031746032
5 0.5261656746031746 0.06332671957671958 0.015873015873015872 0.05191798941798942
0 0.1527777777777778 0.5849867724867724 0.040674603174603176 0.013888888888888888
4 0.07490079365079365 0.17542989417989419 0.020089285714285716 0.07705026455026455
5 0.9919394841269841 0.04480820105820106 0.016121031746031748 0.056216931216931214
3 0.8418898809523809 0.040674603174603176 0.03670634920634921 0.05092592592592592
5 0.5151140873015874 0.041534391534391535 0.01435267857142857 0.04721891534391534
5 0.4242311507936508 0.011243386243386243 0.011904761904761904 0.022486772486772486
1 0.39803075396825394 0.20186177248677248 0.012380952380952381 0.009146825396825396
5 0.5246974206349206 0.02628637566137566 0.014501488095238095 0.03697089947089947