5 0.2179904513888889 0.7576678240740741 0.0881076388888889 0.2806712962962963
3 0.9307725694444444 0.0681423611111111 0.07313368055555555 0.09172453703703703
2 0.7220052083333334 0.04586226851851852 0.11631944444444445 0.09172453703703703
3 0.8892144097222222 0.2115162037037037 0.0703125 0.11950231481481481
5 0.3370225694444444 0.1724537037037037 0.038628472222222224 0.09722222222222222
5 0.3880208333333333 0.5823206018518519 0.08094618055555555 0.23668981481481483
5 0.4405381944444444 0.3376736111111111 0.045572916666666664 0.1519097222222222
5 0.4998914930555556 0.10734953703703703 0.04275173611111111 0.0798611111111111
6 0.6365017361111112 0.5112847222222222 0.4798177083333333 0.7757523148148148
3 0.8998480902777778 0.019097222222222224 0.053385416666666664 0.03819444444444445
5 0.5692274305555556 0.1657986111111111 0.033854166666666664 0.0943287037037037
6 0.12630208333333334 0.5389178240740741 0.2526041666666667 0.7170138888888888
5 0.6729600694444444 0.13961226851851852 0.032552083333333336 0.07146990740740741
5 0.3755425347222222 0.25810185185185186 0.046223958333333336 0.11631944444444445
5 0.8041449652777778 0.016203703703703703 0.018880208333333332 0.032407407407407406
5 0.3800998263888889 0.38700810185185186 0.05381944444444445 0.1684027777777778
3 0.9752604166666666 0.018229166666666668 0.04904513888888889 0.03616898148148148
5 0.2639973958333333 0.3716724537037037 0.037109375 0.14930555555555555
1 0.5151909722222222 0.8454861111111112 0.03884548611111111 0.027777777777777776
5 0.3972439236111111 0.29976851851851855 0.04600694444444445 0.11921296296296297
5 0.5142144097222222 0.0669849537037037 0.030598958333333332 0.06278935185185185
5 0.5317925347222222 0.018952546296296297 0.028211805555555556 0.03761574074074074
5 0.4067925347222222 0.4212962962962963 0.057291666666666664 0.10966435185185185
1 0.7058897569444444 0.07801793981481481 0.010870225694444445 0.008469328703703703
0 0.9247135416666666 0.08071469907407407 0.01416232638888889 0.00759837962962963
0 0.8945746527777777 0.02590856481481482 0.012608506944444445 0.005295138888888889
0 0.9757508680555556 0.016004050925925925 0.013990885416666666 0.005295138888888889