3 0.7036210317460317 0.4808201058201058 0.13343253968253968 0.19642857142857142
3 0.816468253968254 0.8111772486772487 0.22743055555555555 0.34093915343915343
2 0.4879712301587302 0.31977513227513227 0.1701388888888889 0.32771164021164023
2 0.3929811507936508 0.22536375661375663 0.12103174603174603 0.18716931216931218
5 0.3896329365079365 0.7938161375661376 0.0873015873015873 0.271494708994709
3 0.7142857142857143 0.359292328042328 0.09995039682539683 0.11507936507936507
5 0.9691220238095238 0.6865079365079365 0.061507936507936505 0.21428571428571427
3 0.919890873015873 0.2056878306878307 0.06721230158730158 0.06613756613756613
5 0.3333333333333333 0.5444775132275133 0.0496031746031746 0.16203703703703703
3 0.9621775793650794 0.25909391534391535 0.056299603174603176 0.08134920634920635
5 0.8927331349206349 0.5595238095238095 0.05704365079365079 0.1722883597883598
3 0.6560019841269841 0.22453703703703703 0.06671626984126984 0.08167989417989419
5 0.855530753968254 0.43716931216931215 0.04290674603174603 0.1388888888888889
5 0.2553323412698413 0.5105820105820106 0.04811507936507937 0.15443121693121692
3 0.9244791666666666 0.14384920634920634 0.05952380952380952 0.06283068783068783
5 0.15550595238095238 0.5484457671957672 0.054811507936507936 0.16104497354497355
5 0.7916666666666666 0.33895502645502645 0.03447420634920635 0.10449735449735449
3 0.5935019841269841 0.13442460317460317 0.04563492063492063 0.05357142857142857
5 0.3411458333333333 0.36673280423280424 0.037698412698412696 0.1078042328042328
3 0.6638144841269841 0.1661706349206349 0.048859126984126984 0.05654761904761905
5 0.18266369047619047 0.4945436507936508 0.04836309523809524 0.12863756613756613
5 0.6318204365079365 0.33978174603174605 0.03249007936507937 0.105489417989418
3 0.6470734126984127 0.10813492063492064 0.034970238095238096 0.041005291005291
5 0.20027281746031747 0.33134920634920634 0.03149801587301587 0.09126984126984126
5 0.06671626984126984 0.5375330687830688 0.04712301587301587 0.1531084656084656
5 0.28075396825396826 0.2628968253968254 0.048859126984126984 0.07837301587301587
5 0.5789930555555556 0.2640542328042328 0.025297619047619048 0.08101851851851852
5 0.6107390873015873 0.3146494708994709 0.028521825396825396 0.09490740740740741
5 0.6081349206349206 0.18303571428571427 0.020337301587301588 0.059854497354497355
3 0.9685019841269841 0.1292989417989418 0.04241071428571429 0.045965608465608467
4 0.15166170634920634 0.3177910052910053 0.021825396825396824 0.08564814814814815
5 0.7243303571428571 0.26322751322751325 0.024305555555555556 0.07936507936507936
5 0.7372271825396826 0.2027116402116402 0.027777777777777776 0.07341269841269842
0 0.7084573412698413 0.5426587301587301 0.032242063492063495 0.012566137566137565
5 0.20180803571428574 0.2313690476190476 0.030349702380952383 0.07463293650793651
3 0.6076388888888888 0.07523148148148148 0.03422619047619048 0.03869047619047619
5 0.24665178571428573 0.4279100529100529 0.040426587301587304 0.09821428571428571
0 0.8297371031746031 0.9411375661375662 0.06101190476190476 0.01917989417989418
3 0.5931299603174603 0.09540343915343916 0.034970238095238096 0.03736772486772487
3 0.6875 0.04117063492063492 0.023313492063492064 0.026124338624338623
3 0.5353422619047619 0.14715608465608465 0.05357142857142857 0.03207671957671958
3 0.4801587301587302 0.07688492063492064 0.03422619047619048 0.034722222222222224
5 0.6706349206349206 0.12268518518518519 0.015376984126984126 0.03571428571428571
5 0.9708953373015873 0.0908829365079365 0.014893353174603174 0.03818783068783069
3 0.9768105158730159 0.05555555555555555 0.02703373015873016 0.02943121693121693
5 0.5379464285714286 0.08432539682539683 0.015128968253968254 0.03835978835978836
5 0.32775297619047616 0.23445767195767195 0.017609126984126984 0.07142857142857142
5 0.29571180555555554 0.192609126984127 0.047586805555555556 0.04078703703703704
3 0.9852157738095237 0.07102843915343915 0.021765873015873016 0.03666005291005291
5 0.9073164682539683 0.07140873015873016 0.010310019841269842 0.03284060846560847
5 0.6777331349206349 0.09373015873015873 0.0121875 0.037724867724867724
5 0.643345734126984 0.07312830687830688 0.0121875 0.03017857142857143
5 0.6986259920634921 0.06616402116402118 0.011316964285714286 0.03017857142857143
2 0.6537921626984128 0.05020171957671958 0.03395089285714285 0.04468915343915343