3 0.1794704861111111 0.5967881944444444 0.21983506944444445 0.2717013888888889
3 0.7967664930555556 0.7495659722222222 0.2868923611111111 0.4010416666666667
3 0.9266493055555556 0.5277777777777778 0.1467013888888889 0.25752314814814814
3 0.3284505208333333 0.14091435185185186 0.12630208333333334 0.1339699074074074
3 0.5985243055555556 0.11863425925925926 0.12955729166666666 0.15104166666666666
5 0.7208116319444444 0.30005787037037035 0.057074652777777776 0.19241898148148148
5 0.2826605902777778 0.8638599537037037 0.10112847222222222 0.2722800925925926
5 0.1159939236111111 0.8703703703703703 0.10807291666666667 0.25925925925925924
3 0.9698350694444444 0.28096064814814814 0.059895833333333336 0.2265625
5 0.6418185763888888 0.24406828703703703 0.04861111111111111 0.16145833333333334
5 0.3051215277777778 0.2472511574074074 0.04709201388888889 0.1556712962962963
5 0.451171875 0.10546875 0.042317708333333336 0.12065972222222222
5 0.498046875 0.15885416666666666 0.040581597222222224 0.13570601851851852
5 0.24989149305555555 0.09056712962962964 0.04014756944444445 0.12384259259259259
5 0.1625434027777778 0.33521412037037035 0.05750868055555555 0.17824074074074073
5 0.4457465277777778 0.21383101851851852 0.045355902777777776 0.15248842592592593
5 0.20735677083333334 0.3806423611111111 0.056640625 0.17592592592592593
5 0.5537109375 0.28414351851851855 0.050347222222222224 0.16637731481481483
1 0.1994357638888889 0.6730324074074074 0.03819444444444445 0.027488425925925927
0 0.9913194444444444 0.6122685185185185 0.017361111111111112 0.01765046296296296
1 0.34030598958333336 0.17654224537037036 0.02099392361111111 0.015020254629629628
0 0.8107638888888888 0.8790509259259259 0.0740017361111111 0.024305555555555556
5 0.8926866319444444 0.019097222222222224 0.061197916666666664 0.037905092592592594
0 0.6104600694444444 0.1566840277777778 0.028645833333333332 0.01070601851851852