3 0.2955729166666667 0.8184317129629629 0.2606336805555556 0.36140046296296297
3 0.5954861111111112 0.1076388888888889 0.09678819444444445 0.12008101851851852
5 0.6021050347222222 0.6059027777777778 0.072265625 0.25491898148148145
5 0.8260633680555556 0.5768229166666666 0.072265625 0.2421875
5 0.908203125 0.49464699074074076 0.0703125 0.22424768518518517
5 0.8230251736111112 0.4014756944444444 0.06879340277777778 0.1892361111111111
5 0.2774522569444444 0.17288773148148148 0.04513888888888889 0.12962962962962962
5 0.3388671875 0.3919270833333333 0.05381944444444445 0.19241898148148148
5 0.2400173611111111 0.3159722222222222 0.05056423611111111 0.1701388888888889
3 0.6998697916666666 0.022858796296296297 0.1369357638888889 0.04542824074074074
5 0.3664279513888889 0.0842013888888889 0.03407118055555555 0.11053240740740741
5 0.3830295138888889 0.04224537037037037 0.03298611111111111 0.08449074074074074
1 0.2828776041666667 0.9493634259259259 0.045572916666666664 0.030960648148148147
3 0.8493923611111112 0.02459490740740741 0.1625434027777778 0.048900462962962965
5 0.3009982638888889 0.05005787037037037 0.029513888888888888 0.09519675925925926
5 0.26953125 0.017361111111111112 0.025390625 0.034722222222222224
5 0.5987413194444444 0.0078125 0.025824652777777776 0.015625
0 0.6080750868055556 0.13666087962962964 0.02644314236111111 0.008136574074074074
0 0.7525065104166667 0.022254050925925924 0.01396918402777778 0.007254050925925926
0 0.9182530381944445 0.028975694444444446 0.012202690972222222 0.006507523148148148