2 0.5026041666666666 0.21875 0.140625 0.23842592592592593
3 0.6775173611111112 0.32711226851851855 0.09505208333333333 0.15538194444444445
3 0.244140625 0.29658564814814814 0.09809027777777778 0.11631944444444445
5 0.4891493055555556 0.5140335648148148 0.060546875 0.19068287037037038
5 0.8452690972222222 0.6927083333333334 0.07508680555555555 0.25
3 0.6130642361111112 0.10677083333333333 0.061197916666666664 0.0642361111111111
5 0.3930121527777778 0.6255787037037037 0.06228298611111111 0.19907407407407407
3 0.3777126736111111 0.19458912037037038 0.08289930555555555 0.11053240740740741
5 0.2667100694444444 0.8812210648148148 0.09244791666666667 0.23755787037037038
5 0.5786675347222222 0.6886574074074074 0.0700954861111111 0.23524305555555555
5 0.046440972222222224 0.6448206018518519 0.06705729166666667 0.1935763888888889
5 0.6296657986111112 0.5568576388888888 0.060112847222222224 0.17824074074074073
5 0.13704427083333334 0.2706886574074074 0.030598958333333332 0.09606481481481481
5 0.681640625 0.18836805555555555 0.03125 0.08998842592592593
5 0.19791666666666666 0.20081018518518517 0.030164930555555556 0.0842013888888889
2 0.03786892361111111 0.48017939814814814 0.07573784722222222 0.32060185185185186
3 0.5735677083333334 0.060619212962962965 0.05186631944444445 0.06278935185185185
5 0.3043619791666667 0.08506944444444445 0.021267361111111112 0.059027777777777776
5 0.2619357638888889 0.18373842592592593 0.029730902777777776 0.08072916666666667
5 0.2928602430555556 0.13194444444444445 0.022786458333333332 0.06770833333333333
3 0.4274088541666667 0.032552083333333336 0.04861111111111111 0.04658564814814815
5 0.3346354166666667 0.10257523148148148 0.020399305555555556 0.06597222222222222
5 0.1867404513888889 0.12152777777777778 0.024088541666666668 0.06278935185185185
5 0.3589409722222222 0.11140046296296297 0.022352430555555556 0.05873842592592592
1 0.6778428819444444 0.37094907407407407 0.020182291666666668 0.015335648148148149
6 0.4373914930555556 0.12659143518518517 0.07573784722222222 0.12037037037037036
5 0.2375217013888889 0.0881076388888889 0.025173611111111112 0.06365740740740741
5 0.3804253472222222 0.053530092592592594 0.015842013888888888 0.05237268518518518
1 0.5022786458333334 0.32045717592592593 0.016493055555555556 0.011284722222222222
5 0.5445963541666666 0.09649884259259259 0.016927083333333332 0.058159722222222224
4 0.15538194444444445 0.025607638888888888 0.018880208333333332 0.051215277777777776
1 0.2446831597222222 0.3304398148148148 0.018229166666666668 0.013599537037037037
5 0.3352864583333333 0.057436342592592594 0.021484375 0.053530092592592594