3 0.15500992063492064 0.7270171957671958 0.2296626984126984 0.2698412698412698
3 0.39360119047619047 0.7748015873015873 0.20535714285714285 0.30522486772486773
3 0.6657986111111112 0.4580026455026455 0.10267857142857142 0.1306216931216931
3 0.43799603174603174 0.41550925925925924 0.08854166666666667 0.1111111111111111
2 0.2709573412698413 0.4937169312169312 0.1597222222222222 0.24173280423280424
5 0.9072420634920635 0.6612103174603174 0.06225198412698413 0.18353174603174602
3 0.4270833333333333 0.30787037037037035 0.07242063492063493 0.0873015873015873
3 0.6388888888888888 0.351521164021164 0.08655753968253968 0.11673280423280423
3 0.5369543650793651 0.298776455026455 0.06696428571428571 0.083994708994709
3 0.2160218253968254 0.3384589947089947 0.13343253968253968 0.09193121693121693
3 0.4712301587301587 0.25281084656084657 0.054811507936507936 0.057539682539682536
5 0.8604910714285714 0.8072089947089947 0.06721230158730158 0.226521164021164
3 0.5126488095238095 0.16071428571428573 0.035962301587301584 0.04034391534391534
5 0.7862103174603174 0.48644179894179895 0.04141865079365079 0.13095238095238096
3 0.6104910714285714 0.24834656084656084 0.060515873015873016 0.08002645502645503
6 0.8018353174603174 0.1453373015873016 0.04092261904761905 0.059854497354497355
3 0.5004960317460317 0.20337301587301587 0.041914682539682536 0.04431216931216931
5 0.8453621031746031 0.5920965608465608 0.05654761904761905 0.16137566137566137
6 0.3804563492063492 0.2144510582010582 0.04563492063492063 0.07671957671957672
3 0.32626488095238093 0.2080026455026455 0.04092261904761905 0.04728835978835979
3 0.298859126984127 0.2371031746031746 0.04836309523809524 0.05191798941798942
5 0.8296130952380952 0.2748015873015873 0.024305555555555556 0.06812169312169312
3 0.8712797619047619 0.22784391534391535 0.035962301587301584 0.06845238095238096
5 0.9668898809523809 0.8487103174603174 0.06597222222222222 0.24305555555555555
3 0.45944940476190477 0.15625 0.03125 0.0333994708994709
5 0.333953373015873 0.26769179894179895 0.018353174603174604 0.05853174603174603
5 0.6984126984126984 0.3392857142857143 0.03273809523809524 0.09226190476190477
3 0.21019345238095238 0.4469246031746032 0.07341269841269842 0.13624338624338625
3 0.8591269841269841 0.1284722222222222 0.03447420634920635 0.034722222222222224
3 0.3245287698412698 0.9740410052910053 0.2663690476190476 0.05191798941798942
3 0.5765128968253969 0.22602513227513227 0.044642857142857144 0.06448412698412699
5 0.8084077380952381 0.7971230158730159 0.0726686507936508 0.15244708994708994
5 0.35280257936507936 0.32705026455026454 0.026537698412698412 0.07341269841269842
3 0.48921130952380953 0.12808862433862434 0.02628968253968254 0.03019510582010582
0 0.10776289682539683 0.8227513227513228 0.04662698412698413 0.016203703703703703
0 0.37611607142857145 0.8832671957671958 0.05133928571428571 0.016865079365079364
0 0.24590773809523808 0.5881283068783069 0.030009920634920636 0.010582010582010581
1 0.67046875 0.4978637566137566 0.018519345238095238 0.013915343915343915
3 0.4255952380952381 0.16236772486772486 0.03819444444444445 0.04828042328042328
5 0.5931299603174603 0.1701388888888889 0.014632936507936508 0.0419973544973545
5 0.34089781746031744 0.35548941798941797 0.025297619047619048 0.08134920634920635
1 0.43725198412698413 0.44675925925925924 0.016121031746031748 0.010912698412698412
1 0.6443452380952381 0.3792989417989418 0.01314484126984127 0.011904761904761904
5 0.5778769841269841 0.16203703703703703 0.011656746031746032 0.03042328042328042
5 0.32428075396825395 0.35896164021164023 0.025793650793650792 0.046296296296296294
0 0.25607886904761906 0.3587962962962963 0.018353174603174604 0.008597883597883597
6 0.536966765873016 0.12589616402116402 0.04477678571428571 0.06385912698412699
5 0.5606374007936508 0.1581580687830688 0.010947420634920635 0.03680555555555556