3 0.9024522569444444 0.1953125 0.1558159722222222 0.18113425925925927
3 0.5065104166666666 0.23408564814814814 0.17252604166666666 0.16174768518518517
3 0.1519097222222222 0.5684317129629629 0.3038194444444444 0.33738425925925924
3 0.11610243055555555 0.8655960648148148 0.2322048611111111 0.26880787037037035
5 0.7245008680555556 0.5344328703703703 0.07964409722222222 0.2523148148148148
5 0.6219618055555556 0.47844328703703703 0.07378472222222222 0.2271412037037037
5 0.6384548611111112 0.3359375 0.0666232638888889 0.15538194444444445
5 0.7739800347222222 0.3090277777777778 0.051215277777777776 0.1724537037037037
5 0.6634114583333334 0.12803819444444445 0.0390625 0.11747685185185185
5 0.7203776041666666 0.15248842592592593 0.04014756944444445 0.12123842592592593
5 0.7803819444444444 0.09953703703703703 0.033203125 0.10850694444444445
5 0.4376085069444444 0.14612268518518517 0.049479166666666664 0.12210648148148148
5 0.5919053819444444 0.07494212962962964 0.030598958333333332 0.0998263888888889
5 0.8575303819444444 0.09519675925925926 0.035807291666666664 0.10821759259259259
5 0.9411892361111112 0.06105324074074074 0.03233506944444445 0.09346064814814815
5 0.9671223958333334 0.018518518518518517 0.026258680555555556 0.037037037037037035
5 0.15440538194444445 0.3421585648148148 0.0959201388888889 0.14583333333333334
5 0.7631293402777778 0.04123263888888889 0.030815972222222224 0.08246527777777778
0 0.45701171874999996 0.2812471064814815 0.027758246527777777 0.01394386574074074
5 0.283203125 0.9068287037037037 0.09375 0.1863425925925926
5 0.9287109375 0.02488425925925926 0.024522569444444444 0.04976851851851852
5 0.21983506944444445 0.9249131944444444 0.10894097222222222 0.14988425925925927
4 0.1371506076388889 0.1682957175925926 0.04865451388888889 0.08963252314814814
5 0.08532335069444445 0.12943287037037038 0.07145399305555555 0.082109375
4 0.311640625 0.10833043981481481 0.04224392361111111 0.08189525462962963
4 0.3392404513888889 0.07671296296296297 0.02436197916666667 0.04906828703703704
4 0.3620464409722222 0.09381655092592593 0.02125217013888889 0.06254340277777778
4 0.4232096354166667 0.08414062500000001 0.03317274305555556 0.053559027777777775
0 0.8744921875 0.23345775462962964 0.03160373263888889 0.012780671296296297