3 0.5259176587301587 0.6360780423280423 0.1865079365079365 0.33564814814814814
3 0.37351190476190477 0.30968915343915343 0.09226190476190477 0.13128306878306878
3 0.2000248015873016 0.2524801587301587 0.10838293650793651 0.10648148148148148
5 0.06721230158730158 0.37202380952380953 0.047867063492063495 0.12665343915343916
3 0.5596478174603174 0.13640873015873015 0.0441468253968254 0.05026455026455026
5 0.4554811507936508 0.37996031746031744 0.03993055555555555 0.12301587301587301
3 0.39273313492063494 0.12533068783068782 0.043402777777777776 0.04794973544973545
3 0.9800347222222222 0.31977513227513227 0.03993055555555555 0.10251322751322751
5 0.38764880952380953 0.38839285714285715 0.03546626984126984 0.11177248677248677
5 0.30778769841269843 0.25066137566137564 0.02554563492063492 0.07804232804232804
5 0.5500992063492064 0.3369708994708995 0.03125 0.10681216931216932
3 0.5538194444444444 0.07771164021164022 0.03844246031746032 0.04662698412698413
3 0.6490575396825397 0.06514550264550265 0.030009920634920636 0.0333994708994709
5 0.6910962301587301 0.2800925925925926 0.028769841269841268 0.09358465608465609
3 0.6170634920634921 0.045304232804232805 0.028273809523809524 0.030753968253968252
5 0.34077380952380953 0.22800925925925927 0.025297619047619048 0.07308201058201058
5 0.5482390873015873 0.27215608465608465 0.028273809523809524 0.06911375661375661
5 0.6499255952380952 0.22288359788359788 0.023561507936507936 0.07771164021164022
5 0.43601190476190477 0.2700066137566138 0.0248015873015873 0.08234126984126984
5 0.41877480158730157 0.17609126984126985 0.02058531746031746 0.061507936507936505
5 0.47532242063492064 0.28406084656084657 0.03050595238095238 0.09358465608465609
1 0.5178571428571429 0.7668650793650794 0.028521825396825396 0.025793650793650792
5 0.9668898809523809 0.19692460317460317 0.023313492063492064 0.06812169312169312
5 0.5006200396825397 0.14947089947089948 0.016617063492063492 0.05357142857142857
5 0.46986607142857145 0.14153439153439154 0.017361111111111112 0.055224867724867725
5 0.6607142857142857 0.13607804232804233 0.02058531746031746 0.056216931216931214
5 0.8091517857142857 0.10052910052910052 0.01636904761904762 0.050595238095238096
5 0.4279513888888889 0.11822089947089948 0.01636904761904762 0.045304232804232805
5 0.9761904761904762 0.09077380952380952 0.013640873015873016 0.03869047619047619
5 0.9440724206349206 0.12946428571428573 0.019593253968253968 0.052248677248677246
3 0.3865327380952381 0.04927248677248677 0.029017857142857144 0.031746031746031744
5 0.9593253968253969 0.1527777777777778 0.019593253968253968 0.06316137566137567
5 0.6980406746031746 0.2316468253968254 0.029513888888888888 0.07242063492063493
5 0.3541666666666667 0.13045634920634921 0.01711309523809524 0.04662698412698413
5 0.5091765873015873 0.061342592592592594 0.011408730158730158 0.03373015873015873
3 0.8110119047619048 0.00958994708994709 0.01984126984126984 0.01917989417989418
5 0.4713541666666667 0.23330026455026456 0.027281746031746032 0.051587301587301584
5 0.5246775793650794 0.07357804232804233 0.012648809523809524 0.03968253968253968
5 0.6917162698412699 0.19907407407407407 0.022817460317460316 0.05588624338624339
1 0.36752976190476194 0.35255291005291 0.014732142857142857 0.010813492063492065
5 0.46335813492063493 0.10131283068783069 0.015240575396825398 0.040634920634920635
5 0.4556299603174603 0.08046957671957672 0.013033234126984126 0.03898809523809524
4 0.11584573412698412 0.23493716931216932 0.024875992063492062 0.052757936507936504