3 0.7126736111111112 0.2953042328042328 0.09846230158730158 0.12764550264550265
3 0.45796130952380953 0.1529431216931217 0.07787698412698413 0.10978835978835978
3 0.6888640873015873 0.14583333333333334 0.07291666666666667 0.0873015873015873
3 0.5621279761904762 0.09986772486772487 0.05704365079365079 0.0625
5 0.20498511904761904 0.47784391534391535 0.057787698412698416 0.16732804232804233
5 0.5447668650793651 0.3878968253968254 0.044890873015873016 0.1455026455026455
5 0.17683531746031747 0.3791335978835979 0.053323412698412696 0.15046296296296297
5 0.2786458333333333 0.2847222222222222 0.04117063492063492 0.10912698412698413
5 0.3583829365079365 0.25826719576719576 0.031746031746031744 0.11177248677248677
3 0.8875248015873016 0.047453703703703706 0.035962301587301584 0.052248677248677246
5 0.20473710317460317 0.24189814814814814 0.034970238095238096 0.09556878306878307
5 0.38306051587301587 0.14434523809523808 0.0248015873015873 0.07605820105820106
5 0.6114831349206349 0.06927910052910052 0.018105158730158732 0.05654761904761905
5 0.5218253968253969 0.13111772486772486 0.01984126984126984 0.0701058201058201
5 0.27628968253968256 0.1466600529100529 0.02976190476190476 0.06977513227513228
5 0.3509424603174603 0.12251984126984126 0.022569444444444444 0.06977513227513228
5 0.5639880952380952 0.05042989417989418 0.01984126984126984 0.03968253968253968
6 0.7240823412698413 0.02166005291005291 0.043402777777777776 0.04332010582010582
5 0.5407986111111112 0.03257275132275132 0.016121031746031748 0.047619047619047616
5 0.6537698412698413 0.023974867724867725 0.013888888888888888 0.046296296296296294
5 0.5275297619047619 0.06663359788359788 0.017361111111111112 0.05654761904761905
5 0.4929315476190476 0.027943121693121693 0.014384920634920634 0.04927248677248677
5 0.5119047619047619 0.043154761904761904 0.02058531746031746 0.046957671957671955
1 0.7101934523809523 0.3306878306878307 0.018353174603174604 0.012896825396825396
5 0.6008184523809523 0.008432539682539682 0.01314484126984127 0.016865079365079364
5 0.6454613095238095 0.00992063492063492 0.014136904761904762 0.01984126984126984
5 0.4599454365079365 0.016865079365079364 0.016617063492063492 0.03373015873015873
5 0.38492063492063494 0.07159391534391535 0.018849206349206348 0.05555555555555555
5 0.9043898809523809 0.09044312169312169 0.011408730158730158 0.056878306878306875
5 0.020957341269841268 0.16385582010582012 0.041914682539682536 0.05291005291005291
5 0.5595238095238095 0.030753968253968252 0.015376984126984126 0.042328042328042326
1 0.44441964285714286 0.1913988095238095 0.01210813492063492 0.009302248677248676
0 0.6857539682539683 0.16683201058201058 0.01852926587301587 0.005992063492063492