3 0.5633680555555556 0.40261243386243384 0.1259920634920635 0.1636904761904762
5 0.8334573412698413 0.7665343915343915 0.07366071428571429 0.24503968253968253
3 0.2628968253968254 0.25810185185185186 0.13045634920634921 0.083994708994709
3 0.48648313492063494 0.35168650793650796 0.08928571428571429 0.11904761904761904
3 0.6906001984126984 0.27298280423280424 0.09449404761904762 0.11574074074074074
3 0.3743799603174603 0.21858465608465608 0.06696428571428571 0.07572751322751323
6 0.7490079365079365 0.39186507936507936 0.10887896825396826 0.21296296296296297
5 0.9609375 0.9208002645502645 0.07787698412698413 0.1583994708994709
5 0.23809523809523808 0.45882936507936506 0.04365079365079365 0.1345899470899471
6 0.4782986111111111 0.18898809523809523 0.07242063492063493 0.13128306878306878
3 0.9763144841269841 0.09507275132275132 0.04662698412698413 0.04431216931216931
3 0.6272321428571429 0.21164021164021163 0.06299603174603174 0.0796957671957672
2 0.5245535714285714 0.22933201058201058 0.08878968253968254 0.1402116402116402
5 0.029265873015873016 0.5958994708994709 0.05803571428571429 0.17493386243386244
5 0.9853670634920635 0.25925925925925924 0.029265873015873016 0.08961640211640212
5 0.2585565476190476 0.3816137566137566 0.04389880952380952 0.12003968253968254
3 0.6350446428571429 0.04183201058201058 0.031001984126984128 0.037037037037037035
3 0.5530753968253969 0.07126322751322751 0.03794642857142857 0.04365079365079365
5 0.6087549603174603 0.28918650793650796 0.031746031746031744 0.09325396825396826
5 0.7058531746031746 0.18601190476190477 0.024057539682539684 0.06746031746031746
3 0.5802331349206349 0.09656084656084656 0.037698412698412696 0.04431216931216931
3 0.5906498015873016 0.13921957671957672 0.04290674603174603 0.05588624338624339
3 0.6159474206349206 0.17080026455026456 0.05952380952380952 0.07242063492063493
6 0.3782738095238095 0.5143187830687831 0.17432043650793652 0.27616402116402117
1 0.35331349206349205 0.5885681216931217 0.02260664682539683 0.02222883597883598
3 0.38740079365079366 0.1703042328042328 0.05257936507936508 0.054563492063492064
5 0.6888640873015873 0.1056547619047619 0.017609126984126984 0.05026455026455026
3 0.6705109126984127 0.07936507936507936 0.03422619047619048 0.045965608465608467
5 0.6615823412698413 0.11392195767195767 0.016617063492063492 0.05125661375661376
5 0.47631448412698413 0.10333994708994709 0.017361111111111112 0.0419973544973545
5 0.41455853174603174 0.2058531746031746 0.0248015873015873 0.06746031746031746
5 0.6202876984126984 0.11226851851851852 0.017361111111111112 0.04794973544973545
5 0.2041170634920635 0.2541335978835979 0.03869047619047619 0.0796957671957672
3 0.9889632936507936 0.0291005291005291 0.0220734126984127 0.02943121693121693
3 0.47805059523809523 0.05191798941798942 0.03521825396825397 0.036044973544973546
0 0.7512400793650794 0.4601521164021164 0.028273809523809524 0.010912698412698412
5 0.9835069444444444 0.6669973544973545 0.03298611111111111 0.19576719576719576
0 0.5523313492063492 0.4489087301587302 0.029017857142857144 0.011574074074074073
1 0.9939236111111112 0.27728174603174605 0.008680555555555556 0.008928571428571428
5 0.2803819444444444 0.18270502645502645 0.023809523809523808 0.06646825396825397
0 0.49141121031746027 0.385 0.025481150793650792 0.009431216931216931
5 0.09412202380952381 0.27761243386243384 0.048859126984126984 0.07506613756613757
5 0.7766617063492064 0.2888558201058201 0.033482142857142856 0.07175925925925926
5 0.1949404761904762 0.21263227513227514 0.019097222222222224 0.041005291005291
1 0.3792162698412698 0.23842592592592593 0.011904761904761904 0.008597883597883597