3 0.5832248263888888 0.10026041666666667 0.16471354166666666 0.17476851851851852
3 0.2318793402777778 0.4398148148148148 0.21875 0.25983796296296297
5 0.5424262152777778 0.39467592592592593 0.06901041666666667 0.22511574074074073
5 0.3827039930555556 0.68359375 0.09722222222222222 0.30324074074074076
5 0.7421875 0.8553240740740741 0.11002604166666667 0.2881944444444444
5 0.7260199652777778 0.6605902777777778 0.09331597222222222 0.24537037037037038
5 0.7345920138888888 0.0826099537037037 0.048177083333333336 0.1394675925925926
5 0.9557291666666666 0.27705439814814814 0.057074652777777776 0.1892361111111111
5 0.09505208333333333 0.03935185185185185 0.03819444444444445 0.0787037037037037
5 0.9651692708333334 0.17549189814814814 0.05295138888888889 0.125
0 0.2507595486111111 0.5180844907407407 0.05078125 0.01880787037037037
0 0.6130295138888889 0.1523466435185185 0.03508897569444444 0.012144097222222221