3 0.3529730902777778 0.8300057870370371 0.1508246527777778 0.1909722222222222
2 0.7777777777777778 0.6678240740740741 0.3294270833333333 0.37905092592592593
3 0.3527560763888889 0.6180555555555556 0.10655381944444445 0.1293402777777778
3 0.4126519097222222 0.5154803240740741 0.09309895833333333 0.11458333333333333
3 0.4794921875 0.3880208333333333 0.06076388888888889 0.06799768518518519
5 0.5137803819444444 0.7144097222222222 0.046440972222222224 0.14988425925925927
5 0.4949001736111111 0.6100983796296297 0.035807291666666664 0.12268518518518519
3 0.3888888888888889 0.4010416666666667 0.0627170138888889 0.06539351851851852
5 0.5247395833333334 0.5108506944444444 0.028645833333333332 0.09780092592592593
5 0.3767361111111111 0.32016782407407407 0.018880208333333332 0.046296296296296294
3 0.5666232638888888 0.2907986111111111 0.03146701388888889 0.03530092592592592
5 0.5709635416666666 0.4092881944444444 0.023220486111111112 0.06597222222222222
3 0.4299045138888889 0.27546296296296297 0.031684027777777776 0.03443287037037037
5 0.6640625 0.40986689814814814 0.018663194444444444 0.0642361111111111
5 0.6328125 0.3722511574074074 0.018012152777777776 0.05324074074074074
1 0.3633897569444444 0.8427372685185185 0.027994791666666668 0.020543981481481483
1 0.3553602430555556 0.6283275462962963 0.01953125 0.014467592592592593
1 0.8471484375 0.8015277777777777 0.02228298611111111 0.023327546296296298
5 0.5593532986111112 0.3726851851851852 0.018663194444444444 0.05642361111111111
5 0.3051215277777778 0.4285300925925926 0.025607638888888888 0.08072916666666667
1 0.5206054687499999 0.7422337962962963 0.014008246527777777 0.015008680555555555
3 0.2839626736111111 0.38295717592592593 0.055338541666666664 0.06105324074074074
5 0.5537109375 0.3211805555555556 0.015625 0.04861111111111111
5 0.4833984375 0.2689525462962963 0.011284722222222222 0.03616898148148148
5 0.2878689236111111 0.40653935185185186 0.022786458333333332 0.07118055555555555
5 0.5090060763888888 0.26765046296296297 0.01171875 0.03587962962962963
1 0.4153862847222222 0.5169415509259259 0.016328125 0.01127025462962963
5 0.4102647569444444 0.2803819444444444 0.013454861111111112 0.041666666666666664
5 0.3145616319444444 0.3933738425925926 0.020182291666666668 0.06163194444444445
1 0.5276736111111111 0.5247337962962964 0.009273003472222222 0.007763310185185185
5 0.4555121527777778 0.2543402777777778 0.009982638888888888 0.03009259259259259
5 0.4976128472222222 0.2534722222222222 0.009982638888888888 0.03125
5 0.8774956597222222 0.39250578703703703 0.04513888888888889 0.05092592592592592
1 0.48310763888888886 0.3882523148148148 0.00900173611111111 0.00855324074074074
1 0.4960525173611111 0.6319733796296296 0.011284722222222222 0.010416666666666666
5 0.5376063368055556 0.2684201388888889 0.011664496527777778 0.03138310185185185
5 0.46627604166666664 0.2487962962962963 0.008470052083333334 0.02742766203703704
5 0.4109613715277778 0.26089699074074074 0.009852430555555555 0.02765625