3 0.4357638888888889 0.6579034391534392 0.18328373015873015 0.26322751322751325
5 0.8405257936507936 0.7713293650793651 0.07390873015873016 0.23445767195767195
3 0.5217013888888888 0.296957671957672 0.0763888888888889 0.09556878306878307
3 0.48115079365079366 0.23346560846560846 0.06522817460317461 0.07407407407407407
5 0.14000496031746032 0.5348875661375662 0.06299603174603174 0.1722883597883598
5 0.026785714285714284 0.7078373015873016 0.053323412698412696 0.21428571428571427
5 0.37686011904761907 0.35714285714285715 0.034970238095238096 0.1087962962962963
3 0.675843253968254 0.26438492063492064 0.07688492063492064 0.09821428571428571
3 0.4713541666666667 0.1509589947089947 0.047619047619047616 0.05191798941798942
3 0.6815476190476191 0.15906084656084657 0.043154761904761904 0.05125661375661376
1 0.41294642857142855 0.7448743386243386 0.030009920634920636 0.021825396825396824
3 0.8653273809523809 0.175760582010582 0.03521825396825397 0.05257936507936508
5 0.3196924603174603 0.24718915343915343 0.024305555555555556 0.0787037037037037
3 0.5755208333333334 0.1884920634920635 0.04811507936507937 0.07572751322751323
5 0.6214037698412699 0.21511243386243387 0.022321428571428572 0.07076719576719577
3 0.6707589285714286 0.12533068783068782 0.03422619047619048 0.04894179894179894
5 0.7188740079365079 0.1259920634920635 0.016121031746031748 0.044642857142857144
5 0.27492559523809523 0.28621031746031744 0.02554563492063492 0.08961640211640212
5 0.25768849206349204 0.2604166666666667 0.022569444444444444 0.0796957671957672
5 0.6351686507936508 0.1714616402116402 0.01711309523809524 0.05257936507936508
3 0.5943700396825397 0.06283068783068783 0.02628968253968254 0.03141534391534392
5 0.8709077380952381 0.20552248677248677 0.019097222222222224 0.06580687830687831
5 0.6460813492063492 0.22420634920634921 0.02058531746031746 0.06084656084656084
5 0.49975198412698413 0.17857142857142858 0.020089285714285716 0.0496031746031746
5 0.5280257936507936 0.11359126984126984 0.01488095238095238 0.046296296296296294
3 0.7139136904761905 0.04298941798941799 0.021081349206349208 0.023148148148148147
5 0.5159970238095238 0.1195436507936508 0.015376984126984126 0.04497354497354497
5 0.5620039682539683 0.13740079365079366 0.01636904761904762 0.04431216931216931
5 0.5818452380952381 0.1380621693121693 0.015625 0.028769841269841268
5 0.6102430555555556 0.1400462962962963 0.015376984126984126 0.046957671957671955
5 0.6310763888888888 0.0958994708994709 0.01314484126984127 0.040013227513227514
5 0.615203373015873 0.06845238095238096 0.011656746031746032 0.03306878306878307
1 0.6724950396825397 0.2934854497354497 0.012896825396825396 0.009259259259259259
5 0.6231398809523809 0.1527777777777778 0.016617063492063492 0.051587301587301584
5 0.6153273809523809 0.11243386243386243 0.014632936507936508 0.036044973544973546
0 0.5147271825396825 0.3206283068783069 0.020007440476190477 0.008267195767195767
5 0.6927083333333334 0.08349867724867725 0.012648809523809524 0.035383597883597885
5 0.7036210317460317 0.07903439153439154 0.012152777777777778 0.037037037037037035
5 0.6449652777777778 0.08498677248677249 0.01314484126984127 0.03902116402116402
5 0.6617063492063492 0.08647486772486772 0.012648809523809524 0.034722222222222224
5 0.716765873015873 0.0882936507936508 0.014384920634920634 0.03736772486772487
4 0.36540426587301583 0.1895601851851852 0.014605654761904762 0.059725529100529105
4 0.30393601190476194 0.20254298941798943 0.014362599206349205 0.06296957671957672