3 0.3118799603174603 0.3966600529100529 0.14087301587301587 0.16865079365079366
6 0.3671875 0.6144179894179894 0.22767857142857142 0.43386243386243384
3 0.48387896825396826 0.23561507936507936 0.08234126984126984 0.10251322751322751
3 0.20870535714285715 0.24107142857142858 0.10813492063492064 0.1078042328042328
5 0.8031994047619048 0.5582010582010583 0.056299603174603176 0.1822089947089947
3 0.9755704365079365 0.12566137566137567 0.048859126984126984 0.06183862433862434
3 0.589905753968254 0.11689814814814815 0.048859126984126984 0.06712962962962964
3 0.40141369047619047 0.11342592592592593 0.04389880952380952 0.049933862433862435
3 0.2864583333333333 0.1746031746031746 0.12549603174603174 0.0667989417989418
5 0.708953373015873 0.3462301587301587 0.03447420634920635 0.11507936507936507
5 0.21478174603174602 0.3230820105820106 0.036210317460317464 0.1111111111111111
5 0.5698164682539683 0.27728174603174605 0.0339781746031746 0.09854497354497355
5 0.7027529761904762 0.25826719576719576 0.031746031746031744 0.08796296296296297
5 0.6711309523809523 0.17741402116402116 0.020833333333333332 0.0710978835978836
5 0.4341517857142857 0.1714616402116402 0.019345238095238096 0.06349206349206349
3 0.6374007936507936 0.023313492063492064 0.023809523809523808 0.027447089947089946
5 0.30282738095238093 0.2337962962962963 0.025297619047619048 0.08134920634920635
5 0.3733878968253968 0.18171296296296297 0.023561507936507936 0.06878306878306878
5 0.5096726190476191 0.1552579365079365 0.022321428571428572 0.06117724867724868
5 0.32341269841269843 0.27744708994708994 0.02976190476190476 0.07903439153439154
5 0.8075396825396826 0.10367063492063493 0.01711309523809524 0.06646825396825397
5 0.5369543650793651 0.13657407407407407 0.017609126984126984 0.056216931216931214
5 0.4619295634920635 0.16468253968253968 0.01984126984126984 0.06316137566137567
5 0.48561507936507936 0.09408068783068783 0.015128968253968254 0.04298941798941799
5 0.47061011904761907 0.06994047619047619 0.014632936507936508 0.04298941798941799
0 0.2870610119047619 0.4519808201058201 0.02972718253968254 0.00972883597883598
5 0.5953621031746031 0.04927248677248677 0.012896825396825396 0.03869047619047619
5 0.6707589285714286 0.06283068783068783 0.015376984126984126 0.04332010582010582
3 0.3949652777777778 0.03902116402116402 0.028769841269841268 0.031084656084656083
5 0.5159970238095238 0.11078042328042328 0.017361111111111112 0.0496031746031746
5 0.5422867063492064 0.09705687830687831 0.015128968253968254 0.04497354497354497
0 0.1847718253968254 0.27298280423280424 0.018601190476190476 0.007275132275132275
5 0.9849950396825397 0.07804232804232804 0.015376984126984126 0.032407407407407406
5 0.6135912698412699 0.06927910052910052 0.012152777777777778 0.03902116402116402
5 0.6829117063492064 0.056216931216931214 0.012648809523809524 0.04728835978835979
5 0.5647321428571429 0.03091931216931217 0.011656746031746032 0.032407407407407406
0 0.34089781746031744 0.7991699735449735 0.04701884920634921 0.016438492063492065
1 0.47543402777777777 0.2646990740740741 0.012524801587301588 0.009460978835978837