3 0.5887586805555556 0.44212962962962965 0.2152777777777778 0.2265625
6 0.8301866319444444 0.2259837962962963 0.16688368055555555 0.26273148148148145
2 0.7147352430555556 0.13932291666666666 0.203125 0.2115162037037037
5 0.0632595486111111 0.6640625 0.10416666666666667 0.23755787037037038
3 0.9671223958333334 0.11009837962962964 0.06553819444444445 0.07725694444444445
5 0.2136501736111111 0.35575810185185186 0.05577256944444445 0.14641203703703703
5 0.9652777777777778 0.4578993055555556 0.05837673611111111 0.1707175925925926
5 0.6982421875 0.2526041666666667 0.0390625 0.11458333333333333
5 0.4590928819444444 0.2115162037037037 0.031684027777777776 0.0954861111111111
5 0.4942491319444444 0.19372106481481483 0.031684027777777776 0.09751157407407407
1 0.7928645833333333 0.3229224537037037 0.018237847222222225 0.013877314814814815
1 0.5359157986111112 0.5120081018518519 0.026692708333333332 0.01880787037037037
1 0.6655360243055556 0.22346354166666665 0.014463975694444445 0.010844907407407407
5 0.9013671875 0.024450231481481483 0.016493055555555556 0.04832175925925926
4 0.026321614583333333 0.3025173611111111 0.044246961805555554 0.09086226851851852
4 0.20100911458333334 0.2441898148148148 0.037011718750000006 0.08133969907407408
4 0.2266623263888889 0.21253761574074073 0.02195095486111111 0.05343171296296296
4 0.24874131944444444 0.2270023148148148 0.024249131944444443 0.06738715277777778