3 0.16121031746031747 0.5745701058201058 0.14955357142857142 0.22453703703703703
3 0.42373511904761907 0.6711309523809523 0.16567460317460317 0.2552910052910053
6 0.4286954365079365 0.3169642857142857 0.12450396825396826 0.18783068783068782
3 0.37723214285714285 0.46081349206349204 0.11284722222222222 0.14351851851851852
3 0.23350694444444445 0.39632936507936506 0.09424603174603174 0.11970899470899471
3 0.21292162698412698 0.24289021164021163 0.06770833333333333 0.08267195767195767
3 0.33606150793650796 0.2757936507936508 0.07043650793650794 0.08101851851851852
3 0.5162450396825397 0.2873677248677249 0.08903769841269842 0.08564814814814815
5 0.8779761904761905 0.62119708994709 0.06473214285714286 0.18088624338624337
3 0.2795138888888889 0.19196428571428573 0.05282738095238095 0.056216931216931214
3 0.45262896825396826 0.13442460317460317 0.06547619047619048 0.04265873015873016
5 0.038070436507936505 0.419973544973545 0.043154761904761904 0.11937830687830688
5 0.10193452380952381 0.4618055555555556 0.04389880952380952 0.13161375661375663
3 0.6387648809523809 0.1388888888888889 0.08209325396825397 0.03902116402116402
3 0.21242559523809523 0.14682539682539683 0.04290674603174603 0.0496031746031746
3 0.3116319444444444 0.16650132275132276 0.04861111111111111 0.047619047619047616
5 0.7046130952380952 0.2757936507936508 0.057539682539682536 0.07208994708994709
5 0.12586805555555555 0.36904761904761907 0.031001984126984128 0.10251322751322751
5 0.6875 0.3402777777777778 0.032242063492063495 0.09424603174603174
1 0.16431051587301587 0.6479828042328042 0.0248015873015873 0.018187830687830687
5 0.18092757936507936 0.17642195767195767 0.019097222222222224 0.05324074074074074
3 0.3009672619047619 0.1130952380952381 0.04712301587301587 0.0419973544973545
5 0.10404265873015874 0.2328042328042328 0.023313492063492064 0.06580687830687831
5 0.042782738095238096 0.2177579365079365 0.0220734126984127 0.06018518518518518
5 0.07527281746031746 0.2349537037037037 0.022569444444444444 0.06481481481481481
5 0.009672619047619048 0.5115740740740741 0.019097222222222224 0.13260582010582012
1 0.39112103174603174 0.503806216931217 0.018601190476190476 0.013888888888888888
5 0.0992063492063492 0.1800595238095238 0.017609126984126984 0.05026455026455026
1 0.23772321428571427 0.42824074074074076 0.01711309523809524 0.012235449735449735
0 0.4366319444444444 0.7622354497354498 0.04017857142857143 0.013558201058201057
5 0.13839285714285715 0.20238095238095238 0.020337301587301588 0.05853174603174603
5 0.14124503968253968 0.11491402116402116 0.01314484126984127 0.03935185185185185
5 0.15004960317460317 0.18501984126984128 0.017857142857142856 0.057539682539682536
5 0.1675347222222222 0.1130952380952381 0.012896825396825396 0.03835978835978836
3 0.6440972222222222 0.06580687830687831 0.04811507936507937 0.026455026455026454
5 0.7648809523809523 0.1519510582010582 0.03720238095238095 0.045965608465608467
5 0.32775297619047616 0.13607804232804233 0.01488095238095238 0.03835978835978836
1 0.45346230158730155 0.3858068783068783 0.014203869047619049 0.011669973544973544
0 0.5357316468253969 0.3115178571428571 0.0165625 0.007169312169312169
1 0.35203125 0.30072751322751323 0.011205357142857144 0.009457671957671958
2 0.26360119047619046 0.06827711640211641 0.07757936507936508 0.0550760582010582
3 0.2001984126984127 0.12115079365079366 0.030627480158730156 0.03005952380952381
5 0.26075148809523807 0.10758597883597883 0.011862599206349207 0.03506613756613757
3 0.22706845238095238 0.10587301587301588 0.038531746031746035 0.03164021164021164
5 0.36898313492063495 0.06087301587301588 0.016803075396825396 0.02222883597883598
5 0.45723214285714286 0.06399801587301587 0.01751736111111111 0.022334656084656086
6 0.691232638888889 0.05838293650793651 0.04833085317460318 0.03782407407407407
3 0.5694667658730159 0.06462962962962963 0.05137152777777778 0.018796296296296297