3 0.4452039930555556 0.1870659722222222 0.11046006944444445 0.1244212962962963
3 0.6688368055555556 0.1284722222222222 0.11002604166666667 0.11342592592592593
5 0.6103515625 0.8012152777777778 0.09092881944444445 0.3191550925925926
5 0.4415147569444444 0.5846354166666666 0.08246527777777778 0.24074074074074073
5 0.8314887152777778 0.5442708333333334 0.06749131944444445 0.22453703703703703
5 0.2797309027777778 0.4123263888888889 0.062065972222222224 0.17447916666666666
5 0.7475043402777778 0.017795138888888888 0.018663194444444444 0.035590277777777776
5 0.6753472222222222 0.03544560185185185 0.025607638888888888 0.06915509259259259
5 0.8257378472222222 0.0703125 0.024305555555555556 0.08362268518518519
5 0.8401692708333334 0.019386574074074073 0.020399305555555556 0.03877314814814815
0 0.6494227430555556 0.15952546296296297 0.022413194444444444 0.0068865740740740745