3 0.7724454365079365 0.5593584656084656 0.1783234126984127 0.2552910052910053
3 0.37450396825396826 0.36408730158730157 0.1545138888888889 0.21329365079365079
3 0.1817956349206349 0.5482804232804233 0.20188492063492064 0.2916666666666667
2 0.5823412698412699 0.2134589947089947 0.18253968253968253 0.30522486772486773
3 0.3872767857142857 0.10317460317460317 0.07415674603174603 0.08366402116402116
3 0.6651785714285714 0.14384920634920634 0.06969246031746032 0.10681216931216932
5 0.03050595238095238 0.3819444444444444 0.057787698412698416 0.16534391534391535
5 0.15166170634920634 0.25578703703703703 0.03844246031746032 0.12566137566137567
5 0.7471478174603174 0.20634920634920634 0.03298611111111111 0.1078042328042328
3 0.6228918650793651 0.02017195767195767 0.051835317460317464 0.04034391534391534
5 0.4174107142857143 0.1574074074074074 0.029265873015873016 0.09226190476190477
5 0.45982142857142855 0.09226190476190477 0.0248015873015873 0.07605820105820106
3 0.36408730158730157 0.023478835978835978 0.05357142857142857 0.046957671957671955
5 0.8818204365079365 0.02132936507936508 0.019593253968253968 0.04265873015873016
5 0.3273809523809524 0.05406746031746032 0.031994047619047616 0.06316137566137567
5 0.44419642857142855 0.01951058201058201 0.017857142857142856 0.03902116402116402
0 0.16034226190476192 0.6630291005291006 0.04538690476190476 0.01521164021164021
0 0.777405753968254 0.6536044973544973 0.04538690476190476 0.016203703703703703
5 0.4184027777777778 0.053075396825396824 0.022321428571428572 0.06448412698412699
4 0.015004960317460318 0.18683862433862433 0.029513888888888888 0.10747354497354497
5 0.5225694444444444 0.01636904761904762 0.021081349206349208 0.03273809523809524
5 0.48834325396825395 0.04927248677248677 0.022569444444444444 0.0667989417989418
1 0.5873015873015873 0.34771825396825395 0.01984126984126984 0.013888888888888888
5 0.5426587301587301 0.017361111111111112 0.017361111111111112 0.034722222222222224
5 0.4618055555555556 0.04646164021164021 0.02132936507936508 0.04828042328042328
5 0.4154265873015873 0.011739417989417989 0.01984126984126984 0.023478835978835978
0 0.34929315476190476 0.4351058201058201 0.03356150793650794 0.01236441798941799
4 0.05192460317460318 0.13423280423280423 0.027115575396825395 0.08153769841269841
4 0.12415426587301587 0.09840939153439153 0.020597718253968254 0.06204695767195767