2 0.400421626984127 0.2551256613756614 0.14558531746031747 0.20436507936507936
3 0.5639880952380952 0.44560185185185186 0.11607142857142858 0.15476190476190477
5 0.831969246031746 0.8220899470899471 0.08754960317460317 0.24305555555555555
5 0.22606646825396826 0.6656746031746031 0.057539682539682536 0.20105820105820105
5 0.2924107142857143 0.8817791005291006 0.09250992063492064 0.23644179894179895
3 0.5747767857142857 0.23958333333333334 0.061507936507936505 0.07671957671957672
5 0.8461061507936508 0.4742063492063492 0.051835317460317464 0.15244708994708994
3 0.4972718253968254 0.16782407407407407 0.046875 0.05324074074074074
5 0.7168898809523809 0.43154761904761907 0.043402777777777776 0.13194444444444445
5 0.6588541666666666 0.31101190476190477 0.03050595238095238 0.09689153439153439
3 0.8861607142857143 0.14963624338624337 0.03993055555555555 0.05720899470899471
3 0.5776289682539683 0.10697751322751323 0.036458333333333336 0.046957671957671955
3 0.8240327380952381 0.10218253968253968 0.033234126984126984 0.03505291005291005
3 0.6065228174603174 0.042328042328042326 0.023561507936507936 0.026455026455026454
5 0.7348710317460317 0.2533068783068783 0.023809523809523808 0.0796957671957672
4 0.08072916666666667 0.40244708994708994 0.033234126984126984 0.10978835978835978
5 0.8461061507936508 0.39186507936507936 0.03521825396825397 0.0796957671957672
3 0.5780009920634921 0.036375661375661374 0.02132936507936508 0.022486772486772486
3 0.5059523809523809 0.047453703703703706 0.024057539682539684 0.02546296296296296
5 0.03670634920634921 0.3619378306878307 0.0662202380952381 0.0873015873015873
5 0.30344742063492064 0.20453042328042328 0.03670634920634921 0.05720899470899471
3 0.8637152777777778 0.05555555555555555 0.02554563492063492 0.027777777777777776
1 0.3809424603174603 0.3424140211640212 0.01457093253968254 0.010443121693121693
3 0.6276041666666666 0.03654100529100529 0.021081349206349208 0.022156084656084655
0 0.560515873015873 0.49619708994708994 0.028769841269841268 0.011243386243386243
5 0.6463293650793651 0.08697089947089948 0.009672619047619048 0.03505291005291005
5 0.8880208333333334 0.09937169312169312 0.018849206349206348 0.035383597883597885