3 0.5884176587301587 0.8690476190476191 0.19618055555555555 0.2612433862433862
3 0.314484126984127 0.7369378306878307 0.13343253968253968 0.18617724867724866
3 0.3621031746031746 0.5755621693121693 0.09871031746031746 0.1349206349206349
2 0.07378472222222222 0.3844246031746032 0.1307043650793651 0.16997354497354497
3 0.44481646825396826 0.4599867724867725 0.08010912698412699 0.09986772486772487
3 0.30753968253968256 0.4409722222222222 0.06969246031746032 0.07771164021164022
5 0.1470734126984127 0.703042328042328 0.050347222222222224 0.15244708994708994
3 0.3446180555555556 0.382771164021164 0.05555555555555555 0.05886243386243386
5 0.7251984126984127 0.5100859788359788 0.053323412698412696 0.08564814814814815
5 0.5641121031746031 0.6721230158730159 0.050347222222222224 0.1349206349206349
3 0.5607638888888888 0.3382936507936508 0.0873015873015873 0.04298941798941799
5 0.878844246031746 0.609292328042328 0.03869047619047619 0.11607142857142858
5 0.8061755952380952 0.5697751322751323 0.034722222222222224 0.10681216931216932
5 0.1318204365079365 0.2865410052910053 0.028025793650793652 0.03835978835978836
5 0.053323412698412696 0.28604497354497355 0.032242063492063495 0.03273809523809524
5 0.22643849206349206 0.48478835978835977 0.030009920634920636 0.09193121693121693
3 0.3244047619047619 0.3063822751322751 0.038938492063492064 0.040674603174603176
5 0.7690972222222222 0.5052910052910053 0.03844246031746032 0.08366402116402116
5 0.6516617063492064 0.3559854497354497 0.03521825396825397 0.046957671957671955
5 0.9145585317460317 0.5049603174603174 0.054811507936507936 0.07605820105820106
5 0.1684027777777778 0.2994378306878307 0.015128968253968254 0.042328042328042326
6 0.6965525793650794 0.14102513227513228 0.12351190476190477 0.03833333333333334
1 0.3661904761904762 0.6102843915343915 0.016855158730158727 0.012235449735449735
5 0.19766865079365079 0.3255621693121693 0.018105158730158732 0.06316137566137567
5 0.24503968253968253 0.31084656084656087 0.018849206349206348 0.047619047619047616
5 0.4853670634920635 0.3192791005291005 0.023313492063492064 0.041005291005291
3 0.7614087301587301 0.27562830687830686 0.04935515873015873 0.02447089947089947
5 0.9471726190476191 0.5160383597883598 0.03993055555555555 0.07341269841269842
3 0.6501736111111112 0.15591931216931218 0.04836309523809524 0.01488095238095238
5 0.5028521825396826 0.3253968253968254 0.028521825396825396 0.040013227513227514
5 0.8030753968253969 0.36789021164021163 0.03670634920634921 0.04794973544973545
1 0.09176587301587301 0.4565145502645503 0.012152777777777778 0.007605820105820105
5 0.31919642857142855 0.31200396825396826 0.02554563492063492 0.03902116402116402
0 0.30964781746031744 0.7989351851851851 0.033754960317460315 0.011329365079365078