5 0.5740017361111112 0.4074074074074074 0.057291666666666664 0.16174768518518517
3 0.06705729166666667 0.1791087962962963 0.08984375 0.0931712962962963
5 0.9229600694444444 0.3460648148148148 0.044270833333333336 0.14033564814814814
5 0.6774088541666666 0.47193287037037035 0.054253472222222224 0.1675347222222222
5 0.6443142361111112 0.044849537037037035 0.047309027777777776 0.060474537037037035
5 0.7393663194444444 0.5337094907407407 0.0642361111111111 0.1519097222222222
5 0.7592230902777778 0.6396122685185185 0.07552083333333333 0.21585648148148148
5 0.4396701388888889 0.32913773148148145 0.045572916666666664 0.12789351851851852
5 0.7543402777777778 0.3289930555555556 0.04578993055555555 0.12789351851851852
6 0.9724392361111112 0.09968171296296297 0.05490451388888889 0.18113425925925927
5 0.7153862847222222 0.18663194444444445 0.033203125 0.09693287037037036
5 0.7227647569444444 0.27314814814814814 0.03732638888888889 0.11979166666666667
5 0.5658637152777778 0.18171296296296297 0.030815972222222224 0.10069444444444445
5 0.3423394097222222 0.15755208333333334 0.032552083333333336 0.08825231481481481
1 0.7772352430555556 0.6766493055555556 0.020833333333333332 0.021701388888888888
5 0.3681640625 0.1371527777777778 0.027994791666666668 0.0853587962962963
5 0.3780381944444444 0.019675925925925927 0.021267361111111112 0.0390625
4 0.8402777777777778 0.10691550925925926 0.03125 0.07465277777777778
5 0.5643446180555556 0.12109375 0.027126736111111112 0.06915509259259259
1 0.9303385416666666 0.36982060185185184 0.013454861111111112 0.01244212962962963
1 0.6886935763888888 0.4982638888888889 0.017144097222222224 0.017361111111111112
5 0.3220486111111111 0.011574074074074073 0.018663194444444444 0.023148148148148147
1 0.5908072916666667 0.44907118055555556 0.015924479166666665 0.015407986111111112
1 0.7219053819444444 0.20847800925925927 0.010633680555555556 0.008969907407407407
1 0.76654296875 0.3459143518518519 0.013671875 0.012942708333333332
1 0.7322048611111112 0.2963425925925926 0.012369791666666666 0.011284722222222222
1 0.3483224826388889 0.17474247685185185 0.009099392361111111 0.008969907407407407
1 0.5730186631944444 0.20413773148148148 0.010835503472222223 0.010127314814814815
1 0.07330078125 0.20038483796296294 0.015488281250000001 0.010888310185185187