3 0.8207465277777778 0.6245659722222222 0.21875 0.3055555555555556
3 0.9434678819444444 0.2416087962962963 0.11284722222222222 0.14872685185185186
3 0.6400824652777778 0.11140046296296297 0.1189236111111111 0.1310763888888889
5 0.294921875 0.8612557870370371 0.09440104166666667 0.27748842592592593
5 0.09266493055555555 0.4639756944444444 0.0666232638888889 0.19444444444444445
3 0.4797092013888889 0.06018518518518518 0.09765625 0.09809027777777778
5 0.09722222222222222 0.8883101851851852 0.103515625 0.2230902777777778
5 0.193359375 0.2427662037037037 0.04383680555555555 0.1423611111111111
5 0.24772135416666666 0.1205150462962963 0.03927951388888889 0.11226851851851852
5 0.09711371527777778 0.1831597222222222 0.03797743055555555 0.1267361111111111
5 0.064453125 0.5967881944444444 0.07378472222222222 0.23177083333333334
5 0.14344618055555555 0.09780092592592593 0.03407118055555555 0.1076388888888889
1 0.4636501736111111 0.7039930555555556 0.03732638888888889 0.02459490740740741
5 0.037760416666666664 0.05627893518518518 0.02734375 0.09866898148148148
5 0.5297309027777778 0.25708912037037035 0.04774305555555555 0.109375
1 0.8219401041666666 0.7152777777777778 0.0390625 0.025752314814814815
5 0.4337022569444444 0.1684027777777778 0.04383680555555555 0.1333912037037037
5 0.5985243055555556 0.04123263888888889 0.0390625 0.06915509259259259
0 0.6567925347222222 0.14380787037037038 0.025173611111111112 0.008680555555555556
5 0.051432291666666664 0.026331018518518517 0.028211805555555556 0.052662037037037035
2 0.4649522569444444 0.5089699074074074 0.2578125 0.4699074074074074
1 0.21705078125 0.015558449074074075 0.012690972222222222 0.010283564814814815
0 0.9915364583333334 0.28023726851851855 0.016927083333333332 0.010127314814814815
0 0.4958745659722222 0.08822627314814815 0.021566840277777777 0.006750578703703703