5 0.1457248263888889 0.8907696759259259 0.11675347222222222 0.21846064814814814
5 0.9535590277777778 0.5892650462962963 0.08051215277777778 0.2482638888888889
5 0.3225911458333333 0.46383101851851855 0.064453125 0.22193287037037038
5 0.5657552083333334 0.6429398148148148 0.130859375 0.27633101851851855
5 0.19227430555555555 0.3385416666666667 0.060112847222222224 0.19328703703703703
5 0.4856770833333333 0.12905092592592593 0.04405381944444445 0.1345486111111111
5 0.6616753472222222 0.051938657407407406 0.035807291666666664 0.10271990740740741
5 0.5773654513888888 0.10561342592592593 0.03927951388888889 0.13368055555555555
5 0.7514105902777778 0.21903935185185186 0.050347222222222224 0.15538194444444445
5 0.4222005208333333 0.06452546296296297 0.03993055555555555 0.12008101851851852
5 0.3515625 0.2282986111111111 0.04470486111111111 0.15162037037037038
5 0.2736545138888889 0.13049768518518517 0.036675347222222224 0.1284722222222222
5 0.24251302083333334 0.17954282407407407 0.043619791666666664 0.1345486111111111
5 0.3592664930555556 0.11009837962962964 0.041015625 0.12384259259259259
5 0.4027777777777778 0.20109953703703703 0.04904513888888889 0.15943287037037038
5 0.19368489583333334 0.09461805555555555 0.038628472222222224 0.12818287037037038
5 0.05262586805555555 0.20471643518518517 0.04665798611111111 0.15480324074074073
5 0.1003689236111111 0.03226273148148148 0.032552083333333336 0.06452546296296297
5 0.3254123263888889 0.04296875 0.03211805555555555 0.0859375
5 0.017252604166666668 0.12037037037037036 0.034505208333333336 0.1310763888888889
5 0.052408854166666664 0.046440972222222224 0.03428819444444445 0.09288194444444445
5 0.2592230902777778 0.018229166666666668 0.028211805555555556 0.03616898148148148
5 0.16666666666666666 0.027199074074074073 0.028645833333333332 0.054108796296296294
5 0.4253472222222222 0.015480324074074073 0.043402777777777776 0.030960648148148147
5 0.03396267361111111 0.06958912037037036 0.04318576388888889 0.09780092592592593