6 0.16939484126984128 0.47371031746031744 0.1875 0.23644179894179895
3 0.4616815476190476 0.2199074074074074 0.03794642857142857 0.04298941798941799
3 0.6103670634920635 0.2786044973544973 0.05084325396825397 0.05952380952380952
5 0.5167410714285714 0.5203373015873016 0.04092261904761905 0.12764550264550265
5 0.41517857142857145 0.5730820105820106 0.040426587301587304 0.14417989417989419
3 0.6439732142857143 0.2166005291005291 0.040674603174603176 0.052248677248677246
5 0.2805059523809524 0.3587962962962963 0.024057539682539684 0.07804232804232804
5 0.5688244047619048 0.4021164021164021 0.028521825396825396 0.08994708994708994
5 0.43353174603174605 0.47040343915343913 0.031746031746031744 0.11078042328042328
3 0.5938740079365079 0.20089285714285715 0.033482142857142856 0.03835978835978836
5 0.396453373015873 0.4174933862433862 0.03249007936507937 0.0992063492063492
5 0.33469742063492064 0.5459656084656085 0.046875 0.14087301587301587
3 0.5576636904761905 0.15856481481481483 0.025793650793650792 0.027777777777777776
5 0.4381200396825397 0.302744708994709 0.02058531746031746 0.06415343915343916
5 0.4730902777777778 0.3688822751322751 0.029017857142857144 0.08531746031746032
5 0.4720982142857143 0.304728835978836 0.018601190476190476 0.059854497354497355
5 0.5151289682539683 0.31712962962962965 0.0220734126984127 0.07142857142857142
5 0.5218253968253969 0.22337962962962962 0.01636904761904762 0.04497354497354497
5 0.4177827380952381 0.2802579365079365 0.01984126984126984 0.0582010582010582
5 0.4937996031746032 0.2564484126984127 0.01636904761904762 0.05125661375661376
5 0.5472470238095238 0.29728835978835977 0.02132936507936508 0.06613756613756613
5 0.5842013888888888 0.24189814814814814 0.015128968253968254 0.049933862433862435
3 0.6775793650793651 0.16898148148148148 0.031001984126984128 0.037037037037037035
5 0.822296626984127 0.2414021164021164 0.016865079365079364 0.05191798941798942
5 0.3852926587301587 0.3416005291005291 0.0248015873015873 0.07539682539682539
5 0.5282738095238095 0.1884920634920635 0.013640873015873016 0.037698412698412696
5 0.3978174603174603 0.31316137566137564 0.0220734126984127 0.06415343915343916
5 0.6775793650793651 0.19642857142857142 0.013640873015873016 0.04133597883597884
5 0.5359623015873016 0.2789351851851852 0.016121031746031748 0.05654761904761905
5 0.5151289682539683 0.27232142857142855 0.018353174603174604 0.04828042328042328
5 0.33023313492063494 0.27827380952380953 0.024553571428571428 0.054563492063492064
5 0.37996031746031744 0.19675925925925927 0.013392857142857142 0.037698412698412696
5 0.8375496031746031 0.2959656084656085 0.015376984126984126 0.06382275132275132
3 0.988219246031746 0.3100198412698413 0.023561507936507936 0.08267195767195767
5 0.5068204365079365 0.1767526455026455 0.011408730158730158 0.0333994708994709
3 0.031374007936507936 0.5119047619047619 0.06274801587301587 0.1421957671957672
5 0.9790426587301587 0.3814484126984127 0.011904761904761904 0.08531746031746032
5 0.5716765873015873 0.18237433862433863 0.012896825396825396 0.03736772486772487
5 0.6294642857142857 0.1896494708994709 0.012648809523809524 0.036044973544973546
5 0.6436011904761905 0.1767526455026455 0.011160714285714286 0.028769841269841268
1 0.1334672619047619 0.5627843915343915 0.019627976190476192 0.014404761904761906
5 0.6015625 0.1574074074074074 0.013888888888888888 0.03373015873015873
4 0.3592410714285714 0.20085978835978835 0.010478670634920634 0.03933201058201058