3 0.7470238095238095 0.6807208994708994 0.17559523809523808 0.27645502645502645
3 0.42311507936507936 0.8181216931216931 0.2269345238095238 0.3333333333333333
3 0.5135168650793651 0.5944113756613757 0.11904761904761904 0.17328042328042328
3 0.5085565476190477 0.4565145502645503 0.10094246031746032 0.13921957671957672
6 0.2095734126984127 0.517691798941799 0.23586309523809523 0.38822751322751325
3 0.6635664682539683 0.40625 0.09102182539682539 0.12797619047619047
6 0.4644097222222222 0.3263888888888889 0.11780753968253968 0.19576719576719576
3 0.6019345238095238 0.2962962962962963 0.058779761904761904 0.08035714285714286
3 0.6140873015873016 0.3445767195767196 0.06473214285714286 0.08333333333333333
5 0.7573164682539683 0.5171957671957672 0.040426587301587304 0.08300264550264551
5 0.9404761904761905 0.4072420634920635 0.030009920634920636 0.08994708994708994
5 0.024429563492063492 0.6400462962962963 0.048859126984126984 0.1626984126984127
3 0.5611359126984127 0.2037037037037037 0.03373015873015873 0.03670634920634921
3 0.6199156746031746 0.20816798941798942 0.03571428571428571 0.044642857142857144
3 0.5359623015873016 0.2845568783068783 0.03149801587301587 0.07572751322751323
5 0.07291666666666667 0.5548941798941799 0.04439484126984127 0.13525132275132276
3 0.42063492063492064 0.20535714285714285 0.03546626984126984 0.03935185185185185
5 0.6649305555555556 0.2845568783068783 0.01984126984126984 0.06316137566137567
5 0.7027529761904762 0.37218915343915343 0.026785714285714284 0.08234126984126984
5 0.3557787698412698 0.3978174603174603 0.0339781746031746 0.0873015873015873
0 0.7589285714285714 0.7915013227513228 0.04017857142857143 0.013888888888888888
5 0.39372519841269843 0.3232473544973545 0.023313492063492064 0.07242063492063493
0 0.3864087301587302 0.958994708994709 0.04861111111111111 0.017195767195767195
5 0.5281498015873016 0.21825396825396826 0.016121031746031748 0.04828042328042328
5 0.37016369047619047 0.3194444444444444 0.022569444444444444 0.06547619047619048
0 0.5110367063492064 0.658068783068783 0.030257936507936508 0.012235449735449735
5 0.6488095238095238 0.2488425925925926 0.01636904761904762 0.05092592592592592
5 0.3540426587301587 0.3002645502645503 0.019593253968253968 0.06084656084656084
5 0.6313244047619048 0.2787698412698413 0.019097222222222224 0.057539682539682536
1 0.16071428571428573 0.6822089947089947 0.025297619047619048 0.01488095238095238
1 0.4460689484126984 0.4061739417989418 0.013812003968253968 0.009517195767195768
5 0.6413690476190477 0.15773809523809523 0.011160714285714286 0.03009259259259259
0 0.6662673611111111 0.44600198412698416 0.023794642857142858 0.008128306878306877
5 0.6240079365079365 0.1691468253968254 0.012648809523809524 0.03439153439153439
1 0.9448164682539683 0.4224537037037037 0.00992063492063492 0.008928571428571428
0 0.5064508928571428 0.503015873015873 0.026624503968253967 0.009576719576719578
5 0.3448139880952381 0.26465939153439155 0.01972222222222222 0.05079034391534391
5 0.41203124999999996 0.2514021164021164 0.015478670634920633 0.041044973544973544
4 0.47734871031746035 0.19056878306878305 0.010409226190476191 0.03724206349206349
4 0.46084077380952376 0.1906382275132275 0.014122023809523808 0.03398809523809524
5 0.5224131944444445 0.17602843915343913 0.00959077380952381 0.03078042328042328
5 0.5380183531746031 0.18353174603174602 0.01070684523809524 0.030929232804232806
5 0.5521180555555555 0.1716435185185185 0.010374503968253969 0.03033399470899471
5 0.5420858134920635 0.15506944444444445 0.009481646825396825 0.024831349206349208
5 0.5744122023809525 0.16562169312169311 0.009930555555555555 0.027509920634920634
5 0.5809871031746031 0.1543287037037037 0.009258432539682539 0.026319444444444444
5 0.599437003968254 0.1601984126984127 0.008482142857142858 0.02646825396825397
5 0.6308680555555555 0.1547751322751323 0.008258928571428572 0.028105158730158727
3 0.7992137896825396 0.14134920634920634 0.02263888888888889 0.0289484126984127