3 0.25558035714285715 0.33101851851851855 0.14856150793650794 0.1722883597883598
3 0.08407738095238096 0.6668320105820106 0.16815476190476192 0.3158068783068783
3 0.6380208333333334 0.10945767195767196 0.08705357142857142 0.09755291005291006
2 0.5264136904761905 0.44113756613756616 0.28000992063492064 0.5152116402116402
3 0.03695436507936508 0.35367063492063494 0.07390873015873016 0.2619047619047619
3 0.4992559523809524 0.11706349206349206 0.08407738095238096 0.10416666666666667
5 0.13727678571428573 0.16683201058201058 0.042162698412698416 0.10912698412698413
5 0.38157242063492064 0.1605489417989418 0.037450396825396824 0.1130952380952381
3 0.8722718253968254 0.05720899470899471 0.03447420634920635 0.08267195767195767
5 0.5636160714285714 0.09953703703703703 0.03273809523809524 0.09523809523809523
5 0.5880456349206349 0.036375661375661374 0.025297619047619048 0.07242063492063493
5 0.34226190476190477 0.03488756613756614 0.025049603174603176 0.06944444444444445
5 0.42943948412698413 0.21626984126984128 0.04017857142857143 0.12268518518518519
1 0.5252976190476191 0.666005291005291 0.034970238095238096 0.022817460317460316
5 0.41083829365079366 0.3136574074074074 0.03943452380952381 0.14616402116402116
1 0.015376984126984126 0.7835648148148148 0.03050595238095238 0.026124338624338623
5 0.4625496031746032 0.03951719576719577 0.024553571428571428 0.07705026455026455
5 0.16034226190476192 0.09854497354497355 0.04365079365079365 0.09457671957671958
0 0.23387896825396826 0.3860780423280423 0.03670634920634921 0.011904761904761904
1 0.4991765873015873 0.1472718253968254 0.015548115079365078 0.0115244708994709